Theta (degrees)	Normalized Energy
0.000000000000000000e+00 3.417829581264205663e-01
1.152922337870296188e+00 3.420195177924395535e-01
2.305844675740592375e+00 3.427132203587963666e-01
3.458767013610888785e+00 3.438206103416557857e-01
4.611689351481184751e+00 3.452815323251445800e-01
5.764611689351481161e+00 3.470307692485342099e-01
6.917534027221777571e+00 3.490065397932563540e-01
8.070456365092075757e+00 3.511548876046308165e-01
9.223378702962369502e+00 3.534309261610171227e-01
1.037630104083266502e+01 3.557983194863638121e-01
1.152922337870296232e+01 3.582280396891304730e-01
1.268214571657325962e+01 3.606969895914112212e-01
1.383506805444355514e+01 3.631867546186617335e-01
1.498799039231385066e+01 3.656825684138125254e-01
1.614091273018415151e+01 3.681724935004879740e-01
1.729383506805444526e+01 3.706467872681844522e-01
1.844675740592473900e+01 3.730974168036201299e-01
1.959967974379503630e+01 3.755176890797025657e-01
2.075260208166533005e+01 3.779019689375536228e-01
2.190552441953563090e+01 3.802454633286174723e-01
2.305844675740592464e+01 3.825440554416690841e-01
2.421136909527622194e+01 3.847941764292727163e-01
2.536429143314651924e+01 3.869927055703148433e-01
2.651721377101681654e+01 3.891368920419764343e-01
2.767013610888711028e+01 3.912242932065470580e-01
2.882305844675740758e+01 3.932527255974189173e-01
2.997598078462770133e+01 3.952202257328547574e-01
3.112890312249799862e+01 3.971250185848911873e-01
3.228182546036830303e+01 3.989654920497276436e-01
3.343474779823858967e+01 4.007401761533272988e-01
3.458767013610889052e+01 4.024477260165475467e-01
3.574059247397918426e+01 4.040869078234704537e-01
3.689351481184947801e+01 4.056565872030610809e-01
3.804643714971977886e+01 4.071557195614254332e-01
3.919935948759007260e+01 4.085833419996264815e-01
4.035228182546037345e+01 4.099385665275024349e-01
4.150520416333066009e+01 4.112205743426073923e-01
4.265812650120096094e+01 4.124286109893106067e-01
4.381104883907126180e+01 4.135619822491553577e-01
4.496397117694155554e+01 4.146200506421138798e-01
4.611689351481184929e+01 4.156022324410745261e-01
4.726981585268215014e+01 4.165079951200105213e-01
4.842273819055244388e+01 4.173368551708813157e-01
4.957566052842274473e+01 4.180883762360605438e-01
5.072858286629303848e+01 4.187621675127000120e-01
5.188150520416332512e+01 4.193578823932244681e-01
5.303442754203363307e+01 4.198752173126122367e-01
5.418734987990391971e+01 4.203139107784621964e-01
5.534027221777422056e+01 4.206737425642885220e-01
5.649319455564451431e+01 4.209545330502692528e-01
5.764611689351481516e+01 4.211561426988880696e-01
5.879903923138510891e+01 4.212784716557094744e-01
5.995196156925540265e+01 4.213214594679784430e-01
6.110488390712570350e+01 4.212850849159864297e-01
6.225780624499599725e+01 4.211693659541805301e-01
6.341072858286629099e+01 4.209743597609825194e-01
6.456365092073660605e+01 4.207001628981889563e-01
6.571657325860689980e+01 4.203469115828126768e-01
6.686949559647717933e+01 4.199147820762381689e-01
6.802241793434747308e+01 4.194039911978191815e-01
6.917534027221778103e+01 4.188147969724465569e-01
7.032826261008807478e+01 4.181474994244132604e-01
7.148118494795836853e+01 4.174024415330546134e-01
7.263410728582866227e+01 4.165800103693845235e-01
7.378702962369895602e+01 4.156806384373252783e-01
7.493995196156924976e+01 4.147048052484028080e-01
7.609287429943955772e+01 4.136530391651018768e-01
7.724579663730985146e+01 4.125259195557923753e-01
7.839871897518014521e+01 4.113240793135242712e-01
7.955164131305045316e+01 4.100482078025883825e-01
8.070456365092074691e+01 4.086990543110370910e-01
8.185748598879102644e+01 4.072774321051675361e-01
8.301040832666132019e+01 4.057842232042400687e-01
8.416333066453162814e+01 4.042203840216702648e-01
8.531625300240192189e+01 4.025869520543543523e-01
8.646917534027221564e+01 4.008850538466912083e-01
8.762209767814252359e+01 3.991159145134264286e-01
8.877502001601281734e+01 3.972808691792917846e-01
8.992794235388311108e+01 3.953813767890126951e-01
9.108086469175340483e+01 3.934190368656241832e-01
9.223378702962369857e+01 3.913956099577547421e-01
9.338670936749399232e+01 3.893130427308321151e-01
9.453963170536430027e+01 3.871734989409997274e-01
9.569255404323459402e+01 3.849793979086316709e-01
9.684547638110488776e+01 3.827334626147351204e-01
9.799839871897519572e+01 3.804387802250904227e-01
9.915132105684548947e+01 3.780988787677196927e-01
1.003042433947157832e+02 3.757178249362511102e-01
1.014571657325860770e+02 3.733003496806925336e-01
1.026100880704563565e+02 3.708520105268866551e-01
1.037630104083266502e+02 3.683794026152940049e-01
1.049159327461969440e+02 3.658904344529513852e-01
1.060688550840672661e+02 3.633946894424018859e-01
1.072217774219375457e+02 3.609039002318842893e-01
1.083746997598078394e+02 3.584325689362999889e-01
1.095276220976781616e+02 3.559987696956688485e-01
1.106805444355484411e+02 3.536251645169409263e-01
1.118334667734187349e+02 3.513402351588357786e-01
1.129863891112890286e+02 3.491796564977234785e-01
1.141393114491593224e+02 3.471875671599784496e-01
1.152922337870296303e+02 3.454171822022086835e-01
1.164451561248999099e+02 3.439297459423211745e-01
1.175980784627702178e+02 3.427904557455263013e-01
1.187510008006405258e+02 3.420603080382944583e-01
1.199039231385108053e+02 3.417846104654537198e-01
1.210568454763811133e+02 3.419819184628767883e-01
1.222097678142514070e+02 3.426388674377984778e-01
1.233626901521217007e+02 3.437139324489132952e-01
1.245156124899919945e+02 3.451478823226933890e-01
1.256685348278623024e+02 3.468755397469567292e-01
1.268214571657325820e+02 3.488346162003951312e-01
1.279743795036028899e+02 3.509704218285052413e-01
1.291273018414732121e+02 3.532373180069922625e-01
1.302802241793434632e+02 3.555982987062720757e-01
1.314331465172137996e+02 3.580237801966776323e-01
1.325860688550840507e+02 3.604902214206138211e-01
1.337389911929543587e+02 3.629788601887686261e-01
1.348919135308246666e+02 3.654746602308437953e-01
1.360448358686949462e+02 3.679654748610622916e-01
1.371977582065652541e+02 3.704413989111626782e-01
1.383506805444355621e+02 3.728942725093102872e-01
1.395036028823058416e+02 3.753173027956228092e-01
1.406565252201761496e+02 3.777047754891940667e-01
1.418094475580464575e+02 3.800518342980098718e-01
1.429623698959167371e+02 3.823543114076657923e-01
1.441152922337870166e+02 3.846085964618743969e-01
1.452682145716573245e+02 3.868115346438328883e-01
1.464211369095276041e+02 3.889603468625119076e-01
1.475740592473979120e+02 3.910525668241235930e-01
1.487269815852682200e+02 3.930859910807036894e-01
1.498799039231384995e+02 3.950586391161802213e-01
1.510328262610088075e+02 3.969687212466833648e-01
1.521857485988791154e+02 3.988146126438023575e-01
1.533386709367493950e+02 4.005948321863173622e-01
1.544915932746197029e+02 4.023080251435706134e-01
1.556445156124900109e+02 4.039529489180527233e-01
1.567974379503602904e+02 4.055284612451630077e-01
1.579503602882305984e+02 4.070335103780460817e-01
1.591032826261009063e+02 4.084671268852562709e-01
1.602562049639711859e+02 4.098284167660996014e-01
1.614091273018414938e+02 4.111165556484503991e-01
1.625620496397117734e+02 4.123307838806307135e-01
1.637149719775820529e+02 4.134704023657753691e-01
1.648678943154523893e+02 4.145347690161940157e-01
1.660208166533226404e+02 4.155232957283452322e-01
1.671737389911929768e+02 4.164354457975343315e-01
1.683266613290632563e+02 4.172707317062573917e-01
1.694795836669335358e+02 4.180287132321274801e-01
1.706325060048038438e+02 4.187089958310379889e-01
1.717854283426741233e+02 4.193112292591787971e-01
1.729383506805444313e+02 4.198351064040772296e-01
1.740912730184147108e+02 4.202803623002310807e-01
1.752441953562850472e+02 4.206467733094481076e-01
1.763971176941552983e+02 4.209341564498346178e-01
1.775500400320256347e+02 4.211423688606021898e-01
1.787029623698959142e+02 4.212713073927248364e-01
1.798558847077662222e+02 4.213209083179460523e-01
1.810088070456365017e+02 4.212911471508846151e-01
1.821617293835068097e+02 4.211820385810758349e-01
1.833146517213770892e+02 4.209936365137096903e-01
1.844675740592473971e+02 4.207260342198327896e-01
1.856204963971177051e+02 4.203793645986491079e-01
1.867734187349879846e+02 4.199538005566693100e-01
1.879263410728582926e+02 4.194495555106028672e-01
1.890792634107286005e+02 4.188668840233362722e-01
1.902321857485988801e+02 4.182060825850590358e-01
1.913851080864691880e+02 4.174674905547453019e-01
1.925380304243394676e+02 4.166514912808723659e-01
1.936909527622097755e+02 4.157585134245755376e-01
1.948438751000800551e+02 4.147890325136401879e-01
1.959967974379503914e+02 4.137435727619469539e-01
1.971497197758206426e+02 4.126227091965759541e-01
1.983026421136909789e+02 4.114270701440176370e-01
1.994555644515612585e+02 4.101573401383195594e-01
2.006084867894315664e+02 4.088142633280428817e-01
2.017614091273018460e+02 4.073986474764111909e-01
2.029143314651721539e+02 4.059113686708506474e-01
2.040672538030424334e+02 4.043533768855878674e-01
2.052201761409127130e+02 4.027257025756576514e-01
2.063730984787830209e+02 4.010294645247530210e-01
2.075260208166533005e+02 3.992658792256319478e-01
2.086789431545236368e+02 3.974362721441849211e-01
2.098318654923938880e+02 3.955420913117822512e-01
2.109847878302642243e+02 3.935849238121470473e-01
2.121377101681345323e+02 3.915665158881115326e-01
2.132906325060048118e+02 3.894887976029711707e-01
2.144435548438750914e+02 3.873539132683757602e-01
2.155964771817453993e+02 3.851642592197705439e-01
2.167493995196156789e+02 3.829225310145425443e-01
2.179023218574859868e+02 3.806317827927951369e-01
2.190552441953563232e+02 3.782955024385451503e-01
2.202081665332265743e+02 3.759177073949021008e-01
2.213610888710968823e+02 3.735030676337253164e-01
2.225140112089671902e+02 3.710570645042642335e-01
2.236669335468374697e+02 3.685861971632635181e-01
2.248198558847077777e+02 3.660982522066097977e-01
2.259727782225780572e+02 3.636026571038375454e-01
2.271257005604483652e+02 3.611109439605843519e-01
2.282786228983186447e+02 3.586373562035423124e-01
2.294315452361889811e+02 3.561996345875493852e-01
2.305844675740592606e+02 3.538200145393103901e-01
2.317373899119295402e+02 3.515264413510801877e-01
2.328903122497998197e+02 3.493539379297341818e-01
2.340432345876701561e+02 3.473458998374834295e-01
2.351961569255404356e+02 3.455547943954428991e-01
2.363490792634107436e+02 3.440413013399871156e-01
2.375020016012810515e+02 3.428705414179760158e-01
2.386549239391513311e+02 3.421042700457298524e-01
2.398078462770216106e+02 3.417895666718006042e-01
2.409607686148919186e+02 3.419475278243942484e-01
2.421136909527622265e+02 3.425674283533876041e-01
2.432666132906325345e+02 3.436097499610126782e-01
2.444195356285028140e+02 3.450162699544684908e-01
2.455724579663730651e+02 3.467219127018256741e-01
2.467253803042434015e+02 3.486639145540366691e-01
2.478783026421137095e+02 3.507868613879469022e-01
2.490312249799839890e+02 3.530443589433854834e-01
2.501841473178543254e+02 3.553987223867766665e-01
2.513370696557246049e+02 3.578198024175965331e-01
2.524899919935948560e+02 3.602836052751257068e-01
2.536429143314651640e+02 3.627710138438111076e-01
2.547958366693355003e+02 3.652667161503619364e-01
2.559487590072057799e+02 3.677583518207797608e-01
2.571016813450760878e+02 3.702358497027520845e-01
2.582546036829464242e+02 3.726909203550605731e-01
2.594075260208166469e+02 3.751166690945977877e-01
2.605604483586869264e+02 3.775073009961045778e-01
2.617133706965572628e+02 3.798578953541030812e-01
2.628662930344275992e+02 3.821642324464876173e-01
2.640192153722978787e+02 3.844226597043253202e-01
2.651721377101681014e+02 3.866299876638247812e-01
2.663250600480384378e+02 3.887834085309669341e-01
2.674779823859087173e+02 3.908804320106682439e-01
2.686309047237790537e+02 3.929188343976919295e-01
2.697838270616493332e+02 3.948966179196796156e-01
2.709367493995196696e+02 3.968119780571978117e-01
2.720896717373898923e+02 3.986632771109268614e-01
2.732425940752602287e+02 4.004490226926550878e-01
2.743955164131305082e+02 4.021678501215369406e-01
2.755484387510007878e+02 4.038185079367965780e-01
2.767013610888711241e+02 4.053998459123202558e-01
2.778542834267414037e+02 4.069108050915002939e-01
2.790072057646116832e+02 4.083504094626992931e-01
2.801601281024819627e+02 4.097177589745117365e-01
2.813130504403522991e+02 4.110120236511354275e-01
2.824659727782225787e+02 4.122324386159832987e-01
2.836188951160929150e+02 4.133782998692180355e-01
2.847718174539631946e+02 4.144489606945241933e-01
2.859247397918334741e+02 4.154438285940176279e-01
2.870776621297037536e+02 4.163623626690048929e-01
2.882305844675740332e+02 4.172040713794082367e-01
2.893835068054443695e+02 4.179685106268695161e-01
2.905364291433146491e+02 4.186552821164706839e-01
2.916893514811849855e+02 4.192640319600675625e-01
2.928422738190552082e+02 4.197944494909095492e-01
2.939951961569255445e+02 4.202462662647072356e-01
2.951481184947958241e+02 4.206192552269135687e-01
2.963010408326661036e+02 4.209132300298515927e-01
2.974539631705364400e+02 4.211280444866221107e-01
2.986068855084067195e+02 4.212635921515904824e-01
2.997598078462769990e+02 4.213198060197647088e-01
3.009127301841472786e+02 4.212966583396236531e-01
3.020656525220176150e+02 4.211941605360666196e-01
3.032185748598878945e+02 4.210123632420989526e-01
3.043714971977582309e+02 4.207513564398315253e-01
3.055244195356284536e+02 4.204112697132915688e-01
3.066773418734987899e+02 4.199922726176016918e-01
3.078302642113690695e+02 4.194945751712391147e-01
3.089831865492394058e+02 4.189184284804987612e-01
3.101361088871096854e+02 4.182641255079940223e-01
3.112890312249800218e+02 4.175320020001102583e-01
3.124419535628502445e+02 4.167224375919575952e-01
3.135948759007205808e+02 4.158358571126563596e-01
3.147477982385908604e+02 4.148727321188647732e-01
3.159007205764611967e+02 4.138335826905977233e-01
3.170536429143314763e+02 4.127189795308778830e-01
3.182065652522018127e+02 4.115295464197885056e-01
3.193594875900720353e+02 4.102659630847348970e-01
3.205124099279423717e+02 4.089289685625033810e-01
3.216653322658126513e+02 4.075193651458678401e-01
3.228182546036829876e+02 4.060380230289467041e-01
3.239711769415532672e+02 4.044858857924374385e-01
3.251240992794235467e+02 4.028639769038608320e-01
3.262770216172938262e+02 4.011734074511412729e-01
3.274299439551641058e+02 3.994153853830192946e-01
3.285828662930344422e+02 3.975912266006136342e-01
3.297357886309047785e+02 3.957023683360180732e-01
3.308887109687750581e+02 3.937503853727423730e-01
3.320416333066452808e+02 3.917370098183909355e-01
3.331945556445156171e+02 3.896641553445337469e-01
3.343474779823859535e+02 3.875339470794761931e-01
3.355004003202562330e+02 3.853487586999433390e-01
3.366533226581265126e+02 3.831112587498607946e-01
3.378062449959967921e+02 3.808244688628546482e-01
3.389591673338670716e+02 3.784918374406247565e-01
3.401120896717374080e+02 3.761173335247628979e-01
3.412650120096076876e+02 3.737055672054436228e-01
3.424179343474779671e+02 3.712619450799693466e-01
3.435708566853482466e+02 3.687928721820537548e-01
3.447237790232186398e+02 3.663060156356243158e-01
3.458767013610888625e+02 3.638106501789141745e-01
3.470296236989591421e+02 3.613181115665852206e-01
3.481825460368294216e+02 3.588423899756414959e-01
3.493354683746998148e+02 3.564008996946726460e-01
3.504883907125700944e+02 3.540154580399524353e-01
3.516413130504403739e+02 3.517134834540736055e-01
3.527942353883105966e+02 3.495293561555177786e-01
3.539471577261809898e+02 3.475057340488115765e-01
3.551000800640512693e+02 3.456943315720386045e-01
3.562530024019215489e+02 3.441552384526799235e-01
3.574059247397918284e+02 3.429534444396218351e-01
3.585588470776621648e+02 3.421513833191111575e-01
3.597117694155324443e+02 3.417978243149807915e-01
3.608646917534027239e+02 3.419163622352329734e-01
3.620176140912730034e+02 3.424989336147001295e-01
3.631705364291433398e+02 3.435081003165574853e-01
3.643234587670136193e+02 3.448867331552525339e-01
3.654763811048839557e+02 3.465699225526238658e-01
3.666293034427541784e+02 3.484944641399021492e-01
3.677822257806244579e+02 3.506042302623779694e-01
3.689351481184947943e+02 3.528520682175443901e-01
3.700880704563650738e+02 3.551996058494982234e-01
3.712409927942354102e+02 3.576161185392110475e-01
3.723939151321056329e+02 3.600771508884973438e-01
3.735468374699759693e+02 3.625632234127230680e-01
3.746997598078462488e+02 3.650587425255772955e-01
3.758526821457165852e+02 3.675511295866334960e-01
3.770056044835869216e+02 3.700301439551019755e-01
3.781585268214572011e+02 3.724873639496502631e-01
3.793114491593274238e+02 3.749157910281903372e-01
3.804643714971977602e+02 3.773095480646491695e-01
3.816172938350680397e+02 3.796636487443878494e-01
3.827702161729383761e+02 3.819738205136942732e-01
3.839231385108086556e+02 3.842363678725035370e-01
3.850760608486789351e+02 3.864480661475508394e-01
3.862289831865492147e+02 3.886060783984694456e-01
3.873819055244195511e+02 3.907078899770560221e-01
3.885348278622898306e+02 3.927512566397538540e-01
3.896877502001601101e+02 3.947341631319570276e-01
3.908406725380303897e+02 3.966547899158628931e-01
3.919935948759007829e+02 3.985114862724523643e-01
3.931465172137710056e+02 4.003027484247220769e-01
3.942994395516412851e+02 4.020272016413848348e-01
3.954523618895115646e+02 4.036835855154389807e-01
3.966052842273819579e+02 4.052707417902722264e-01
3.977582065652522374e+02 4.067876042418848148e-01
3.989111289031225169e+02 4.082331902300843085e-01
4.000640512409927396e+02 4.096065936119938078e-01
4.012169735788631328e+02 4.109069787736632229e-01
4.023698959167334124e+02 4.121335755843485993e-01
4.035228182546036919e+02 4.132856751163432318e-01
4.046757405924739714e+02 4.143626260034687925e-01
4.058286629303443078e+02 4.153638313353465450e-01
4.069815852682145874e+02 4.162887460037578702e-01
4.081345076060848669e+02 4.171368744327623723e-01
4.092874299439551464e+02 4.179077686366783340e-01
4.104403522818254260e+02 4.186010265600936253e-01
4.115932746196957623e+02 4.192162906623103646e-01
4.127461969575660419e+02 4.197532467153761715e-01
4.138991192954363214e+02 4.202116227904424406e-01
4.150520416333066009e+02 4.205911884118710975e-01
4.162049639711769373e+02 4.208917538624143972e-01
4.173578863090472737e+02 4.211131696261540269e-01
4.185108086469175532e+02 4.212553259587629162e-01
4.196637309847877759e+02 4.213181525772157210e-01
4.208166533226581123e+02 4.213016184633147088e-01
4.219695756605284487e+02 4.212057317775470544e-01
4.231224979983987282e+02 4.210305398817075773e-01
4.242754203362690646e+02 4.207761294707275668e-01
4.254283426741393441e+02 4.204426268160162961e-01
4.265812650120096237e+02 4.200301981247214766e-01
4.277341873498799032e+02 4.195390500214142837e-01
4.288871096877501827e+02 4.189694301611299743e-01
4.300400320256205191e+02 4.183216279853383401e-01
4.311929543634907986e+02 4.175959756354903907e-01
4.323458767013610782e+02 4.167928490423810084e-01
4.334987990392313577e+02 4.159126692137470327e-01
4.346517213771016941e+02 4.149559037475616385e-01
4.358046437149719736e+02 4.139230686045319296e-01
4.369575660528422532e+02 4.128147301806252556e-01
4.381104883907126464e+02 4.116315077294076530e-01
4.392634107285829259e+02 4.103740761949409288e-01
4.404163330664531486e+02 4.090431695295740910e-01
4.415692554043234281e+02 4.076395845878093005e-01
4.427221777421937645e+02 4.061641857084515861e-01
4.438751000800641009e+02 4.046179101236863085e-01
4.450280224179343804e+02 4.030017743670675778e-01
4.461809447558046031e+02 4.013168818947250305e-01
4.473338670936749395e+02 3.995644321881568484e-01
4.484867894315452759e+02 3.977457316763026163e-01
4.496397117694155554e+02 3.958622069042170288e-01
4.507926341072858349e+02 3.939154204919846913e-01
4.519455564451561145e+02 3.919070905796424031e-01
4.530984787830264509e+02 3.898391146537404928e-01
4.542514011208967304e+02 3.877135989156705875e-01
4.554043234587670099e+02 3.855328947035729370e-01
4.565572457966372895e+02 3.832996439502189823e-01
4.577101681345075690e+02 3.810168362917198959e-01
4.588630904723779622e+02 3.786878812957442109e-01
4.600160128102481849e+02 3.763167004337003574e-01
4.611689351481185213e+02 3.739078449871598431e-01
4.623218574859887440e+02 3.714666481950841814e-01
4.634747798238590804e+02 3.689994227875855182e-01
4.646277021617294167e+02 3.665137188011963754e-01
4.657806244995996394e+02 3.640186613728987330e-01
4.669335468374700326e+02 3.615253940059084958e-01
4.680864691753403122e+02 3.590476589523112216e-01
4.692393915132105917e+02 3.566025508236436714e-01
4.703923138510808712e+02 3.542114771721882605e-01
4.715452361889510939e+02 3.519013391484115405e-01
4.726981585268214872e+02 3.497058836905401202e-01
4.738510808646917667e+02 3.476670369810717087e-01
4.750040032025621031e+02 3.458357566477789913e-01
4.761569255404323258e+02 3.442715190689064064e-01
4.773098478783026621e+02 3.430391311700061174e-01
4.784627702161729417e+02 3.422016260630784679e-01
4.796156925540432212e+02 3.418093793501280619e-01
4.807686148919136144e+02 3.418884366030192634e-01
4.819215372297838371e+02 3.424334128168630698e-01
4.830744595676541167e+02 3.434090206502325993e-01
4.842273819055244530e+02 3.447593100074380357e-01
4.853803042433946757e+02 3.464196041207548427e-01
4.865332265812650689e+02 3.483262946939389426e-01
4.876861489191352916e+02 3.504225528574218540e-01
4.888390712570056280e+02 3.526604654413744155e-01
4.899919935948759075e+02 3.550009647118340106e-01
4.911449159327461302e+02 3.574127409822450696e-01
4.922978382706165235e+02 3.598708681759944517e-01
4.934507606084868030e+02 3.623554968652405450e-01
4.946036829463570825e+02 3.648507458188645636e-01
4.957566052842274189e+02 3.673438134505881969e-01
4.969095276220975848e+02 3.698242860468961002e-01
4.980624499599679780e+02 3.722836069543467019e-01
4.992153722978382575e+02 3.747146716897082341e-01
5.003682946357086507e+02 3.771115193346848971e-01
5.015212169735788734e+02 3.794690967434725670e-01
5.026741393114492098e+02 3.817830775869981985e-01
5.038270616493194325e+02 3.840497227005533754e-01
5.049799839871897120e+02 3.862657716274729980e-01
5.061329063250601052e+02 3.884283578289194350e-01
5.072858286629303279e+02 3.905349419449912762e-01
5.084387510008006643e+02 3.925832589075273771e-01
5.095916733386710007e+02 3.945712757496231959e-01
5.107445956765412234e+02 3.964971577290835048e-01
5.118975180144115598e+02 3.983592409558621705e-01
5.130504403522817256e+02 4.001560101403405234e-01
5.142033626901521757e+02 4.018860803989171004e-01
5.153562850280223984e+02 4.035481822941018315e-01
5.165092073658928484e+02 4.051411494687434112e-01
5.176621297037630711e+02 4.066639083729521320e-01
5.188150520416332938e+02 4.081154696889075506e-01
5.199679743795036302e+02 4.094949211409283363e-01
5.211208967173738529e+02 4.108014214419637433e-01
5.222738190552443029e+02 4.120341951774621481e-01
5.234267413931145256e+02 4.131925284666189691e-01
5.245796637309847483e+02 4.142757652718717654e-01
5.257325860688551984e+02 4.152833042519606943e-01
5.268855084067253074e+02 4.162145960734091599e-01
5.280384307445957575e+02 4.170691411109552216e-01
5.291913530824659802e+02 4.178464874800843498e-01
5.303442754203362028e+02 4.185462293550819002e-01
5.314971977582066529e+02 4.191680055343616207e-01
5.326501200960768756e+02 4.197114982217412527e-01
5.338030424339472120e+02 4.201764319979486295e-01
5.349559647718174347e+02 4.205625729614373420e-01
5.361088871096877710e+02 4.208697280215278891e-01
5.372618094475581074e+02 4.210977443303008383e-01
5.384147317854283301e+02 4.212465088425874082e-01
5.395676541232986665e+02 4.213159479959637799e-01
5.407205764611690029e+02 4.213060275049607117e-01
5.418734987990393392e+02 4.212167522658069596e-01
5.430264211369095619e+02 4.210481663700063604e-01
5.441793434747797846e+02 4.208003532269923852e-01
5.453322658126501210e+02 4.204734357980485782e-01
5.464851881505204574e+02 4.200675769456882480e-01
5.476381104883907938e+02 4.195829799048305109e-01
5.487910328262610165e+02 4.190198888844908764e-01
5.499439551641313528e+02 4.183785898113245305e-01
5.510968775020015755e+02 4.176594112294052530e-01
5.522497998398719119e+02 4.168627253741380989e-01
5.534027221777422483e+02 4.159889494423625877e-01
5.545556445156124710e+02 4.150385470856580716e-01
5.557085668534828073e+02 4.140120301597822183e-01
5.568614891913531437e+02 4.129099607704390107e-01
5.580144115292233664e+02 4.117329536643062338e-01
5.591673338670937028e+02 4.104816790250866432e-01
5.603202562049639255e+02 4.091568657476728488e-01
5.614731785428342619e+02 4.077593052800366213e-01
5.626261008807045982e+02 4.062898561431327327e-01
5.637790232185748209e+02 4.047494492650135500e-01
5.649319455564451573e+02 4.031390942980351833e-01
5.660848678943154937e+02 4.014598871295579907e-01
5.672377902321858301e+02 3.997130188494412706e-01
5.683907125700560528e+02 3.978997865055840522e-01
5.695436349079263891e+02 3.960216060664283888e-01
5.706965572457966118e+02 3.940800281231633395e-01
5.718494795836669482e+02 3.920767570130551660e-01
5.730024019215372846e+02 3.900136742407264712e-01
5.741553242594075073e+02 3.878928673324544274e-01
5.753082465972778436e+02 3.857166656019891948e-01
5.764611689351480663e+02 3.834876847655664389e-01
5.776140912730184027e+02 3.812088829607394036e-01
5.787670136108887391e+02 3.788836315563250401e-01
5.799199359487589618e+02 3.765158052676270684e-01
5.810728582866292982e+02 3.741098976178530156e-01
5.822257806244996345e+02 3.716711698509102546e-01
5.833787029623699709e+02 3.692058441724547779e-01
5.845316253002401936e+02 3.667213558628100167e-01
5.856845476381104163e+02 3.642266835176603545e-01
5.868374699759807527e+02 3.617327823980080459e-01
5.879903923138510891e+02 3.592531520437740045e-01
5.891433146517214254e+02 3.568045740496897933e-01
5.902962369895916481e+02 3.544080544250452491e-01
5.914491593274619845e+02 3.520899865175402543e-01
5.926020816653322072e+02 3.498834934979695444e-01
5.937550040032025436e+02 3.478297762475219823e-01
5.949079263410728799e+02 3.459790328085134425e-01
5.960608486789431026e+02 3.443901048877230919e-01
5.972137710168134390e+02 3.431275673170653406e-01
5.983666933546837754e+02 3.422549752257689759e-01
5.995196156925539981e+02 3.418242261268552018e-01
6.006725380304243345e+02 3.418637643534097048e-01
6.018254603682945572e+02 3.423708945891613120e-01
6.029783827061650072e+02 3.433125477459816888e-01
6.041313050440352299e+02 3.446340387119021798e-01
6.052842273819054526e+02 3.462709925974025715e-01
6.064371497197757890e+02 3.481594364010977549e-01
6.075900720576461254e+02 3.502418540089213828e-01
6.087429943955164617e+02 3.524695705970344317e-01
6.098959167333866844e+02 3.548028148925598813e-01
6.110488390712569071e+02 3.572096824056344988e-01
6.122017614091273572e+02 3.596647672384883920e-01
6.133546837469975799e+02 3.621478423149392945e-01
6.145076060848679163e+02 3.646427326040929673e-01
6.156605284227381389e+02 3.671364087913520091e-01
6.168134507606085890e+02 3.696182804247075127e-01
6.179663730984788117e+02 3.720796530839366456e-01
6.191192954363490344e+02 3.745133142150006700e-01
6.202722177742193708e+02 3.769132174801733126e-01
6.214251401120895935e+02 3.792742416535510031e-01
6.225780624499600435e+02 3.815920056666340932e-01
6.237309847878302662e+02 3.838627259411802606e-01
6.248839071257004889e+02 3.860831056514887338e-01
6.260368294635709390e+02 3.882502481991759180e-01
6.271897518014411617e+02 3.903615891471590160e-01
6.283426741393114980e+02 3.924148423110397355e-01
6.294955964771817207e+02 3.944079567773893236e-01
6.306485188150519434e+02 3.963390824103188437e-01
6.318014411529223935e+02 3.982065419948343510e-01
6.329543634907926162e+02 4.000088086028244505e-01
6.341072858286629526e+02 4.017444870948433389e-01
6.352602081665331752e+02 4.034122989173311580e-01
6.364131305044036253e+02 4.050110695414779194e-01
6.375660528422738480e+02 4.065397180321341231e-01
6.387189751801440707e+02 4.079972483440615361e-01
6.398718975180145208e+02 4.093827420268492112e-01
6.410248198558847434e+02 4.106953520849113692e-01
6.421777421937550798e+02 4.119342977898298730e-01
6.433306645316253025e+02 4.130988602821348832e-01
6.444835868694955252e+02 4.141883788310747327e-01
6.456365092073659753e+02 4.152022476458755440e-01
6.467894315452361980e+02 4.161399131518682681e-01
6.479423538831065343e+02 4.170008716608320509e-01
6.490952762209767570e+02 4.177846673777640407e-01
6.502481985588470934e+02 4.184908906966962605e-01
6.514011208967174298e+02 4.191191767467107310e-01
6.525540432345876525e+02 4.196692041562630759e-01
6.537069655724581025e+02 4.201406940097003329e-01
6.548598879103282115e+02 4.205334089746676218e-01
6.560128102481986616e+02 4.208471525831137261e-01
6.571657325860688843e+02 4.210817686520678116e-01
6.583186549239391070e+02 4.212371408332983846e-01
6.594715772618095571e+02 4.213131922835590126e-01
6.606244995996796661e+02 4.213098854494482515e-01
6.617774219375501161e+02 4.212272219630302517e-01
6.629303442754203388e+02 4.210652426463649678e-01
6.640832666132905615e+02 4.208240276250141410e-01
6.652361889511610116e+02 4.205036965525586479e-01
6.663891112890312343e+02 4.201044089501426160e-01
6.675420336269015706e+02 4.196263646672048764e-01
6.686949559647719070e+02 4.190698044718937920e-01
6.698478783026421297e+02 4.184350107822939480e-01
6.710008006405124661e+02 4.177223085525434976e-01
6.721537229783826888e+02 4.169320663314625142e-01
6.733066453162530252e+02 4.160646975153468041e-01
6.744595676541233615e+02 4.151206618215034783e-01
6.756124899919935842e+02 4.141004670149242561e-01
6.767654123298639206e+02 4.130046709276182226e-01
6.779183346677341433e+02 4.118338838187475814e-01
6.790712570056044797e+02 4.105887711343470525e-01
6.802241793434748161e+02 4.092700567384658927e-01
6.813771016813450387e+02 4.078785267038556039e-01
6.825300240192153751e+02 4.064150337705706439e-01
6.836829463570857115e+02 4.048805026062750057e-01
6.848358686949559342e+02 4.032759360341389709e-01
6.859887910328262706e+02 4.016024224348354044e-01
6.871417133706964933e+02 3.998611445810364984e-01
6.882946357085668296e+02 3.980533902293176829e-01
6.894475580464372797e+02 3.961805648801643431e-01
6.906004803843073887e+02 3.942442072281667764e-01
6.917534027221777251e+02 3.922460079698273372e-01
6.929063250600479478e+02 3.901878328273741814e-01
6.940592473979182842e+02 3.880717508992421738e-01
6.952121697357887342e+02 3.859000697831693749e-01
6.963650920736588432e+02 3.836753793659462564e-01
6.975180144115292933e+02 3.814006067757414464e-01
6.986709367493996297e+02 3.790790858048920242e-01
6.998238590872697387e+02 3.767146452098045772e-01
7.009767814251401887e+02 3.743117217832599986e-01
7.021297037630102977e+02 3.718755061077856361e-01
7.032826261008807478e+02 3.694121316043835201e-01
7.044355484387510842e+02 3.669289210761968456e-01
7.055884707766211932e+02 3.644347095690076976e-01
7.067413931144916432e+02 3.619402680223278157e-01
7.078943154523619796e+02 3.594588583664081183e-01
7.090472377902322023e+02 3.570069557114177727e-01
7.102001601281025387e+02 3.546051726174685448e-01
7.113530824659726477e+02 3.522794040425809570e-01
7.125060048038430978e+02 3.500621589866924066e-01
7.136589271417134341e+02 3.479939198934371980e-01
7.148118494795836568e+02 3.461241235301767416e-01
7.159647718174539932e+02 3.445109575572911087e-01
7.171176941553243296e+02 3.432187179890634487e-01
7.182706164931945523e+02 3.423114065438438436e-01
7.194235388310648887e+02 3.418423574016034028e-01
7.205764611689351113e+02 3.418423574016035693e-01
7.217293835068054477e+02 3.423114065438436771e-01
7.228823058446757841e+02 3.432187179890631712e-01
7.240352281825460068e+02 3.445109575572909977e-01
7.251881505204163432e+02 3.461241235301768526e-01
7.263410728582866795e+02 3.479939198934373645e-01
7.274939951961569022e+02 3.500621589866924066e-01
7.286469175340272386e+02 3.522794040425806794e-01
7.297998398718974613e+02 3.546051726174683782e-01
7.309527622097679114e+02 3.570069557114183834e-01
7.321056845476381341e+02 3.594588583664079517e-01
7.332586068855083568e+02 3.619402680223274271e-01
7.344115292233786931e+02 3.644347095690078087e-01
7.355644515612489158e+02 3.669289210761968456e-01
7.367173738991193659e+02 3.694121316043835201e-01
7.378702962369895886e+02 3.718755061077853585e-01
7.390232185748598113e+02 3.743117217832599986e-01
7.401761409127301476e+02 3.767146452098041332e-01
7.413290632506004840e+02 3.790790858048921352e-01
7.424819855884708204e+02 3.814006067757414464e-01
7.436349079263410431e+02 3.836753793659462564e-01
7.447878302642112658e+02 3.859000697831693749e-01
7.459407526020817158e+02 3.880717508992420073e-01
7.470936749399519385e+02 3.901878328273738483e-01
7.482465972778222749e+02 3.922460079698270596e-01
7.493995196156924976e+02 3.942442072281666654e-01
7.505524419535629477e+02 3.961805648801642321e-01
7.517053642914331704e+02 3.980533902293175719e-01
7.528582866293033931e+02 3.998611445810366649e-01
7.540112089671738431e+02 4.016024224348352933e-01
7.551641313050440658e+02 4.032759360341389709e-01
7.563170536429144022e+02 4.048805026062750057e-01
7.574699759807846249e+02 4.064150337705700888e-01
7.586228983186548476e+02 4.078785267038550488e-01
7.597758206565252976e+02 4.092700567384657817e-01
7.609287429943955203e+02 4.105887711343474966e-01
7.620816653322658567e+02 4.118338838187475814e-01
7.632345876701360794e+02 4.130046709276183337e-01
7.643875100080064158e+02 4.141004670149242561e-01
7.655404323458767522e+02 4.151206618215036448e-01
7.666933546837469748e+02 4.160646975153463600e-01
7.678462770216173112e+02 4.169320663314620701e-01
7.689991993594876476e+02 4.177223085525440527e-01
7.701521216973578703e+02 4.184350107822942255e-01
7.713050440352282067e+02 4.190698044718942361e-01
7.724579663730984294e+02 4.196263646672045988e-01
7.736108887109687657e+02 4.201044089501426160e-01
7.747638110488391021e+02 4.205036965525590920e-01
7.759167333867093248e+02 4.208240276250141410e-01
7.770696557245796612e+02 4.210652426463649678e-01
7.782225780624498839e+02 4.212272219630306958e-01
7.793755004003202203e+02 4.213098854494479739e-01
7.805284227381905566e+02 4.213131922835590126e-01
7.816813450760607793e+02 4.212371408332986622e-01
7.828342674139311157e+02 4.210817686520678116e-01
7.839871897518015658e+02 4.208471525831137261e-01
7.851401120896716748e+02 4.205334089746676218e-01
7.862930344275420111e+02 4.201406940097006104e-01
7.874459567654124612e+02 4.196692041562624653e-01
7.885988791032825702e+02 4.191191767467108975e-01
7.897518014411530203e+02 4.184908906966962605e-01
7.909047237790231293e+02 4.177846673777640407e-01
7.920576461168934657e+02 4.170008716608320509e-01
7.932105684547639157e+02 4.161399131518681016e-01
7.943634907926340247e+02 4.152022476458750999e-01
7.955164131305044748e+02 4.141883788310747327e-01
7.966693354683748112e+02 4.130988602821348832e-01
7.978222578062450339e+02 4.119342977898305946e-01
7.989751801441153702e+02 4.106953520849123684e-01
8.001281024819854792e+02 4.093827420268494888e-01
8.012810248198559293e+02 4.079972483440615361e-01
8.024339471577262657e+02 4.065397180321338455e-01
8.035868694955964884e+02 4.050110695414779194e-01
8.047397918334668248e+02 4.034122989173308804e-01
8.058927141713370474e+02 4.017444870948434499e-01
8.070456365092073838e+02 4.000088086028241730e-01
8.081985588470777202e+02 3.982065419948346285e-01
8.093514811849479429e+02 3.963390824103191212e-01
8.105044035228182793e+02 3.944079567773899342e-01
8.116573258606886156e+02 3.924148423110400130e-01
8.128102481985588383e+02 3.903615891471590160e-01
8.139631705364291747e+02 3.882502481991761956e-01
8.151160928742993974e+02 3.860831056514886228e-01
8.162690152121697338e+02 3.838627259411805381e-01
8.174219375500400702e+02 3.815920056666345372e-01
8.185748598879102929e+02 3.792742416535516137e-01
8.197277822257806292e+02 3.769132174801734791e-01
8.208807045636508519e+02 3.745133142150005034e-01
8.220336269015211883e+02 3.720796530839362570e-01
8.231865492393915247e+02 3.696182804247076792e-01
8.243394715772617474e+02 3.671364087913520091e-01
8.254923939151320837e+02 3.646427326040928563e-01
8.266453162530024201e+02 3.621478423149398496e-01
8.277982385908726428e+02 3.596647672384885586e-01
8.289511609287430929e+02 3.572096824056348319e-01
8.301040832666132019e+02 3.548028148925598813e-01
8.312570056044836520e+02 3.524695705970344317e-01
8.324099279423538746e+02 3.502418540089216603e-01
8.335628502802240973e+02 3.481594364010980325e-01
8.347157726180945474e+02 3.462709925974028491e-01
8.358686949559646564e+02 3.446340387119024573e-01
8.370216172938351065e+02 3.433125477459814112e-01
8.381745396317054428e+02 3.423708945891615896e-01
8.393274619695755518e+02 3.418637643534101489e-01
8.404803843074460019e+02 3.418242261268550353e-01
8.416333066453162246e+02 3.422549752257688094e-01
8.427862289831865610e+02 3.431275673170653406e-01
8.439391513210568974e+02 3.443901048877228144e-01
8.450920736589272337e+02 3.459790328085132760e-01
8.462449959967974564e+02 3.478297762475222599e-01
8.473979183346677928e+02 3.498834934979698774e-01
8.485508406725381292e+02 3.520899865175398102e-01
8.497037630104083519e+02 3.544080544250449161e-01
8.508566853482786883e+02 3.568045740496904039e-01
8.520096076861489109e+02 3.592531520437733938e-01
8.531625300240192473e+02 3.617327823980077683e-01
8.543154523618895837e+02 3.642266835176605211e-01
8.554683746997598064e+02 3.667213558628098502e-01
8.566212970376301428e+02 3.692058441724550555e-01
8.577742193755003655e+02 3.716711698509102546e-01
8.589271417133707018e+02 3.741098976178527380e-01
8.600800640512410382e+02 3.765158052676266243e-01
8.612329863891112609e+02 3.788836315563247070e-01
8.623859087269815973e+02 3.812088829607389595e-01
8.635388310648518200e+02 3.834876847655659948e-01
8.646917534027221564e+02 3.857166656019891948e-01
8.658446757405924927e+02 3.878928673324541498e-01
8.669975980784627154e+02 3.900136742407263046e-01
8.681505204163330518e+02 3.920767570130557766e-01
8.693034427542033882e+02 3.940800281231636171e-01
8.704563650920737246e+02 3.960216060664282223e-01
8.716092874299439472e+02 3.978997865055837746e-01
8.727622097678141699e+02 3.997130188494412706e-01
8.739151321056845063e+02 4.014598871295584348e-01
8.750680544435548427e+02 4.031390942980356273e-01
8.762209767814252928e+02 4.047494492650134390e-01
8.773738991192954018e+02 4.062898561431323996e-01
8.785268214571658518e+02 4.077593052800366213e-01
8.796797437950360745e+02 4.091568657476729598e-01
8.808326661329062972e+02 4.104816790250864766e-01
8.819855884707767473e+02 4.117329536643056231e-01
8.831385108086468563e+02 4.129099607704384556e-01
8.842914331465173063e+02 4.140120301597821073e-01
8.854443554843875290e+02 4.150385470856579051e-01
8.865972778222577517e+02 4.159889494423628653e-01
8.877502001601282018e+02 4.168627253741379324e-01
8.889031224979984245e+02 4.176594112294055305e-01
8.900560448358687609e+02 4.183785898113246415e-01
8.912089671737390972e+02 4.190198888844907654e-01
8.923618895116092062e+02 4.195829799048309550e-01
8.935148118494796563e+02 4.200675769456884145e-01
8.946677341873498790e+02 4.204734357980485782e-01
8.958206565252202154e+02 4.208003532269923852e-01
8.969735788630905517e+02 4.210481663700059163e-01
8.981265012009607744e+02 4.212167522658072372e-01
8.992794235388311108e+02 4.213060275049607117e-01
9.004323458767013335e+02 4.213159479959636133e-01
9.015852682145716699e+02 4.212465088425872417e-01
9.027381905524420063e+02 4.210977443303007273e-01
9.038911128903122290e+02 4.208697280215278891e-01
9.050440352281825653e+02 4.205625729614373420e-01
9.061969575660529017e+02 4.201764319979489071e-01
9.073498799039231244e+02 4.197114982217414192e-01
9.085028022417934608e+02 4.191680055343620648e-01
9.096557245796636835e+02 4.185462293550814561e-01
9.108086469175340198e+02 4.178464874800849604e-01
9.119615692554044699e+02 4.170691411109550550e-01
9.131144915932745789e+02 4.162145960734082717e-01
9.142674139311449153e+02 4.152833042519611384e-01
9.154203362690151380e+02 4.142757652718723205e-01
9.165732586068854744e+02 4.131925284666188580e-01
9.177261809447559244e+02 4.120341951774619815e-01
9.188791032826262608e+02 4.108014214419637433e-01
9.200320256204963698e+02 4.094949211409281697e-01
9.211849479583665925e+02 4.081154696889079947e-01
9.223378702962370426e+02 4.066639083729518545e-01
9.234907926341072653e+02 4.051411494687437997e-01
9.246437149719774879e+02 4.035481822941016650e-01
9.257966373098479380e+02 4.018860803989167674e-01
9.269495596477181607e+02 4.001560101403412451e-01
9.281024819855883834e+02 3.983592409558614489e-01
9.292554043234588335e+02 3.964971577290833382e-01
9.304083266613291698e+02 3.945712757496238066e-01
9.315612489991992788e+02 3.925832589075276546e-01
9.327141713370697289e+02 3.905349419449912762e-01
9.338670936749400653e+02 3.884283578289197125e-01
9.350200160128101743e+02 3.862657716274724429e-01
9.361729383506806244e+02 3.840497227005534864e-01
9.373258606885508470e+02 3.817830775869974769e-01
9.384787830264211834e+02 3.794690967434718454e-01
9.396317053642912924e+02 3.771115193346850081e-01
9.407846277021617425e+02 3.747146716897091223e-01
9.419375500400320789e+02 3.722836069543461468e-01
9.430904723779021879e+02 3.698242860468965443e-01
9.442433947157726379e+02 3.673438134505881969e-01
9.453963170536429743e+02 3.648507458188647301e-01
9.465492393915130833e+02 3.623554968652408226e-01
9.477021617293835334e+02 3.598708681759948957e-01
9.488550840672538698e+02 3.574127409822450696e-01
9.500080064051242061e+02 3.550009647118341771e-01
9.511609287429944288e+02 3.526604654413748596e-01
9.523138510808646515e+02 3.504225528574218540e-01
9.534667734187351016e+02 3.483262946939391091e-01
9.546196957566053243e+02 3.464196041207551202e-01
9.557726180944755470e+02 3.447593100074384798e-01
9.569255404323458833e+02 3.434090206502324882e-01
9.580784627702163334e+02 3.424334128168627922e-01
9.592313851080864424e+02 3.418884366030189859e-01
9.603843074459567788e+02 3.418093793501279509e-01
9.615372297838272289e+02 3.422016260630787454e-01
9.626901521216973379e+02 3.430391311700061174e-01
9.638430744595676742e+02 3.442715190689062954e-01
9.649959967974380106e+02 3.458357566477789913e-01
9.661489191353082333e+02 3.476670369810717087e-01
9.673018414731784560e+02 3.497058836905403978e-01
9.684547638110489061e+02 3.519013391484114295e-01
9.696076861489192424e+02 3.542114771721882605e-01
9.707606084867893514e+02 3.566025508236433383e-01
9.719135308246596878e+02 3.590476589523110551e-01
9.730664531625301379e+02 3.615253940059088289e-01
9.742193755004002469e+02 3.640186613728986220e-01
9.753722978382705833e+02 3.665137188011962643e-01
9.765252201761410333e+02 3.689994227875849631e-01
9.776781425140112560e+02 3.714666481950841814e-01
9.788310648518813650e+02 3.739078449871598431e-01
9.799839871897518151e+02 3.763167004337003574e-01
9.811369095276221515e+02 3.786878812957440443e-01
9.822898318654922605e+02 3.810168362917196183e-01
9.834427542033627105e+02 3.832996439502189823e-01
9.845956765412330469e+02 3.855328947035729370e-01
9.857485988791032696e+02 3.877135989156704210e-01
9.869015212169736060e+02 3.898391146537403262e-01
9.880544435548439424e+02 3.919070905796419590e-01
9.892073658927141651e+02 3.939154204919849689e-01
9.903602882305843877e+02 3.958622069042168623e-01
9.915132105684548378e+02 3.977457316763030604e-01
9.926661329063250605e+02 3.995644321881568484e-01
9.938190552441951695e+02 4.013168818947247529e-01
9.949719775820656196e+02 4.030017743670671337e-01
9.961248999199359559e+02 4.046179101236865860e-01
9.972778222578064060e+02 4.061641857084518636e-01
9.984307445956765150e+02 4.076395845878090229e-01
9.995836669335468514e+02 4.090431695295742021e-01
1.000736589271417301e+03 4.103740761949409288e-01
1.001889511609287410e+03 4.116315077294079305e-01
1.003042433947157747e+03 4.128147301806255887e-01
1.004195356285027970e+03 4.139230686045316521e-01
1.005348278622898420e+03 4.149559037475617496e-01
1.006501200960768642e+03 4.159126692137476433e-01
1.007654123298638865e+03 4.167928490423811749e-01
1.008807045636509315e+03 4.175959756354903907e-01
1.009959967974379424e+03 4.183216279853384512e-01
1.011112890312249760e+03 4.189694301611302518e-01
1.012265812650120210e+03 4.195390500214135621e-01
1.013418734987990319e+03 4.200301981247210326e-01
1.014571657325860656e+03 4.204426268160168512e-01
1.015724579663731106e+03 4.207761294707278998e-01
1.016877502001601329e+03 4.210305398817080214e-01
1.018030424339471551e+03 4.212057317775469434e-01
1.019183346677342001e+03 4.213016184633147088e-01
1.020336269015212224e+03 4.213181525772158320e-01
1.021489191353082447e+03 4.212553259587633603e-01
1.022642113690952669e+03 4.211131696261541935e-01
1.023795036028823120e+03 4.208917538624140642e-01
1.024947958366693456e+03 4.205911884118710975e-01
1.026100880704563451e+03 4.202116227904427181e-01
1.027253803042433901e+03 4.197532467153764490e-01
1.028406725380304351e+03 4.192162906623106422e-01
1.029559647718174347e+03 4.186010265600937363e-01
1.030712570056044797e+03 4.179077686366783340e-01
1.031865492393915247e+03 4.171368744327620948e-01
1.033018414731785697e+03 4.162887460037574816e-01
1.034171337069655692e+03 4.153638313353463785e-01
1.035324259407526142e+03 4.143626260034684594e-01
1.036477181745396365e+03 4.132856751163435094e-01
1.037630104083266588e+03 4.121335755843485993e-01
1.038783026421136810e+03 4.109069787736636670e-01
1.039935948759007260e+03 4.096065936119939743e-01
1.041088871096877256e+03 4.082331902300838644e-01
1.042241793434747706e+03 4.067876042418846483e-01
1.043394715772618156e+03 4.052707417902723930e-01
1.044547638110488606e+03 4.036835855154387032e-01
1.045700560448358601e+03 4.020272016413851124e-01
1.046853482786229051e+03 4.003027484247221879e-01
1.048006405124099501e+03 3.985114862724521978e-01
1.049159327461969497e+03 3.966547899158628931e-01
1.050312249799839947e+03 3.947341631319571942e-01
1.051465172137710397e+03 3.927512566397536875e-01
1.052618094475580619e+03 3.907078899770559111e-01
1.053771016813450615e+03 3.886060783984697786e-01
1.054923939151321065e+03 3.864480661475505063e-01
1.056076861489191515e+03 3.842363678725029263e-01
1.057229783827061510e+03 3.819738205136942732e-01
1.058382706164931960e+03 3.796636487443882935e-01
1.059535628502802410e+03 3.773095480646490030e-01
1.060688550840672406e+03 3.749157910281909478e-01
1.061841473178542856e+03 3.724873639496504296e-01
1.062994395516413306e+03 3.700301439551021421e-01
1.064147317854283529e+03 3.675511295866334960e-01
1.065300240192153751e+03 3.650587425255778506e-01
1.066453162530024201e+03 3.625632234127232345e-01
1.067606084867894424e+03 3.600771508884971772e-01
1.068759007205764419e+03 3.576161185392114916e-01
1.069911929543634869e+03 3.551996058494980568e-01
1.071064851881505319e+03 3.528520682175443901e-01
1.072217774219375542e+03 3.506042302623783025e-01
1.073370696557245765e+03 3.484944641399023157e-01
1.074523618895116215e+03 3.465699225526235883e-01
1.075676541232986438e+03 3.448867331552523674e-01
1.076829463570856660e+03 3.435081003165577629e-01
1.077982385908727110e+03 3.424989336147002406e-01
1.079135308246597333e+03 3.419163622352332510e-01
1.080288230584467556e+03 3.417978243149806805e-01
1.081441152922338006e+03 3.421513833191107135e-01
1.082594075260208228e+03 3.429534444396218351e-01
1.083746997598078678e+03 3.441552384526802011e-01
1.084899919935948674e+03 3.456943315720387710e-01
1.086052842273819124e+03 3.475057340488118540e-01
1.087205764611689347e+03 3.495293561555176121e-01
1.088358686949559569e+03 3.517134834540736055e-01
1.089511609287430019e+03 3.540154580399518247e-01
1.090664531625300242e+03 3.564008996946726460e-01
1.091817453963170692e+03 3.588423899756413293e-01
1.092970376301040915e+03 3.613181115665852206e-01
1.094123298638911137e+03 3.638106501789145075e-01
1.095276220976781588e+03 3.663060156356243158e-01
1.096429143314651583e+03 3.687928721820537548e-01
1.097582065652522033e+03 3.712619450799691800e-01
1.098734987990392483e+03 3.737055672054434563e-01
1.099887910328262706e+03 3.761173335247627314e-01
1.101040832666132928e+03 3.784918374406247565e-01
1.102193755004003151e+03 3.808244688628548147e-01
1.103346677341873601e+03 3.831112587498609057e-01
1.104499599679743824e+03 3.853487586999432279e-01
1.105652522017614046e+03 3.875339470794760266e-01
1.106805444355484497e+03 3.896641553445334694e-01
1.107958366693354719e+03 3.917370098183906579e-01
1.109111289031224942e+03 3.937503853727420400e-01
1.110264211369095392e+03 3.957023683360179067e-01
1.111417133706965615e+03 3.975912266006140783e-01
1.112570056044835837e+03 3.994153853830191281e-01
1.113722978382706287e+03 4.011734074511412729e-01
1.114875900720576510e+03 4.028639769038611096e-01
1.116028823058446733e+03 4.044858857924370499e-01
1.117181745396317183e+03 4.060380230289463710e-01
1.118334667734187406e+03 4.075193651458672850e-01
1.119487590072057628e+03 4.089289685625038251e-01
1.120640512409927851e+03 4.102659630847351746e-01
1.121793434747798301e+03 4.115295464197882280e-01
1.122946357085668524e+03 4.127189795308777165e-01
1.124099279423538746e+03 4.138335826905977233e-01
1.125252201761409196e+03 4.148727321188642181e-01
1.126405124099279419e+03 4.158358571126566372e-01
1.127558046437149642e+03 4.167224375919571511e-01
1.128710968775020092e+03 4.175320020001102583e-01
1.129863891112890315e+03 4.182641255079946330e-01
1.131016813450760765e+03 4.189184284804982061e-01
1.132169735788630987e+03 4.194945751712386706e-01
1.133322658126501210e+03 4.199922726176014143e-01
1.134475580464371660e+03 4.204112697132920129e-01
1.135628502802241883e+03 4.207513564398309702e-01
1.136781425140112106e+03 4.210123632420987860e-01
1.137934347477982328e+03 4.211941605360663421e-01
1.139087269815852778e+03 4.212966583396230980e-01
1.140240192153723001e+03 4.213198060197639871e-01
1.141393114491593224e+03 4.212635921515908155e-01
1.142546036829463674e+03 4.211280444866225547e-01
1.143698959167333896e+03 4.209132300298517593e-01
1.144851881505204119e+03 4.206192552269141238e-01
1.146004803843074569e+03 4.202462662647075131e-01
1.147157726180944792e+03 4.197944494909099933e-01
1.148310648518815015e+03 4.192640319600672849e-01
1.149463570856685465e+03 4.186552821164706839e-01
1.150616493194555687e+03 4.179685106268693495e-01
1.151769415532425910e+03 4.172040713794077926e-01
1.152922337870296133e+03 4.163623626690044488e-01
1.154075260208166583e+03 4.154438285940177944e-01
1.155228182546036805e+03 4.144489606945244708e-01
1.156381104883907028e+03 4.133782998692183130e-01
1.157534027221777478e+03 4.122324386159831877e-01
1.158686949559647701e+03 4.110120236511355385e-01
1.159839871897517924e+03 4.097177589745123472e-01
1.160992794235388374e+03 4.083504094626992931e-01
1.162145716573258596e+03 4.069108050915001273e-01
1.163298638911128819e+03 4.053998459123205333e-01
1.164451561248999269e+03 4.038185079367973551e-01
1.165604483586869492e+03 4.021678501215370516e-01
1.166757405924739942e+03 4.004490226926549212e-01
1.167910328262610165e+03 3.986632771109271389e-01
1.169063250600480387e+03 3.968119780571980892e-01
1.170216172938350610e+03 3.948966179196791715e-01
1.171369095276220833e+03 3.929188343976919295e-01
1.172522017614091283e+03 3.908804320106687991e-01
1.173674939951961505e+03 3.887834085309668231e-01
1.174827862289831728e+03 3.866299876638247812e-01
1.175980784627702178e+03 3.844226597043253202e-01
1.177133706965572401e+03 3.821642324464877283e-01
1.178286629303442851e+03 3.798578953541030812e-01
1.179439551641313074e+03 3.775073009961050219e-01
1.180592473979183296e+03 3.751166690945983984e-01
1.181745396317053746e+03 3.726909203550604066e-01
1.182898318654923969e+03 3.702358497027523621e-01
1.184051240992794192e+03 3.677583518207800384e-01
1.185204163330664414e+03 3.652667161503619364e-01
1.186357085668534864e+03 3.627710138438106635e-01
1.187510008006405087e+03 3.602836052751258733e-01
1.188662930344275310e+03 3.578198024175962555e-01
1.189815852682145760e+03 3.553987223867771106e-01
1.190968775020015983e+03 3.530443589433860385e-01
1.192121697357886205e+03 3.507868613879471797e-01
1.193274619695756655e+03 3.486639145540362250e-01
1.194427542033626878e+03 3.467219127018255076e-01
1.195580464371497101e+03 3.450162699544684908e-01
1.196733386709367551e+03 3.436097499610130113e-01
1.197886309047237773e+03 3.425674283533874931e-01
1.199039231385107996e+03 3.419475278243945815e-01
1.200192153722978446e+03 3.417895666718001602e-01
1.201345076060848669e+03 3.421042700457298524e-01
1.202497998398718892e+03 3.428705414179761823e-01
1.203650920736589114e+03 3.440413013399874487e-01
1.204803843074459564e+03 3.455547943954428991e-01
1.205956765412330014e+03 3.473458998374834295e-01
1.207109687750200010e+03 3.493539379297339043e-01
1.208262610088070460e+03 3.515264413510795771e-01
1.209415532425940910e+03 3.538200145393111118e-01
1.210568454763810905e+03 3.561996345875491077e-01
1.211721377101681355e+03 3.586373562035422013e-01
1.212874299439551578e+03 3.611109439605843519e-01
1.214027221777422028e+03 3.636026571038378230e-01
1.215180144115292251e+03 3.660982522066089095e-01
1.216333066453162473e+03 3.685861971632639622e-01
1.217485988791032923e+03 3.710570645042637894e-01
1.218638911128902919e+03 3.735030676337247058e-01
1.219791833466773369e+03 3.759177073949023784e-01
1.220944755804643819e+03 3.782955024385445952e-01
1.222097678142513814e+03 3.806317827927945263e-01
1.223250600480384264e+03 3.829225310145421002e-01
1.224403522818254714e+03 3.851642592197709880e-01
1.225556445156124937e+03 3.873539132683765374e-01
1.226709367493995160e+03 3.894887976029717813e-01
1.227862289831865382e+03 3.915665158881116992e-01
1.229015212169735833e+03 3.935849238121476024e-01
1.230168134507606055e+03 3.955420913117818627e-01
1.231321056845476278e+03 3.974362721441850876e-01
1.232473979183346728e+03 3.992658792256320588e-01
1.233626901521217178e+03 4.010294645247527434e-01
1.234779823859087173e+03 4.027257025756577624e-01
1.235932746196957623e+03 4.043533768855875898e-01
1.237085668534828073e+03 4.059113686708510915e-01
1.238238590872698069e+03 4.073986474764100252e-01
1.239391513210568519e+03 4.088142633280426042e-01
1.240544435548438742e+03 4.101573401383193929e-01
1.241697357886308964e+03 4.114270701440179145e-01
1.242850280224179187e+03 4.126227091965757876e-01
1.244003202562049637e+03 4.137435727619466208e-01
1.245156124899920087e+03 4.147890325136407985e-01
1.246309047237790082e+03 4.157585134245759817e-01
1.247461969575660532e+03 4.166514912808721993e-01
1.248614891913530982e+03 4.174674905547456349e-01
1.249767814251400978e+03 4.182060825850589247e-01
1.250920736589271428e+03 4.188668840233364388e-01
1.252073658927141878e+03 4.194495555106027007e-01
1.253226581265012101e+03 4.199538005566694210e-01
1.254379503602882323e+03 4.203793645986491079e-01
1.255532425940752546e+03 4.207260342198327896e-01
1.256685348278622996e+03 4.209936365137093017e-01
1.257838270616492991e+03 4.211820385810758349e-01
1.258991192954363441e+03 4.212911471508849481e-01
1.260144115292233892e+03 4.213209083179452752e-01
1.261297037630103887e+03 4.212713073927246699e-01
1.262449959967974337e+03 4.211423688606017457e-01
1.263602882305844787e+03 4.209341564498337296e-01
1.264755804643715237e+03 4.206467733094478301e-01
1.265908726981585232e+03 4.202803623002308031e-01
1.267061649319455682e+03 4.198351064040778402e-01
1.268214571657325905e+03 4.193112292591791301e-01
1.269367493995195900e+03 4.187089958310376558e-01
1.270520416333066350e+03 4.180287132321275911e-01
1.271673338670936801e+03 4.172707317062576693e-01
1.272826261008807251e+03 4.164354457975338875e-01
1.273979183346677246e+03 4.155232957283450657e-01
1.275132105684547696e+03 4.145347690161934051e-01
1.276285028022418146e+03 4.134704023657753691e-01
1.277437950360288141e+03 4.123307838806301029e-01
1.278590872698158591e+03 4.111165556484501216e-01
1.279743795036029042e+03 4.098284167660993238e-01
1.280896717373899264e+03 4.084671268852558823e-01
1.282049639711769487e+03 4.070335103780463593e-01
1.283202562049639710e+03 4.055284612451631743e-01
1.284355484387510160e+03 4.039529489180527233e-01
1.285508406725380155e+03 4.023080251435712240e-01
1.286661329063250605e+03 4.005948321863176398e-01
1.287814251401121055e+03 3.988146126438020800e-01
1.288967173738991050e+03 3.969687212466840864e-01
1.290120096076861500e+03 3.950586391161802213e-01
1.291273018414731951e+03 3.930859910807035229e-01
1.292425940752602173e+03 3.910525668241239261e-01
1.293578863090472396e+03 3.889603468625119076e-01
1.294731785428342846e+03 3.868115346438318891e-01
1.295884707766213069e+03 3.846085964618745079e-01
1.297037630104083291e+03 3.823543114076662364e-01
1.298190552441953514e+03 3.800518342980105935e-01
1.299343474779823964e+03 3.777047754891945108e-01
1.300496397117694187e+03 3.753173027956230867e-01
1.301649319455564410e+03 3.728942725093107313e-01
1.302802241793434860e+03 3.704413989111624006e-01
1.303955164131305310e+03 3.679654748610632908e-01
1.305108086469175305e+03 3.654746602308440728e-01
1.306261008807045528e+03 3.629788601887683486e-01
1.307413931144916205e+03 3.604902214206139321e-01
1.308566853482786200e+03 3.580237801966774658e-01
1.309719775820656423e+03 3.555982987062720757e-01
1.310872698158526873e+03 3.532373180069920959e-01
1.312025620496397323e+03 3.509704218285051303e-01
1.313178542834267319e+03 3.488346162003955753e-01
1.314331465172137769e+03 3.468755397469570623e-01
1.315484387510008219e+03 3.451478823226933890e-01
1.316637309847878214e+03 3.437139324489134617e-01
1.317790232185748437e+03 3.426388674377982002e-01
1.318943154523619114e+03 3.419819184628772324e-01
1.320096076861489337e+03 3.417846104654537198e-01
1.321248999199359332e+03 3.420603080382938477e-01
1.322401921537230010e+03 3.427904557455265788e-01
1.323554843875100232e+03 3.439297459423210079e-01
1.324707766212970228e+03 3.454171822022091276e-01
1.325860688550840678e+03 3.471875671599785607e-01
1.327013610888711128e+03 3.491796564977230344e-01
1.328166533226581123e+03 3.513402351588356121e-01
1.329319455564451573e+03 3.536251645169412594e-01
1.330472377902322023e+03 3.559987696956688485e-01
1.331625300240192246e+03 3.584325689363004330e-01
1.332778222578062469e+03 3.609039002318844558e-01
1.333931144915932919e+03 3.633946894424019969e-01
1.335084067253803141e+03 3.658904344529512742e-01
1.336236989591673137e+03 3.683794026152941714e-01
1.337389911929543814e+03 3.708520105268869882e-01
1.338542834267414037e+03 3.733003496806925336e-01
1.339695756605284259e+03 3.757178249362512767e-01
1.340848678943154482e+03 3.780988787677194152e-01
1.342001601281024932e+03 3.804387802250901451e-01
1.343154523618895155e+03 3.827334626147350094e-01
1.344307445956765378e+03 3.849793979086313933e-01
1.345460368294635828e+03 3.871734989409998384e-01
1.346613290632506050e+03 3.893130427308318375e-01
1.347766212970376273e+03 3.913956099577549086e-01
1.348919135308246723e+03 3.934190368656237391e-01
1.350072057646116946e+03 3.953813767890128061e-01
1.351224979983987168e+03 3.972808691792923952e-01
1.352377902321857619e+03 3.991159145134271502e-01
1.353530824659727841e+03 4.008850538466908198e-01
1.354683746997598064e+03 4.025869520543539082e-01
1.355836669335468287e+03 4.042203840216701538e-01
1.356989591673338737e+03 4.057842232042391806e-01
1.358142514011208959e+03 4.072774321051675361e-01
1.359295436349079182e+03 4.086990543110372576e-01
1.360448358686949632e+03 4.100482078025879384e-01
1.361601281024819855e+03 4.113240793135242712e-01
1.362754203362690077e+03 4.125259195557926528e-01
1.363907125700560528e+03 4.136530391651018768e-01
1.365060048038430750e+03 4.147048052484025304e-01
1.366212970376300973e+03 4.156806384373252783e-01
1.367365892714171423e+03 4.165800103693840795e-01
1.368518815052041646e+03 4.174024415330546134e-01
1.369671737389911868e+03 4.181474994244129273e-01
1.370824659727782091e+03 4.188147969724470010e-01
1.371977582065652541e+03 4.194039911978189039e-01
1.373130504403522764e+03 4.199147820762381689e-01
1.374283426741392987e+03 4.203469115828125657e-01
1.375436349079263437e+03 4.207001628981892338e-01
1.376589271417133659e+03 4.209743597609820753e-01
1.377742193755003882e+03 4.211693659541801416e-01
1.378895116092874559e+03 4.212850849159859856e-01
1.380048038430744555e+03 4.213214594679784430e-01
1.381200960768614777e+03 4.212784716557094744e-01
1.382353883106485227e+03 4.211561426988885137e-01
1.383506805444355450e+03 4.209545330502692528e-01
1.384659727782225673e+03 4.206737425642889661e-01
1.385812650120095896e+03 4.203139107784620854e-01
1.386965572457966573e+03 4.198752173126117926e-01
1.388118494795836568e+03 4.193578823932243571e-01
1.389271417133706791e+03 4.187621675127005672e-01
1.390424339471577468e+03 4.180883762360609879e-01
1.391577261809447464e+03 4.173368551708813157e-01
1.392730184147317686e+03 4.165079951200113539e-01
1.393883106485188364e+03 4.156022324410749702e-01
1.395036028823058587e+03 4.146200506421137133e-01
1.396188951160928582e+03 4.135619822491551911e-01
1.397341873498799259e+03 4.124286109893110508e-01
1.398494795836669482e+03 4.112205743426072257e-01
1.399647718174539477e+03 4.099385665275026014e-01
1.400800640512409700e+03 4.085833419996267590e-01
1.401953562850280377e+03 4.071557195614249891e-01
1.403106485188150373e+03 4.056565872030612474e-01
1.404259407526020595e+03 4.040869078234706202e-01
1.405412329863891273e+03 4.024477260165475467e-01
1.406565252201761496e+03 4.007401761533275764e-01
1.407718174539631491e+03 3.989654920497283652e-01
1.408871096877502168e+03 3.971250185848910763e-01
1.410024019215372391e+03 3.952202257328552015e-01
1.411176941553242386e+03 3.932527255974192504e-01
1.412329863891113064e+03 3.912242932065470580e-01
1.413482786228983286e+03 3.891368920419759903e-01
1.414635708566853509e+03 3.869927055703145102e-01
1.415788630904723959e+03 3.847941764292729938e-01
1.416941553242594182e+03 3.825440554416689176e-01
1.418094475580464405e+03 3.802454633286176389e-01
1.419247397918334400e+03 3.779019689375539004e-01
1.420400320256205077e+03 3.755176890797032874e-01
1.421553242594075300e+03 3.730974168036205740e-01
1.422706164931945295e+03 3.706467872681845632e-01
1.423859087269815973e+03 3.681724935004879740e-01
1.425012009607686196e+03 3.656825684138126920e-01
1.426164931945556418e+03 3.631867546186619000e-01
1.427317854283426868e+03 3.606969895914113322e-01
1.428470776621297091e+03 3.582280396891306395e-01
1.429623698959167314e+03 3.557983194863637011e-01
1.430776621297037764e+03 3.534309261610172892e-01
1.431929543634907986e+03 3.511548876046309275e-01
1.433082465972778209e+03 3.490065397932566316e-01
1.434235388310648659e+03 3.470307692485340989e-01
1.435388310648518882e+03 3.452815323251450241e-01
1.436541232986389105e+03 3.438206103416557857e-01
1.437694155324259555e+03 3.427132203587962000e-01
1.438847077662129777e+03 3.420195177924395535e-01
1.440000000000000000e+03 3.417829581264203997e-01
