Theta (degrees)	Normalized Energy
0.000000000000000000e+00 0.000000000000000000e+00
3.602882305844675725e-01 4.055669777546042262e-06
7.205764611689351451e-01 1.622247283181195088e-05
1.080864691753402829e+00 3.649979029130152040e-05
1.441152922337870290e+00 6.488659060270122742e-05
1.801441152922337974e+00 1.013814293684091376e-04
2.161729383506805657e+00 1.459824491245469190e-04
2.522017614091273341e+00 1.986873790593094303e-04
2.882305844675740580e+00 2.594935346589915767e-04
3.242594075260207820e+00 3.283978172910059974e-04
3.602882305844675948e+00 4.053967137223634157e-04
3.963170536429143187e+00 4.904862955691045032e-04
4.323458767013611315e+00 5.836622186761011898e-04
4.683746997598078110e+00 6.849197224244630037e-04
5.044035228182546682e+00 7.942536289717137691e-04
5.404323458767013477e+00 9.116583424147711029e-04
5.764611689351481161e+00 1.037127847876527986e-03
6.124899919935949733e+00 1.170655710516184562e-03
6.485188150520415640e+00 1.312235074457869912e-03
6.845476381104885100e+00 1.461858661639083489e-03
7.205764611689351895e+00 1.619518770567751663e-03
7.566052842273819579e+00 1.785207274996994387e-03
7.926341072858286374e+00 1.958915622505520964e-03
8.286629303442753169e+00 2.140634832980093955e-03
8.646917534027222629e+00 2.330355497002825713e-03
9.007205764611688537e+00 2.528067774136460825e-03
9.367493995196156220e+00 2.733761391095216892e-03
9.727782225780625680e+00 2.947425639814699530e-03
1.008807045636509336e+01 3.169049375397117209e-03
1.044835868694956105e+01 3.398621013936434579e-03
1.080864691753402695e+01 3.636128530221807622e-03
1.116893514811849464e+01 3.881559455302917468e-03
1.152922337870296232e+01 4.134900873915898362e-03
1.188951160928743001e+01 4.396139421767607247e-03
1.224979983987189947e+01 4.665261282666872955e-03
1.261008807045636537e+01 4.942252185491101055e-03
1.297037630104083128e+01 5.227097400992221192e-03
1.333066453162530074e+01 5.519781738419718246e-03
1.369095276220977020e+01 5.820289541962203606e-03
1.405124099279423611e+01 6.128604686994209953e-03
1.441152922337870379e+01 6.444710576115694409e-03
1.477181745396317147e+01 6.768590134978360630e-03
1.513210568454763916e+01 7.100225807883948047e-03
1.549239391513210684e+01 7.439599553141624383e-03
1.585268214571657275e+01 7.786692838177258942e-03
1.621297037630104043e+01 8.141486634371459738e-03
1.657325860688550634e+01 8.503961411619666289e-03
1.693354683746997935e+01 8.874097132596984669e-03
1.729383506805444526e+01 9.251873246706230833e-03
1.765412329863891117e+01 9.637268683697110261e-03
1.801441152922337707e+01 1.003026184693686131e-02
1.837469975980784653e+01 1.043083060630847249e-02
1.873498799039231244e+01 1.083895229071742995e-02
1.909527622097677835e+01 1.125460368018455642e-02
1.945556445156125136e+01 1.167776099750112220e-02
1.981585268214571727e+01 1.210839989941342627e-02
2.017614091273018673e+01 1.254649546732214578e-02
2.053642914331465263e+01 1.299202219744828753e-02
2.089671737389912209e+01 1.344495399045294443e-02
2.125700560448358800e+01 1.390526414046019781e-02
2.161729383506805391e+01 1.437292532345960626e-02
2.197758206565252337e+01 1.484790958503677538e-02
2.233787029623698928e+01 1.533018832740207400e-02
2.269815852682145874e+01 1.581973229566354527e-02
2.305844675740592464e+01 1.631651156329589486e-02
2.341873498799039055e+01 1.682049551676488910e-02
2.377902321857486001e+01 1.733165283923151015e-02
2.413931144915932592e+01 1.784995149329719061e-02
2.449959967974379893e+01 1.837535870270877794e-02
2.485988791032826484e+01 1.890784093296603643e-02
2.522017614091273074e+01 1.944736387075004028e-02
2.558046437149719665e+01 1.999389240209390947e-02
2.594075260208166256e+01 2.054739058921078651e-02
2.630104083266613202e+01 2.110782164588780041e-02
2.666132906325060148e+01 2.167514791133397581e-02
2.702161729383506739e+01 2.224933082239702320e-02
2.738190552441954040e+01 2.283033088400146168e-02
2.774219375500400631e+01 2.341810763771058276e-02
2.810248198558847221e+01 2.401261962824961446e-02
2.846277021617293812e+01 2.461382436786810693e-02
2.882305844675740758e+01 2.522167829835466821e-02
2.918334667734187704e+01 2.583613675054796319e-02
2.954363490792634295e+01 2.645715390115187596e-02
2.990392313851080885e+01 2.708468272664370929e-02
3.026421136909527831e+01 2.771867495406087067e-02
3.062449959967974422e+01 2.835908100841766019e-02
3.098478783026421368e+01 2.900584995649756193e-02
3.134507606084867959e+01 2.965892944672569864e-02
3.170536429143314550e+01 3.031826564481646460e-02
3.206565252201760785e+01 3.098380316485393679e-02
3.242594075260208086e+01 3.165548499543498207e-02
3.278622898318654677e+01 3.233325242047314918e-02
3.314651721377101268e+01 3.301704493421723369e-02
3.350680544435548569e+01 3.370680015000138141e-02
3.386709367493995870e+01 3.440245370220409299e-02
3.422738190552442461e+01 3.510393914083165950e-02
3.458767013610889052e+01 3.581118781808787649e-02
3.494795836669335642e+01 3.652412876624776955e-02
3.530824659727782233e+01 3.724268856605171540e-02
3.566853482786228824e+01 3.796679120479640873e-02
3.602882305844675415e+01 3.869635792319135736e-02
3.638911128903122716e+01 3.943130704996363617e-02
3.674939951961569307e+01 4.017155382309955253e-02
3.710968775020015897e+01 4.091701019647757398e-02
3.746997598078462488e+01 4.166758463053948924e-02
3.783026421136909079e+01 4.242318186549708103e-02
3.819055244195355669e+01 4.318370267540812268e-02
3.855084067253803681e+01 4.394904360129076731e-02
3.891112890312250272e+01 4.471909666124003480e-02
3.927141713370696863e+01 4.549374903529534303e-02
3.963170536429143453e+01 4.627288272257715912e-02
3.999199359487590755e+01 4.705637416790434124e-02
4.035228182546037345e+01 4.784409385484274940e-02
4.071257005604483936e+01 4.863590586177033576e-02
4.107285828662930527e+01 4.943166737716726128e-02
4.143314651721377118e+01 5.023122816993413897e-02
4.179343474779824419e+01 5.103443001004993873e-02
4.215372297838271010e+01 5.184110603436524467e-02
4.251401120896717600e+01 5.265108005175230671e-02
4.287429943955164191e+01 5.346416578115319868e-02
4.323458767013610782e+01 5.428016601536849589e-02
4.359487590072058083e+01 5.509887170261548034e-02
4.395516413130504674e+01 5.592006093698212443e-02
4.431545236188951264e+01 5.674349784793454587e-02
4.467574059247397855e+01 5.756893137793871185e-02
4.503602882305844446e+01 5.839609393606811499e-02
4.539631705364291747e+01 5.922469991418571889e-02
4.575660528422738338e+01 6.005444405086245163e-02
4.611689351481184929e+01 6.088499962670643195e-02
4.647718174539631519e+01 6.171601647318928491e-02
4.683746997598078110e+01 6.254711877535622244e-02
4.719775820656525411e+01 6.337790264715505162e-02
4.755804643714972002e+01 6.420793345639774774e-02
4.791833466773418593e+01 6.503674287480713800e-02
4.827862289831865183e+01 6.586382562720462241e-02
4.863891112890311774e+01 6.668863591286817993e-02
4.899919935948759786e+01 6.751058347163498008e-02
4.935948759007206377e+01 6.832902926769381102e-02
4.971977582065652967e+01 6.914328076563226733e-02
5.008006405124099558e+01 6.995258677663136748e-02
5.044035228182546149e+01 7.075613185839167707e-02
5.080064051240992740e+01 7.155303026126672017e-02
5.116092874299439330e+01 7.234231942621774381e-02
5.152121697357885921e+01 7.312295305884389252e-02
5.188150520416332512e+01 7.389379382951541397e-02
5.224179343474779103e+01 7.465360578431216865e-02
5.260208166533226404e+01 7.540104659718380176e-02
5.296236989591673705e+01 7.613465985268839942e-02
5.332265812650120296e+01 7.685286762297412200e-02
5.368294635708566886e+01 7.755396369413498914e-02
5.404323458767013477e+01 7.823610790638463319e-02
5.440352281825460778e+01 7.889732219865187857e-02
5.476381104883908080e+01 7.953548908723129252e-02
5.512409927942354670e+01 8.014835345164482427e-02
5.548438751000801261e+01 8.073352863456763340e-02
5.584467574059247852e+01 8.128850796474118567e-02
5.620496397117694443e+01 8.181068285187535760e-02
5.656525220176141033e+01 8.229736854263199064e-02
5.692554043234587624e+01 8.274583842387960020e-02
5.728582866293034215e+01 8.315336737258210986e-02
5.764611689351481516e+01 8.351728405288082191e-02
5.800640512409927396e+01 8.383503124979434229e-02
5.836669335468375408e+01 8.410423234836389428e-02
5.872698158526820578e+01 8.432276101508132116e-02
5.908726981585268589e+01 8.448881016804364597e-02
5.944755804643715180e+01 8.460095562459808705e-02
5.980784627702161771e+01 8.465820958108129235e-02
6.016813450760608362e+01 8.466005944771051728e-02
6.052842273819055663e+01 8.460648856812634511e-02
6.088871096877501543e+01 8.449797689920415800e-02
6.124899919935948844e+01 8.433548158713126408e-02
6.160928742994395435e+01 8.412039924683269165e-02
6.196957566052842736e+01 8.385451332705649852e-02
6.232986389111290038e+01 8.353993099048993842e-02
6.269015212169735918e+01 8.317901434951452400e-02
6.305044035228183219e+01 8.277431070082723330e-02
6.341072858286629099e+01 8.232848572967366163e-02
6.377101681345076400e+01 8.184426269608351123e-02
6.413130504403521570e+01 8.132436956358647662e-02
6.449159327461970292e+01 8.077149504187278173e-02
6.485188150520416173e+01 8.018825369051495178e-02
6.521216973578863474e+01 7.957715961752195866e-02
6.557245796637309354e+01 7.894060790619561452e-02
6.593274619695756655e+01 7.828086268980063989e-02
6.629303442754202536e+01 7.760005072545309024e-02
6.665332265812651258e+01 7.690015935333553709e-02
6.701361088871097138e+01 7.618303782630343746e-02
6.737389911929544439e+01 7.545040112730423687e-02
6.773418734987991741e+01 7.470383553543355482e-02
6.809447558046437621e+01 7.394480534108539838e-02
6.845476381104884922e+01 7.317466023783823770e-02
6.881505204163330802e+01 7.239464302922378469e-02
6.917534027221778103e+01 7.160589738115068215e-02
6.953562850280223984e+01 7.080947542618894197e-02
6.989591673338671285e+01 7.000634508579110793e-02
7.025620496397117165e+01 6.919739702307482754e-02
7.061649319455564466e+01 6.838345117413265062e-02
7.097678142514011768e+01 6.756526283212162254e-02
7.133706965572457648e+01 6.674352827747451200e-02
7.169735788630904949e+01 6.591888996102912568e-02
7.205764611689350829e+01 6.509194125599750136e-02
7.241793434747798131e+01 6.426323080058951587e-02
7.277822257806245432e+01 6.343326645656814644e-02
7.313851080864691312e+01 6.260251891072049490e-02
7.349879903923138613e+01 6.177142494667805378e-02
7.385908726981585914e+01 6.094039041410500429e-02
7.421937550040031795e+01 6.010979292128575818e-02
7.457966373098479096e+01 5.927998427575310869e-02
7.493995196156924976e+01 5.845129269605435496e-02
7.530024019215372277e+01 5.762402481604070315e-02
7.566052842273818158e+01 5.679846750139582595e-02
7.602081665332265459e+01 5.597488949642680234e-02
7.638110488390711339e+01 5.515354291756113803e-02
7.674139311449158640e+01 5.433466460846644863e-02
7.710168134507607363e+01 5.351847737030301227e-02
7.746196957566053243e+01 5.270519107932636338e-02
7.782225780624500544e+01 5.189500370284239050e-02
7.818254603682946424e+01 5.108810222343797280e-02
7.854283426741393725e+01 5.028466348041680384e-02
7.890312249799839606e+01 4.948485493646930661e-02
7.926341072858286907e+01 4.868883537678887069e-02
7.962369895916732787e+01 4.789675554713476724e-02
7.998398718975181509e+01 4.710875873666280078e-02
8.034427542033625969e+01 4.632498131076833586e-02
8.070456365092074691e+01 4.554555319865623980e-02
8.106485188150520571e+01 4.477059833987381138e-02
8.142514011208967872e+01 4.400023509361825763e-02
8.178542834267413753e+01 4.323457661425344351e-02
8.214571657325861054e+01 4.247373119612538050e-02
8.250600480384308355e+01 4.171780259045865247e-02
8.286629303442754235e+01 4.096689029685241651e-02
8.322658126501201536e+01 4.022108983163263235e-02
8.358686949559648838e+01 3.948049297511358607e-02
8.394715772618094718e+01 3.874518799961580717e-02
8.430744595676542019e+01 3.801525987990977962e-02
8.466773418734987899e+01 3.729079048760018666e-02
8.502802241793435201e+01 3.657185877082332059e-02
8.538831064851881081e+01 3.585854092049368252e-02
8.574859887910328382e+01 3.515091052423252593e-02
8.610888710968774262e+01 3.444903870899833354e-02
8.646917534027221564e+01 3.375299427334765845e-02
8.682946357085667444e+01 3.306284381017329105e-02
8.718975180144116166e+01 3.237865182069080139e-02
8.755004003202560625e+01 3.170048082036681925e-02
8.791032826261009347e+01 3.102839143743631525e-02
8.827061649319456649e+01 3.036244250458742036e-02
8.863090472377902529e+01 2.970269114434176405e-02
8.899119295436349830e+01 2.904919284862717346e-02
8.935148118494795710e+01 2.840200155297360751e-02
8.971176941553243012e+01 2.776116970575384299e-02
9.007205764611688892e+01 2.712674833282579731e-02
9.043234587670136193e+01 2.649878709793333786e-02
9.079263410728583494e+01 2.587733435916508493e-02
9.115292233787029375e+01 2.526243722177410819e-02
9.151321056845476676e+01 2.465414158760353622e-02
9.187349879903922556e+01 2.405249220138265878e-02
9.223378702962369857e+01 2.345753269409740424e-02
9.259407526020817158e+01 2.286930562365522765e-02
9.295436349079263039e+01 2.228785251302720094e-02
9.331465172137711761e+01 2.171321388604183916e-02
9.367493995196156220e+01 2.114542930099798032e-02
9.403522818254604942e+01 2.058453738223876145e-02
9.439551641313050823e+01 2.003057584982631187e-02
9.475580464371498124e+01 1.948358154744948487e-02
9.511609287429944004e+01 1.894359046867451560e-02
9.547638110488391305e+01 1.841063778165306919e-02
9.583666933546837186e+01 1.788475785238705096e-02
9.619695756605284487e+01 1.736598426664508199e-02
9.655724579663730367e+01 1.685434985061299781e-02
9.691753402722177668e+01 1.634988669036657044e-02
9.727782225780623548e+01 1.585262615023302207e-02
9.763811048839070850e+01 1.536259889011769644e-02
9.799839871897519572e+01 1.487983488185720161e-02
9.835868694955964031e+01 1.440436342465793024e-02
9.871897518014412753e+01 1.393621315968150524e-02
9.907926341072857213e+01 1.347541208382104817e-02
9.943955164131305935e+01 1.302198756272637120e-02
9.979983987189750394e+01 1.257596634311257053e-02
1.001601281024819912e+02 1.213737456440765021e-02
1.005204163330664642e+02 1.170623776976389974e-02
1.008807045636509230e+02 1.128258091648222210e-02
1.012409927942353960e+02 1.086642838587616525e-02
1.016012810248198548e+02 1.045780399261273842e-02
1.019615692554043278e+02 1.005673099355393861e-02
1.023218574859887866e+02 9.663232096135994029e-03
1.026821457165732738e+02 9.277329466303808891e-03
1.030424339471577184e+02 8.899044736031489281e-03
1.034027221777422056e+02 8.528399010446481229e-03
1.037630104083266502e+02 8.165412874588230327e-03
1.041232986389111375e+02 7.810106399807933107e-03
1.044835868694955821e+02 7.462499149842532521e-03
1.048438751000800693e+02 7.122610186572080407e-03
1.052041633306645281e+02 6.790458075475860888e-03
1.055644515612490011e+02 6.466060890815683408e-03
1.059247397918334741e+02 6.149436220542457872e-03
1.062850280224179329e+02 5.840601170954749441e-03
1.066453162530024059e+02 5.539572371116194618e-03
1.070056044835868647e+02 5.246365977046575819e-03
1.073658927141713377e+02 4.960997675690533883e-03
1.077261809447558107e+02 4.683482688690861380e-03
1.080864691753402695e+02 4.413835775956458443e-03
1.084467574059247426e+02 4.152071239048615338e-03
1.088070456365092156e+02 3.898202924391724975e-03
1.091673338670936744e+02 3.652244226315488722e-03
1.095276220976781616e+02 3.414208089930499852e-03
1.098879103282626062e+02 3.184107013861584012e-03
1.102481985588470934e+02 2.961953052825364117e-03
1.106084867894315380e+02 2.747757820074092378e-03
1.109687750200160252e+02 2.541532489704078929e-03
1.113290632506004698e+02 2.343287798836790441e-03
1.116893514811849570e+02 2.153034049681206048e-03
1.120496397117694158e+02 1.970781111474377914e-03
1.124099279423538889e+02 1.796538422313939112e-03
1.127702161729383477e+02 1.630314990880676667e-03
1.131305044035228207e+02 1.472119398062659906e-03
1.134907926341072795e+02 1.321959798471976193e-03
1.138510808646917525e+02 1.179843921875102595e-03
1.142113690952762113e+02 1.045779074524251723e-03
1.145716573258606843e+02 9.197721404043168779e-04
1.149319455564451573e+02 8.018295823901782889e-04
1.152922337870296303e+02 6.919574433252845659e-04
1.156525220176141033e+02 5.901613470156865477e-04
1.160128102481985479e+02 4.964464991470209131e-04
1.163730984787830209e+02 4.108176881283701564e-04
1.167333867093675082e+02 3.332792858570330502e-04
1.170936749399519670e+02 2.638352484154843336e-04
1.174539631705364116e+02 2.024891166948475027e-04
1.178142514011208846e+02 1.492440169528840932e-04
1.181745396317053718e+02 1.041026612960228788e-04
1.185348278622898306e+02 6.706734810638289841e-05
1.188951160928743036e+02 3.813996239290896531e-05
1.192554043234587908e+02 1.732197608473628380e-05
1.196156925540432354e+02 4.614448251868805121e-06
1.199759807846276942e+02 1.802527485345901790e-08
1.203362690152121672e+02 3.532940936238324932e-06
1.206965572457966545e+02 1.515901646095393616e-05
1.210568454763811133e+02 3.489566048728240399e-05
1.214171337069655578e+02 6.274186897750922711e-05
1.217774219375500309e+02 9.869622506338300160e-05
1.221377101681345181e+02 1.427568988272560186e-04
1.224979983987189769e+02 1.949216470234169671e-04
1.228582866293034357e+02 2.551878127305934178e-04
1.232185748598879087e+02 3.235523249383163882e-04
1.235788630904723817e+02 4.000116980707848005e-04
1.239391513210568547e+02 4.845620314389895004e-04
1.242994395516413135e+02 5.771990086254623516e-04
1.246597277822258008e+02 6.779178968001223302e-04
1.250200160128102453e+02 7.867135459601612771e-04
1.253803042433947184e+02 9.035803880997170419e-04
1.257405924739791772e+02 1.028512436304386806e-03
1.261008807045636644e+02 1.161503283762212223e-03
1.264611689351481374e+02 1.302546102703361353e-03
1.268214571657325820e+02 1.451633643245805278e-03
1.271817453963170408e+02 1.608758232168454880e-03
1.275420336269015280e+02 1.773911771584688697e-03
1.279023218574860010e+02 1.947085737529736160e-03
1.282626100880704314e+02 2.128271178452744491e-03
1.286228983186549328e+02 2.317458713608585089e-03
1.289831865492394058e+02 2.514638531349759360e-03
1.293434747798238504e+02 2.719800387306841195e-03
1.297037630104083235e+02 2.932933602462033367e-03
1.300640512409928249e+02 3.154027061106528911e-03
1.304243394715772695e+02 3.383069208672071209e-03
1.307846277021617141e+02 3.620048049442680695e-03
1.311449159327461871e+02 3.864951144127847828e-03
1.315052041633306885e+02 4.117765607300976662e-03
1.318654923939151331e+02 4.378478104692673685e-03
1.322257806244996061e+02 4.647074850330367921e-03
1.325860688550840507e+02 4.923541603517573619e-03
1.329463570856685521e+02 5.207863665650970184e-03
1.333066453162530252e+02 5.500025876855364759e-03
1.336669335468374697e+02 5.800012612439017258e-03
1.340272217774219428e+02 6.107807779150328277e-03
1.343875100080064158e+02 6.423394811235171725e-03
1.347477982385908888e+02 6.746756666277033999e-03
1.351080864691753334e+02 7.077875820808772478e-03
1.354683746997598348e+02 7.416734265688772545e-03
1.358286629303442794e+02 7.763313501224922662e-03
1.361889511609287524e+02 8.117594532034260943e-03
1.365492393915131970e+02 8.479557861620017067e-03
1.369095276220976984e+02 8.849183486655877104e-03
1.372698158526821430e+02 9.226450890958328571e-03
1.376301040832666160e+02 9.611339039126063494e-03
1.379903923138510606e+02 1.000382636983478471e-02
1.383506805444355621e+02 1.040389078876204423e-02
1.387109687750200351e+02 1.081150966111924655e-02
1.390712570056044797e+02 1.122665980377460584e-02
1.394315452361889527e+02 1.164931747693640982e-02
1.397918334667734257e+02 1.207945837537260751e-02
1.401521216973578987e+02 1.251705761913794561e-02
1.405124099279423433e+02 1.296208974378402178e-02
1.408726981585268163e+02 1.341452869000958094e-02
1.412329863891112893e+02 1.387434779272891244e-02
1.415932746196957623e+02 1.434151976951339967e-02
1.419535628502802354e+02 1.481601670837251125e-02
1.423138510808647084e+02 1.529781005482647172e-02
1.426741393114491530e+02 1.578687059823242339e-02
1.430344275420336260e+02 1.628316845731038812e-02
1.433947157726180990e+02 1.678667306482231267e-02
1.437550040032025720e+02 1.729735315134169407e-02
1.441152922337870166e+02 1.781517672806548144e-02
1.444755804643714896e+02 1.834011106858792622e-02
1.448358686949559626e+02 1.887212268958527936e-02
1.451961569255404356e+02 1.941117733032474840e-02
1.455564451561249086e+02 1.995723993092136245e-02
1.459167333867093532e+02 2.051027460925915896e-02
1.462770216172938262e+02 2.107024463648134172e-02
1.466373098478782993e+02 2.163711241095022178e-02
1.469975980784627723e+02 2.221083943056843465e-02
1.473578863090472169e+02 2.279138626334670931e-02
1.477181745396317183e+02 2.337871251608873366e-02
1.480784627702161629e+02 2.397277680106192979e-02
1.484387510008006359e+02 2.457353670050086217e-02
1.487990392313851089e+02 2.518094872878974544e-02
1.491593274619695819e+02 2.579496829214297446e-02
1.495196156925540265e+02 2.641554964560779983e-02
1.498799039231384995e+02 2.704264584717171183e-02
1.502401921537230010e+02 2.767620870876496761e-02
1.506004803843074455e+02 2.831618874391119908e-02
1.509607686148919186e+02 2.896253511176832829e-02
1.513210568454763632e+02 2.961519555727162162e-02
1.516813450760608646e+02 3.027411634707540336e-02
1.520416333066453092e+02 3.093924220094539795e-02
1.524019215372297822e+02 3.161051621824823021e-02
1.527622097678142268e+02 3.228787979912065009e-02
1.531224979983987282e+02 3.297127255988797911e-02
1.534827862289831728e+02 3.366063224225118722e-02
1.538430744595676458e+02 3.435589461571466469e-02
1.542033626901521473e+02 3.505699337267861870e-02
1.545636509207365918e+02 3.576386001556672301e-02
1.549239391513210649e+02 3.647642373530143173e-02
1.552842273819055094e+02 3.719461128035445735e-02
1.556445156124900109e+02 3.791834681555418529e-02
1.560048038430744555e+02 3.864755176971967215e-02
1.563650920736589285e+02 3.938214467111851580e-02
1.567253803042433731e+02 4.012204096963267047e-02
1.570856685348278745e+02 4.086715284440949059e-02
1.574459567654123475e+02 4.161738899564070698e-02
1.578062449959967921e+02 4.237265441898358659e-02
1.581665332265812367e+02 4.313285016096721214e-02
1.585268214571657381e+02 4.389787305356458724e-02
1.588871096877502112e+02 4.466761542590982209e-02
1.592473979183346557e+02 4.544196479092772051e-02
1.596076861489191572e+02 4.622080350439564111e-02
1.599679743795036302e+02 4.700400839368993472e-02
1.603282626100880748e+02 4.779145035317790974e-02
1.606885508406725194e+02 4.858299390285583663e-02
1.610488390712570208e+02 4.937849670648878503e-02
1.614091273018414938e+02 5.017780904506406042e-02
1.617694155324259384e+02 5.098077324091589146e-02
1.621297037630104114e+02 5.178722302735117022e-02
1.624899919935948844e+02 5.259698285803386664e-02
1.628502802241793574e+02 5.340986714972066618e-02
1.632105684547638020e+02 5.422567945124048133e-02
1.635708566853482751e+02 5.504421153079968460e-02
1.639311449159327481e+02 5.586524237280446337e-02
1.642914331465172211e+02 5.668853707442486622e-02
1.646517213771016941e+02 5.751384563104087327e-02
1.650120096076861671e+02 5.834090159851986618e-02
1.653722978382706117e+02 5.916942061900427874e-02
1.657325860688550847e+02 5.999909879547069003e-02
1.660928742994395577e+02 6.082961089884448419e-02
1.664531625300240307e+02 6.166060838984111642e-02
1.668134507606084753e+02 6.249171723606899986e-02
1.671737389911929768e+02 6.332253550320685043e-02
1.675340272217774213e+02 6.415263069740909097e-02
1.678943154523618944e+02 6.498153683447070728e-02
1.682546036829463389e+02 6.580875120990187233e-02
1.686148919135308404e+02 6.663373084299595295e-02
1.689751801441152850e+02 6.745588856746394246e-02
1.693354683746997580e+02 6.827458874153385926e-02
1.696957566052842026e+02 6.908914255191643539e-02
1.700560448358687040e+02 6.989880288924385510e-02
1.704163330664531770e+02 7.070275877809936715e-02
1.707766212970376216e+02 7.150012935340402387e-02
1.711369095276221231e+02 7.228995738773116853e-02
1.714971977582065676e+02 7.307120239237520354e-02
1.718574859887910407e+02 7.384273334020881319e-02
1.722177742193754852e+02 7.460332109241835097e-02
1.725780624499599867e+02 7.535163065608842248e-02
1.729383506805444313e+02 7.608621345760575860e-02
1.732986389111289043e+02 7.680549989008803036e-02
1.736589271417133489e+02 7.750779248329893456e-02
1.740192153722978503e+02 7.819126015267165164e-02
1.743795036028823233e+02 7.885393410916349821e-02
1.747397918334667679e+02 7.949370615004464069e-02
1.751000800640512125e+02 8.010833019432019031e-02
1.754603682946357139e+02 8.069542806142995794e-02
1.758206565252201869e+02 8.125250059687746940e-02
1.761809447558046315e+02 8.177694529378902455e-02
1.765412329863891330e+02 8.226608150744427195e-02
1.769015212169735776e+02 8.271718416780218797e-02
1.772618094475580506e+02 8.312752652157631705e-02
1.776220976781424952e+02 8.349443185114130417e-02
1.779823859087269966e+02 8.381533331978040235e-02
1.783426741393114412e+02 8.408784012111190920e-02
1.787029623698959142e+02 8.430980705906149231e-02
1.790632506004803872e+02 8.447940370326841031e-02
1.794235388310648602e+02 8.459517854272229076e-02
1.797838270616493332e+02 8.465611329019170905e-02
1.801441152922337778e+02 8.466166281579576292e-02
1.805044035228182508e+02 8.461177715350652606e-02
1.808646917534027239e+02 8.450690354027823314e-02
1.812249799839871969e+02 8.434796829590289480e-02
1.815852682145716699e+02 8.413634023197842648e-02
1.819455564451561429e+02 8.387377888175061302e-02
1.823058446757405875e+02 8.356237192972938710e-02
1.826661329063250605e+02 8.320446667417367992e-02
1.830264211369095335e+02 8.280260019551032025e-02
1.833867093674940065e+02 8.235943225737063500e-02
1.837469975980784511e+02 8.187768402144283975e-02
1.841072858286629526e+02 8.136008460624606642e-02
1.844675740592473971e+02 8.080932652291111795e-02
1.848278622898318702e+02 8.022803018372622053e-02
1.851881505204163432e+02 7.961871705130758869e-02
1.855484387510008162e+02 7.898379058236382200e-02
1.859087269815852608e+02 7.832552389479689736e-02
1.862690152121697338e+02 7.764605301044084917e-02
1.866293034427542352e+02 7.694737455482408839e-02
1.869895916733386798e+02 7.623134689111049633e-02
1.873498799039231244e+02 7.549969379624692223e-02
1.877101681345075974e+02 7.475400993059161392e-02
1.880704563650920988e+02 7.399576749247543939e-02
1.884307445956765434e+02 7.322632357735611719e-02
1.887910328262610165e+02 7.244692787290184233e-02
1.891513210568454610e+02 7.165873041514791986e-02
1.895116092874299625e+02 7.086278920740642084e-02
1.898718975180144071e+02 7.006007756446364088e-02
1.902321857485988801e+02 6.925149109194783659e-02
1.905924739791833815e+02 6.843785424678495988e-02
1.909527622097678261e+02 6.761992645148982850e-02
1.913130504403522707e+02 6.679840775454881641e-02
1.916733386709367437e+02 6.597394404293688286e-02
1.920336269015212451e+02 6.514713182220463472e-02
1.923939151321056897e+02 6.431852258563471036e-02
1.927542033626901343e+02 6.348862679757097394e-02
1.931144915932746073e+02 6.265791751784206831e-02
1.934747798238591088e+02 6.182683369470786533e-02
1.938350680544435534e+02 6.099578315340541818e-02
1.941953562850280264e+02 6.016514530638494840e-02
1.945556445156124710e+02 5.933527361000704575e-02
1.949159327461969724e+02 5.850649779087590402e-02
1.952762209767814170e+02 5.767912586333068942e-02
1.956365092073658900e+02 5.685344595791370220e-02
1.959967974379503914e+02 5.602972797894655022e-02
1.963570856685348360e+02 5.520822510776813435e-02
1.967173738991192806e+02 5.438917516664065060e-02
1.970776621297037536e+02 5.357280185693836377e-02
1.974379503602882551e+02 5.275931588390034288e-02
1.977982385908726997e+02 5.194891597904347652e-02
1.981585268214571443e+02 5.114178983021998998e-02
1.985188150520416457e+02 5.033811492831503920e-02
1.988791032826261187e+02 4.953805933866378686e-02
1.992393915132105633e+02 4.874178240446604138e-02
1.995996797437950079e+02 4.794943538872992184e-02
1.999599679743795377e+02 4.716116206061306271e-02
2.003202562049639823e+02 4.637709923145014873e-02
2.006805444355484269e+02 4.559737724519970226e-02
2.010408326661329284e+02 4.482212042759297493e-02
2.014011208967174014e+02 4.405144749781141067e-02
2.017614091273018460e+02 4.328547194615629118e-02
2.021216973578862905e+02 4.252430238082034741e-02
2.024819855884707920e+02 4.176804284656637084e-02
2.028422738190552650e+02 4.101679311784168364e-02
2.032025620496397096e+02 4.027064896860841486e-02
2.035628502802241542e+02 3.952970242095045494e-02
2.039231385108086556e+02 3.879404197432165941e-02
2.042834267413931286e+02 3.806375281711167624e-02
2.046437149719775732e+02 3.733891702205695967e-02
2.050040032025620178e+02 3.661961372687642935e-02
2.053642914331465477e+02 3.590591930138058163e-02
2.057245796637309923e+02 3.519790750218619590e-02
2.060848678943154368e+02 3.449564961607073932e-02
2.064451561248999383e+02 3.379921459289790542e-02
2.068054443554844113e+02 3.310866916896705592e-02
2.071657325860688559e+02 3.242407798155604037e-02
2.075260208166533005e+02 3.174550367537165574e-02
2.078863090472378019e+02 3.107300700153950088e-02
2.082465972778222749e+02 3.040664690972672696e-02
2.086068855084067195e+02 2.974648063392961242e-02
2.089671737389911641e+02 2.909256377241631678e-02
2.093274619695756655e+02 2.844495036227001616e-02
2.096877502001601385e+02 2.780369294894631874e-02
2.100480384307445831e+02 2.716884265121454270e-02
2.104083266613290562e+02 2.654044922182629065e-02
2.107686148919135292e+02 2.591856110423319121e-02
2.111289031224980022e+02 2.530322548563499960e-02
2.114891913530824468e+02 2.469448834663037426e-02
2.118494795836669482e+02 2.409239450770727514e-02
2.122097678142514212e+02 2.349698767280877440e-02
2.125700560448358658e+02 2.290831047016596289e-02
2.129303442754203388e+02 2.232640449060701443e-02
2.132906325060048118e+02 2.175131032350241522e-02
2.136509207365892848e+02 2.118306759051450522e-02
2.140112089671737294e+02 2.062171497730640179e-02
2.143714971977582024e+02 2.006729026333960511e-02
2.147317854283426755e+02 1.951983034989214841e-02
2.150920736589271485e+02 1.897937128642039270e-02
2.154523618895116215e+02 1.844594829536440328e-02
2.158126501200960661e+02 1.791959579550655296e-02
2.161729383506805391e+02 1.740034742397472689e-02
2.165332265812650405e+02 1.688823605697539754e-02
2.168935148118494851e+02 1.638329382934218537e-02
2.172538030424339297e+02 1.588555215296819784e-02
2.176140912730184311e+02 1.539504173420077303e-02
2.179743795036029042e+02 1.491179259025847414e-02
2.183346677341873487e+02 1.443583406472645318e-02
2.186949559647718218e+02 1.396719484219877995e-02
2.190552441953563232e+02 1.350590296210638780e-02
2.194155324259407678e+02 1.305198583179048577e-02
2.197758206565252124e+02 1.260547023886100272e-02
2.201361088871096854e+02 1.216638236288095608e-02
2.204963971176941868e+02 1.173474778642379958e-02
2.208566853482786314e+02 1.131059150553429676e-02
2.212169735788630760e+02 1.089393793962935286e-02
2.215772618094475490e+02 1.048481094087142657e-02
2.219375500400320504e+02 1.008323380304441790e-02
2.222978382706164950e+02 9.689229269961262270e-03
2.226581265012009396e+02 9.302819543428441501e-03
2.230184147317854695e+02 8.924026290790294455e-03
2.233787029623699141e+02 8.552870652084520672e-03
2.237389911929543587e+02 8.189373246820117955e-03
2.240992794235388317e+02 7.833554180401353095e-03
2.244595676541233331e+02 7.485433050223826504e-03
2.248198558847077777e+02 7.145028951451160362e-03
2.251801441152922223e+02 6.812360482492827753e-03
2.255404323458766953e+02 6.487445750202636661e-03
2.259007205764611967e+02 6.170302374803652429e-03
2.262610088070456413e+02 5.860947494565222141e-03
2.266212970376300859e+02 5.559397770234151409e-03
2.269815852682145589e+02 5.265669389239885714e-03
2.273418734987990604e+02 4.979778069680551068e-03
2.277021617293835050e+02 4.701739064103946028e-03
2.280624499599679496e+02 4.431567163095079948e-03
2.284227381905524226e+02 4.169276698669872362e-03
2.287830264211369240e+02 3.914881547498603141e-03
2.291433146517213686e+02 3.668395133959096062e-03
2.295036028823058132e+02 3.429830433024316089e-03
2.298638911128903146e+02 3.199199973001963515e-03
2.302241793434747592e+02 2.976515838124479865e-03
2.305844675740592606e+02 2.761789671002851110e-03
2.309447558046437337e+02 2.555032674940998106e-03
2.313050440352282067e+02 2.356255616126919257e-03
2.316653322658126513e+02 2.165468825701668317e-03
2.320256204963970958e+02 1.982682201708860052e-03
2.323859087269815973e+02 1.807905210933657752e-03
2.327461969575660419e+02 1.641146890634366399e-03
2.331064851881505433e+02 1.482415850168744163e-03
2.334667734187350163e+02 1.331720272522161951e-03
2.338270616493194609e+02 1.189067915742558204e-03
2.341873498799039339e+02 1.054466114275495530e-03
2.345476381104883785e+02 9.279217802204916838e-04
2.349079263410728231e+02 8.094414044924010988e-04
2.352682145716573245e+02 6.990310579047244411e-04
2.356285028022417691e+02 5.966963921695370458e-04
2.359887910328262990e+02 5.024426408202928513e-04
2.363490792634107436e+02 4.162746200601949269e-04
2.367093674939952166e+02 3.381967295315505928e-04
2.370696557245796612e+02 2.682129530176784312e-04
2.374299439551641058e+02 2.063268590706735146e-04
2.377902321857486072e+02 1.525416015739809934e-04
2.381505204163330518e+02 1.068599202315553869e-04
2.385108086469175817e+02 6.928414099524757774e-05
2.388710968775020262e+02 3.981617642248852230e-05
2.392313851080864708e+02 1.845752597161841131e-05
2.395916733386709438e+02 5.209276234060965423e-06
2.399519615692553884e+02 7.210109592139937489e-08
2.403122497998398330e+02 3.046261846397463687e-06
2.406725380304243345e+02 1.413160721372244473e-05
2.410328262610088643e+02 3.332757334508365066e-05
2.413931144915933089e+02 6.063318371720148635e-05
2.417534027221777535e+02 9.604704898986538410e-05
2.421136909527622265e+02 1.395673667910761907e-04
2.424739791833466711e+02 1.911919214401250539e-04
2.428342674139311157e+02 2.509180836059894128e-04
2.431945556445156171e+02 3.187428098984996703e-04
2.435548438751000617e+02 3.946626423961326503e-04
2.439151321056845916e+02 4.786737081019917990e-04
2.442754203362690362e+02 5.707717183338677312e-04
2.446357085668534808e+02 6.709519680460504726e-04
2.449959967974379538e+02 7.792093350717622198e-04
2.453562850280224268e+02 8.955382793003966975e-04
2.457165732586068714e+02 1.019932841773269882e-03
2.460768614891913444e+02 1.152386643704572970e-03
2.464371497197758174e+02 1.292892885422218530e-03
2.467974379503603188e+02 1.441444345224940707e-03
2.471577261809447634e+02 1.598033378151429229e-03
2.475180144115292364e+02 1.762651914670374876e-03
2.478783026421137095e+02 1.935291459267705254e-03
2.482385908726981540e+02 2.115943088947603960e-03
2.485988791032826271e+02 2.304597451630206566e-03
2.489591673338670716e+02 2.501244764449113943e-03
2.493194555644516015e+02 2.705874811942671123e-03
2.496797437950360461e+02 2.918476944131673592e-03
2.500400320256204907e+02 3.139040074485749225e-03
2.504003202562049921e+02 3.367552677764160552e-03
2.507606084867894367e+02 3.604002787734733159e-03
2.511208967173738813e+02 3.848377994755781267e-03
2.514811849479583543e+02 4.100665443227281999e-03
2.518414731785428557e+02 4.360851828889258236e-03
2.522017614091273288e+02 4.628923395973770331e-03
2.525620496397117734e+02 4.904865934198361470e-03
2.529223378702962748e+02 5.188664775588308804e-03
2.532826261008807194e+02 5.480304791128318316e-03
2.536429143314651640e+02 5.779770387228180123e-03
2.540032025620496370e+02 6.087045501995102734e-03
2.543634907926340816e+02 6.402113601301519068e-03
2.547237790232186114e+02 6.724957674642040306e-03
2.550840672538030560e+02 7.055560230760483421e-03
2.554443554843875006e+02 7.393903293042989461e-03
2.558046437149720020e+02 7.739968394658294608e-03
2.561649319455564182e+02 8.093736573434106435e-03
2.565252201761408628e+02 8.455188366456053636e-03
2.568855084067253642e+02 8.824303804370280807e-03
2.572457966373098657e+02 9.201062405377991027e-03
2.576060848678943671e+02 9.585443168896229382e-03
2.579663730984788117e+02 9.977424568880134334e-03
2.583266613290632563e+02 1.037698454676638793e-02
2.586869495596477009e+02 1.078410050403876864e-02
2.590472377902321455e+02 1.119874929437504434e-02
2.594075260208166469e+02 1.162090721536276731e-02
2.597678142514010915e+02 1.205054999974816514e-02
2.601281024819856498e+02 1.248765280619953261e-02
2.604883907125700944e+02 1.293219020954993782e-02
2.608486789431545390e+02 1.338413619048921949e-02
2.612089671737389835e+02 1.384346412466955743e-02
2.615692554043234281e+02 1.431014677119133750e-02
2.619295436349079296e+02 1.478415626042873902e-02
2.622898318654923742e+02 1.526546408115130385e-02
2.626501200960768756e+02 1.575404106690168546e-02
2.630104083266613770e+02 1.624985738157653722e-02
2.633706965572458216e+02 1.675288250416165706e-02
2.637309847878302662e+02 1.726308521256943868e-02
2.640912730184147676e+02 1.778043356650756829e-02
2.644515612489992122e+02 1.830489488933374070e-02
2.648118494795836568e+02 1.883643574880931870e-02
2.651721377101681014e+02 1.937502193669108155e-02
2.655324259407526597e+02 1.992061844707330651e-02
2.658927141713371043e+02 2.047318945340171822e-02
2.662530024019215489e+02 2.103269828406164471e-02
2.666132906325060503e+02 2.159910739644340175e-02
2.669735788630904949e+02 2.217237834937503885e-02
2.673338670936749395e+02 2.275247177381365185e-02
2.676941553242593841e+02 2.333934734165692484e-02
2.680544435548438855e+02 2.393296373255448736e-02
2.684147317854283870e+02 2.453327859855958595e-02
2.687750200160128315e+02 2.514024852647159594e-02
2.691353082465972761e+02 2.575382899769104034e-02
2.694955964771817776e+02 2.637397434540334276e-02
2.698558847077662222e+02 2.700063770888967013e-02
2.702161729383506668e+02 2.763377098473962512e-02
2.705764611689351113e+02 2.827332477473807476e-02
2.709367493995196696e+02 2.891924833015122043e-02
2.712970376301041142e+02 2.957148949214034872e-02
2.716573258606885588e+02 3.022999462799325771e-02
2.720176140912730602e+02 3.089470856283382458e-02
2.723779023218575048e+02 3.156557450644606466e-02
2.727381905524419494e+02 3.224253397481383759e-02
2.730984787830263940e+02 3.292552670593720809e-02
2.734587670136108954e+02 3.361449056944955383e-02
2.738190552441953969e+02 3.430936146951443777e-02
2.741793434747798415e+02 3.501007324042562652e-02
2.745396317053642861e+02 3.571655753428711055e-02
2.748999199359487875e+02 3.642874370008625934e-02
2.752602081665332321e+02 3.714655865339929613e-02
2.756204963971176767e+02 3.786992673590933861e-02
2.759807846277021213e+02 3.859876956381472213e-02
2.763410728582866227e+02 3.933300586413215200e-02
2.767013610888711241e+02 4.007255129778637681e-02
2.770616493194555687e+02 4.081731826826832249e-02
2.774219375500400702e+02 4.156721571451713060e-02
2.777822257806245148e+02 4.232214888655019824e-02
2.781425140112089593e+02 4.308201910218758396e-02
2.785028022417934608e+02 4.384672348307718653e-02
2.788630904723779054e+02 4.461615466800252644e-02
2.792233787029624068e+02 4.539020050125699979e-02
2.795836669335468514e+02 4.616874369362530817e-02
2.799439551641312960e+02 4.695166145324715379e-02
2.803042433947157974e+02 4.773882508332800978e-02
2.806645316253002420e+02 4.853009954334468190e-02
2.810248198558846866e+02 4.932534297000858159e-02
2.813851080864691880e+02 5.012440615383454562e-02
2.817453963170536326e+02 5.092713196671369569e-02
2.821056845476381341e+02 5.173335473534228929e-02
2.824659727782225787e+02 5.254289955481240837e-02
2.828262610088070801e+02 5.335558153600465647e-02
2.831865492393915247e+02 5.417120497972355980e-02
2.835468374699759693e+02 5.498956246971022782e-02
2.839071257005604707e+02 5.581043387578686621e-02
2.842674139311449153e+02 5.663358525743680122e-02
2.846277021617294167e+02 5.745876765701141836e-02
2.849879903923138613e+02 5.828571577062587744e-02
2.853482786228983059e+02 5.911414648348281564e-02
2.857085668534828073e+02 5.994375725500625252e-02
2.860688550840672519e+02 6.077422433764944482e-02
2.864291433146516965e+02 6.160520081168126966e-02
2.867894315452361980e+02 6.243631441657315762e-02
2.871497197758206426e+02 6.326716515793459616e-02
2.875100080064051440e+02 6.409732266724564587e-02
2.878702962369895886e+02 6.492632329002671898e-02
2.882305844675740332e+02 6.575366687668442178e-02
2.885908726981585346e+02 6.657881324916133103e-02
2.889511609287429792e+02 6.740117831598664566e-02
2.893114491593274238e+02 6.822012980856459463e-02
2.896717373899119252e+02 6.903498261295842875e-02
2.900320256204964267e+02 6.984499367449954754e-02
2.903923138510808712e+02 7.064935645788238128e-02
2.907526020816653158e+02 7.144719495381783581e-02
2.911128903122498173e+02 7.223755723581498644e-02
2.914731785428342619e+02 7.301940858848789129e-02
2.918334667734187065e+02 7.379162425350797860e-02
2.921937550040032079e+02 7.455298187269034094e-02
2.925540432345876525e+02 7.530215375181877058e-02
2.929143314651721539e+02 7.603769912585935098e-02
2.932746196957565985e+02 7.675805667837447277e-02
2.936349079263410431e+02 7.746153765702501470e-02
2.939951961569255445e+02 7.814632003402029181e-02
2.943554843875099891e+02 7.881044428443000072e-02
2.947157726180944337e+02 7.945181149295459100e-02
2.950760608486789351e+02 8.006818464335622998e-02
2.954363490792634366e+02 8.065719408085678110e-02
2.957966373098478812e+02 8.121634824562924682e-02
2.961569255404323258e+02 8.174305082593920357e-02
2.965172137710168272e+02 8.223462543530947466e-02
2.968775020016012718e+02 8.268834873676327024e-02
2.972377902321857164e+02 8.310149257693218161e-02
2.975980784627702178e+02 8.347137512306747331e-02
2.979583666933547192e+02 8.379542021177890931e-02
2.983186549239391638e+02 8.407122315593948403e-02
2.986789431545236084e+02 8.429662020597705752e-02
2.990392313851080530e+02 8.446975787001809177e-02
2.993995196156925545e+02 8.458915755174661877e-02
2.997598078462769990e+02 8.465377065918539001e-02
3.001200960768614436e+02 8.466301962093204792e-02
3.004803843074460019e+02 8.461682117042367002e-02
3.008406725380304465e+02 8.451558974352417486e-02
3.012009607686148911e+02 8.436022066976281431e-02
3.015612489991993357e+02 8.415205472567409417e-02
3.019215372297838371e+02 8.389282724909673250e-02
3.022818254603682817e+02 8.358460614000651212e-02
3.026421136909527263e+02 8.322972357067714988e-02
3.030024019215372846e+02 8.283070610590546889e-02
3.033626901521217292e+02 8.239020731458539248e-02
3.037229783827061738e+02 8.191094602217594001e-02
3.040832666132906184e+02 8.139565230405898522e-02
3.044435548438750629e+02 8.084702231523721583e-02
3.048038430744595644e+02 8.026768220169819279e-02
3.051641313050440090e+02 7.966016069637456287e-02
3.055244195356284536e+02 7.902686957499480136e-02
3.058847077662130118e+02 7.837009091048449672e-02
3.062449959967974564e+02 7.769196997954901096e-02
3.066052842273819010e+02 7.699451269843334000e-02
3.069655724579663456e+02 7.627958655722237580e-02
3.073258606885508470e+02 7.554892415139642659e-02
3.076861489191352916e+02 7.480412855232898561e-02
3.080464371497197362e+02 7.404667989912930293e-02
3.084067253803042945e+02 7.327794272343551851e-02
3.087670136108887391e+02 7.249917363159762151e-02
3.091273018414731837e+02 7.171152906368674640e-02
3.094875900720576283e+02 7.091607292643330174e-02
3.098478783026421297e+02 7.011378395899468818e-02
3.102081665332265743e+02 6.930556273867760630e-02
3.105684547638110189e+02 6.849223827041876766e-02
3.109287429943954635e+02 6.767457413124555732e-02
3.112890312249800218e+02 6.685327416085712349e-02
3.116493194555644664e+02 6.602898770360382530e-02
3.120096076861489109e+02 6.520231441678531192e-02
3.123698959167334124e+02 6.437380866644858146e-02
3.127301841473178570e+02 6.354398353561793722e-02
3.130904723779023016e+02 6.271331447178743468e-02
3.134507606084867462e+02 6.188224260112134417e-02
3.138110488390713044e+02 6.105117773646189655e-02
3.141713370696557490e+02 6.022050110533779671e-02
3.145316253002401936e+02 5.939056782282332858e-02
3.148919135308246950e+02 5.856170913253856691e-02
3.152522017614091396e+02 5.773423443743175287e-02
3.156124899919935842e+02 5.690843314026421129e-02
3.159727782225780288e+02 5.608457631204682298e-02
3.163330664531624734e+02 5.526291820508775349e-02
3.166933546837470317e+02 5.444369762574137461e-02
3.170536429143314763e+02 5.362713918059164309e-02
3.174139311449159777e+02 5.281345440840091304e-02
3.177742193755004223e+02 5.200284280902737338e-02
3.181345076060848669e+02 5.119549277935010745e-02
3.184947958366693115e+02 5.039158246525873852e-02
3.188550840672537561e+02 4.959128053785827328e-02
3.192153722978383144e+02 4.879474690120786523e-02
3.195756605284227589e+02 4.800213333816637923e-02
3.199359487590072604e+02 4.721358410027522851e-02
3.202962369895917050e+02 4.642923644698468411e-02
3.206565252201761496e+02 4.564922113900295175e-02
3.210168134507605942e+02 4.487366289007343328e-02
3.213771016813450387e+02 4.410268078103930789e-02
3.217373899119295402e+02 4.333638863967927829e-02
3.220976781425140416e+02 4.257489538944880109e-02
3.224579663730984862e+02 4.181830536995045228e-02
3.228182546036829876e+02 4.106671863167767056e-02
3.231785428342674322e+02 4.032023120733377319e-02
3.235388310648518768e+02 3.957893536178964250e-02
3.238991192954363214e+02 3.884291982257299936e-02
3.242594075260208228e+02 3.811226999256025344e-02
3.246196957566053243e+02 3.738706814642150239e-02
3.249799839871897689e+02 3.666739361220196919e-02
3.253402722177742703e+02 3.595332293929440204e-02
3.257005604483587149e+02 3.524493005394766648e-02
3.260608486789431595e+02 3.454228640334969930e-02
3.264211369095276041e+02 3.384546108921939606e-02
3.267814251401121055e+02 3.315452099176861844e-02
3.271417133706965501e+02 3.246953088481353139e-02
3.275020016012810515e+02 3.179055354273971346e-02
3.278622898318654961e+02 3.111764983997335893e-02
3.282225780624499407e+02 3.045087884354104671e-02
3.285828662930344422e+02 2.979029789926839963e-02
3.289431545236188867e+02 2.913596271209532504e-02
3.293034427542033882e+02 2.848792742096715666e-02
3.296637309847878328e+02 2.784624466871154710e-02
3.300240192153723342e+02 2.721096566727857283e-02
3.303843074459567788e+02 2.658214025867945696e-02
3.307445956765412234e+02 2.595981697196363819e-02
3.311048839071256680e+02 2.534404307649931395e-02
3.314651721377101694e+02 2.473486463184630668e-02
3.318254603682946708e+02 2.413232653444586859e-02
3.321857485988791154e+02 2.353647256137836666e-02
3.325460368294635600e+02 2.294734541137053579e-02
3.329063250600480615e+02 2.236498674326618114e-02
3.332666132906325061e+02 2.178943721212678319e-02
3.336269015212169506e+02 2.122073650312049364e-02
3.339871897518014521e+02 2.065892336336225613e-02
3.343474779823859535e+02 2.010403563183582251e-02
3.347077662129703981e+02 1.955611026752861539e-02
3.350680544435548427e+02 1.901518337589574309e-02
3.354283426741393441e+02 1.848129023376913690e-02
3.357886309047237887e+02 1.795446531281022148e-02
3.361489191353082333e+02 1.743474230159797189e-02
3.365092073658926779e+02 1.692215412644645228e-02
3.368694955964772362e+02 1.641673297102787948e-02
3.372297838270616808e+02 1.591851029487969041e-02
3.375900720576461254e+02 1.542751685086499007e-02
3.379503602882305699e+02 1.494378270165167347e-02
3.383106485188150714e+02 1.446733723526920888e-02
3.386709367493995160e+02 1.399820917980435994e-02
3.390312249799839606e+02 1.353642661728581865e-02
3.393915132105684052e+02 1.308201699680120247e-02
3.397518014411529634e+02 1.263500714690533010e-02
3.401120896717374080e+02 1.219542328734606745e-02
3.404723779023218526e+02 1.176329104016540610e-02
3.408326661329063541e+02 1.133863544019562096e-02
3.411929543634907986e+02 1.092148094499830087e-02
3.415532425940752432e+02 1.051185144427116067e-02
3.419135308246596878e+02 1.010977026875695475e-02
3.422738190552442461e+02 9.715260198680620435e-03
3.426341072858286907e+02 9.328343471741936538e-03
3.429943955164131353e+02 8.949041790691496245e-03
3.433546837469976367e+02 8.577376330505405433e-03
3.437149719775820813e+02 8.213367745189931526e-03
3.440752602081665259e+02 7.857036174229781178e-03
3.444355484387509705e+02 7.508401248705754392e-03
3.447958366693354151e+02 7.167482097088702722e-03
3.451561248999199734e+02 6.834297350741273293e-03
3.455164131305044179e+02 6.508865149131104998e-03
3.458767013610888625e+02 6.191203144775388016e-03
3.462369895916733640e+02 5.881328507932296820e-03
3.465972778222578086e+02 5.579257931051813564e-03
3.469575660528422532e+02 5.285007632989639423e-03
3.473178542834266977e+02 4.998593363013678972e-03
3.476781425140112560e+02 4.720030404595658251e-03
3.480384307445957006e+02 4.449333579008844103e-03
3.483987189751801452e+02 4.186517248738994522e-03
3.487590072057646466e+02 3.931595320716751302e-03
3.491192954363490912e+02 3.684581249379488121e-03
3.494795836669335358e+02 3.445488039574326044e-03
3.498398718975179804e+02 3.214328249305009599e-03
3.502001601281024250e+02 2.991113992331005233e-03
3.505604483586869833e+02 2.775856940630979514e-03
3.509207365892714279e+02 2.568568326726798634e-03
3.512810248198558725e+02 2.369258945880776870e-03
3.516413130504403739e+02 2.177939158176955738e-03
3.520016012810248185e+02 1.994618890471988766e-03
3.523618895116092631e+02 1.819307638247809247e-03
3.527221777421937077e+02 1.652014467344752133e-03
3.530824659727782660e+02 1.492748015599432024e-03
3.534427542033627105e+02 1.341516494377487795e-03
3.538030424339471551e+02 1.198327690011302552e-03
3.541633306645316566e+02 1.063188965148228549e-03
3.545236188951161012e+02 9.361072600064832905e-04
3.548839071257005457e+02 8.170890935454058063e-04
3.552441953562849903e+02 7.061405645537151493e-04
3.556044835868694918e+02 6.032673526522758668e-04
3.559647718174539932e+02 5.084747192286888373e-04
3.563250600480384378e+02 4.217675082799143349e-04
3.566853482786228824e+02 3.431501471992344835e-04
3.570456365092073838e+02 2.726266474729214574e-04
3.574059247397918284e+02 2.102006053165158650e-04
3.577662129703762730e+02 1.558752022421295994e-04
3.581265012009607744e+02 1.096532055514611893e-04
3.584867894315452759e+02 7.153696876849439436e-05
3.588470776621297205e+02 4.152843200038321928e-05
3.592073658927141651e+02 1.962912223758321258e-05
3.595676541232986665e+02 5.840153588790600429e-06
3.599279423538831111e+02 1.622274513440881384e-07
3.602882305844675557e+02 2.595632618253492109e-06
3.606485188150520571e+02 1.314024532258279241e-05
3.610088070456365017e+02 3.179552921802345162e-05
3.613690952762210031e+02 5.856053529689491278e-05
3.617293835068054477e+02 9.343390174688192922e-05
3.620896717373898923e+02 1.364138537385780389e-04
3.624499599679743937e+02 1.874982031547488552e-04
3.628102481985588383e+02 2.466843482533120913e-04
3.631705364291433398e+02 3.139692732625785150e-04
3.635308246597277844e+02 3.893495479117377246e-04
3.638911128903122858e+02 4.728213268936045841e-04
3.642514011208967304e+02 5.643803492609375137e-04
3.646116893514811750e+02 6.640219377452672789e-04
3.649719775820656764e+02 7.717409980149002487e-04
3.653322658126501210e+02 8.875320178474287343e-04
3.656925540432346224e+02 1.011389066238941323e-03
3.660528422738190670e+02 1.143305792424176683e-03
3.664131305044035116e+02 1.283275424823262460e-03
3.667734187349880131e+02 1.431290769907327771e-03
3.671337069655724576e+02 1.587344210974041053e-03
3.674939951961569022e+02 1.751427706838965025e-03
3.678542834267414037e+02 1.923532790431232336e-03
3.682145716573259051e+02 2.103650567304167929e-03
3.685748598879103497e+02 2.291771714034515281e-03
3.689351481184947943e+02 2.487886476530351988e-03
3.692954363490792389e+02 2.691984668227244502e-03
3.696557245796637403e+02 2.904055668177668581e-03
3.700160128102481849e+02 3.124088419018555655e-03
3.703763010408326863e+02 3.352071424827446529e-03
3.707365892714171878e+02 3.587992748845058796e-03
3.710968775020016324e+02 3.831840011067906126e-03
3.714571657325860770e+02 4.083600385707842131e-03
3.718174539631705215e+02 4.343260598504120225e-03
3.721777421937550230e+02 4.610806923880480211e-03
3.725380304243394676e+02 4.886225181952707358e-03
3.728983186549239122e+02 5.169500735360339945e-03
3.732586068855084704e+02 5.460618485932486506e-03
3.736188951160929150e+02 5.759562871164316221e-03
3.739791833466773596e+02 6.066317860502635183e-03
3.743394715772618042e+02 6.380866951429775905e-03
3.746997598078462488e+02 6.703193165331607431e-03
3.750600480384307502e+02 7.033279043143409771e-03
3.754203362690151948e+02 7.371106640755796177e-03
3.757806244995997531e+02 7.716657524175793079e-03
3.761409127301841977e+02 8.069912764417987508e-03
3.765012009607686423e+02 8.430852932125015159e-03
3.768614891913530869e+02 8.799458091889939687e-03
3.772217774219375315e+02 9.175707796269355968e-03
3.775820656525220329e+02 9.559581079470436463e-03
3.779423538831064775e+02 9.951056450693116298e-03
3.783026421136909221e+02 1.035011188710345011e-02
3.786629303442754804e+02 1.075672482642157750e-02
3.790232185748599250e+02 1.117087215909851571e-02
3.793835068054443695e+02 1.159253022006126975e-02
3.797437950360288141e+02 1.202167477999368898e-02
3.801040832666132587e+02 1.245828103613366017e-02
3.804643714971977602e+02 1.290232360255134242e-02
3.808246597277822048e+02 1.335377649987826328e-02
3.811849479583667630e+02 1.381261314445319729e-02
3.815452361889512076e+02 1.427880633685241901e-02
3.819055244195356522e+02 1.475232824975581357e-02
3.822658126501200968e+02 1.523315041512388751e-02
3.826261008807045414e+02 1.572124371061953477e-02
3.829863891112890428e+02 1.621657834524772163e-02
3.833466773418734874e+02 1.671912384414869432e-02
3.837069655724579320e+02 1.722884903249318270e-02
3.840672538030424903e+02 1.774572201842380959e-02
3.844275420336269349e+02 1.826971017497395697e-02
3.847878302642113795e+02 1.880078012089922423e-02
3.851481184947958241e+02 1.933889770034933828e-02
3.855084067253802687e+02 1.988402796129655134e-02
3.858686949559647701e+02 2.043613513264065651e-02
3.862289831865492147e+02 2.099518259989218566e-02
3.865892714171337730e+02 2.156113287934722372e-02
3.869495596477182175e+02 2.213394759063131920e-02
3.873098478783026621e+02 2.271358742750613155e-02
3.876701361088871067e+02 2.330001212681789835e-02
3.880304243394715513e+02 2.389318043544063144e-02
3.883907125700560528e+02 2.449305007507877885e-02
3.887510008006404973e+02 2.509957770476992089e-02
3.891112890312249419e+02 2.571271888090834179e-02
3.894715772618095002e+02 2.633242801461681618e-02
3.898318654923939448e+02 2.695865832625110245e-02
3.901921537229783894e+02 2.759136179683133877e-02
3.905524419535628340e+02 2.823048911615411855e-02
3.909127301841472786e+02 2.887598962732909613e-02
3.912730184147317800e+02 2.952781126746125903e-02
3.916333066453162246e+02 3.018590050416964862e-02
3.919935948759007829e+02 3.085020226760865764e-02
3.923538831064852275e+02 3.152065987763254945e-02
3.927141713370696721e+02 3.219721496569745434e-02
3.930744595676541167e+02 3.287980739107741052e-02
3.934347477982385612e+02 3.356837515090636825e-02
3.937950360288230627e+02 3.426285428354463453e-02
3.941553242594075073e+02 3.496317876467974067e-02
3.945156124899920087e+02 3.566928039555815333e-02
3.948759007205765101e+02 3.638108868265335638e-02
3.952361889511609547e+02 3.709853070802320019e-02
3.955964771817453993e+02 3.782153098953165010e-02
3.959567654123298439e+02 3.855001133002848579e-02
3.963170536429142885e+02 3.928389065449505030e-02
3.966773418734987899e+02 4.002308483404759532e-02
3.970376301040832914e+02 4.076750649560108991e-02
3.973979183346677928e+02 4.151706481584763186e-02
3.977582065652522374e+02 4.227166529807967893e-02
3.981184947958366820e+02 4.303120953023937406e-02
3.984787830264211266e+02 4.379559492237566909e-02
3.988390712570055712e+02 4.456471442153638052e-02
3.991993594875900158e+02 4.533845620187663961e-02
3.995596477181745740e+02 4.611670332755257729e-02
3.999199359487590755e+02 4.689933338567745663e-02
4.002802241793435201e+02 4.768621808634787573e-02
4.006405124099279647e+02 4.847722282639297525e-02
4.010008006405124092e+02 4.927220621314432752e-02
4.013610888710968538e+02 5.007101954410472094e-02
4.017213771016812984e+02 5.087350623793852888e-02
4.020816653322658567e+02 5.167950121168191774e-02
4.024419535628503013e+02 5.248883019851349058e-02
4.028022417934348027e+02 5.330130899977169462e-02
4.031625300240192473e+02 5.411674266420734430e-02
4.035228182546036919e+02 5.493492458666796724e-02
4.038831064851881365e+02 5.575563551752667907e-02
4.042433947157725811e+02 5.657864247321613138e-02
4.046036829463570257e+02 5.740369753716082629e-02
4.049639711769415840e+02 5.823053653921712869e-02
4.053242594075260854e+02 5.905887760047830864e-02
4.056845476381105300e+02 5.988841952890353731e-02
4.060448358686949746e+02 6.071884004974919397e-02
4.064051240992794192e+02 6.154979385320644147e-02
4.067654123298638638e+02 6.238091043998231916e-02
4.071257005604483084e+02 6.321179174389081334e-02
4.074859887910328666e+02 6.404200950880489795e-02
4.078462770216173112e+02 6.487110239572024817e-02
4.082065652522018127e+02 6.569857279424422269e-02
4.085668534827862572e+02 6.652388331171275870e-02
4.089271417133707018e+02 6.734645291253317512e-02
4.092874299439551464e+02 6.816565268054577964e-02
4.096477181745395910e+02 6.898080117852777027e-02
4.100080064051240356e+02 6.979115938189148216e-02
4.103682946357085939e+02 7.059592516880393298e-02
4.107285828662930953e+02 7.139422735712233625e-02
4.110888710968775399e+02 7.218511929073226363e-02
4.114491593274619845e+02 7.296757199530079507e-02
4.118094475580464291e+02 7.374046694766575594e-02
4.121697357886308737e+02 7.450258853582196472e-02
4.125300240192153183e+02 7.525261632978298698e-02
4.128903122497998766e+02 7.598911733972296689e-02
4.132506004803843211e+02 7.671053850888646941e-02
4.136108887109688226e+02 7.741519977666715124e-02
4.139711769415532672e+02 7.810128815302520844e-02
4.143314651721377118e+02 7.876685336841388052e-02
4.146917534027221564e+02 7.940980580032737379e-02
4.150520416333066009e+02 8.002791752115528956e-02
4.154123298638910455e+02 8.061882744917762966e-02
4.157726180944756038e+02 8.118005169505988772e-02
4.161329063250601052e+02 8.170900025153286783e-02
4.164931945556445498e+02 8.220300113736443703e-02
4.168534827862289944e+02 8.265933293589558528e-02
4.172137710168134390e+02 8.307526632123281296e-02
4.175740592473978836e+02 8.344811460992102026e-02
4.179343474779823282e+02 8.377529260540646228e-02
4.182946357085668865e+02 8.405438204994429563e-02
4.186549239391513311e+02 8.428320095025261527e-02
4.190152121697358325e+02 8.445987304203861346e-02
4.193755004003202771e+02 8.458289289032559777e-02
4.197357886309047217e+02 8.465118178205574551e-02
4.200960768614891663e+02 8.466412980860250903e-02
4.204563650920736109e+02 8.462162041808946045e-02
4.208166533226581123e+02 8.452403516999203170e-02
4.211769415532426137e+02 8.437223824483158774e-02
4.215372297838270583e+02 8.416754215629315694e-02
4.218975180144115598e+02 8.391165776944860266e-02
4.222578062449960044e+02 8.360663289446780555e-02
4.226180944755804489e+02 8.325478426554465405e-02
4.229783827061648935e+02 8.285862763117612939e-02
4.233386709367493950e+02 8.242081009031071437e-02
4.236989591673338964e+02 8.194404789175295523e-02
4.240592473979183410e+02 8.143107186691259103e-02
4.244195356285028424e+02 8.088458165442659331e-02
4.247798238590872870e+02 8.030720901249938093e-02
4.251401120896717316e+02 7.970148985791594698e-02
4.255004003202561762e+02 7.906984422920741717e-02
4.258606885508406776e+02 7.841456312321147537e-02
4.262209767814251222e+02 7.773780106049067717e-02
4.265812650120096237e+02 7.704157325249290367e-02
4.269415532425940683e+02 7.632775633219769651e-02
4.273018414731785697e+02 7.559809173771712965e-02
4.276621297037630143e+02 7.485419098091405932e-02
4.280224179343474589e+02 7.409754217436921586e-02
4.283827061649319603e+02 7.332951732014830748e-02
4.287429943955164049e+02 7.255137997783797643e-02
4.291032826261008495e+02 7.176429302552507494e-02
4.294635708566853509e+02 7.096932630612508286e-02
4.298238590872698524e+02 7.016746401432603919e-02
4.301841473178542969e+02 6.935961172840711397e-02
4.305444355484387984e+02 6.854660302862961019e-02
4.309047237790232430e+02 6.772920567182312557e-02
4.312650120096076876e+02 6.690812731219086817e-02
4.316253002401921322e+02 6.608402077282037046e-02
4.319855884707766336e+02 6.525748888228762035e-02
4.323458767013610782e+02 6.442908889720964927e-02
4.327061649319455796e+02 6.359933653549053323e-02
4.330664531625300810e+02 6.276870964701251887e-02
4.334267413931145256e+02 6.193765154919952942e-02
4.337870296236989702e+02 6.110657405461680097e-02
4.341473178542834148e+02 6.027586021685390344e-02
4.345076060848678594e+02 5.944586681964850877e-02
4.348678943154523608e+02 5.861692663265663517e-02
4.352281825460368623e+02 5.778935045560845002e-02
4.355884707766213637e+02 5.696342897089284180e-02
4.359487590072058083e+02 5.613943442293083813e-02
4.363090472377902529e+02 5.531762214109187809e-02
4.366693354683746975e+02 5.449823192136291766e-02
4.370296236989591421e+02 5.368148928055885283e-02
4.373899119295436435e+02 5.286760659553661063e-02
4.377502001601280881e+02 5.205678413865236220e-02
4.381104883907126464e+02 5.124921101959369757e-02
4.384707766212970910e+02 5.044506604270485722e-02
4.388310648518815356e+02 4.964451848800381650e-02
4.391913530824659802e+02 4.884772882327369226e-02
4.395516413130504247e+02 4.805484935384578271e-02
4.399119295436348693e+02 4.726602481604019051e-02
4.402722177742193708e+02 4.648139291961381203e-02
4.406325060048039290e+02 4.570108484403162530e-02
4.409927942353883736e+02 4.492522569288834311e-02
4.413530824659728182e+02 4.415393491037480217e-02
4.417133706965572628e+02 4.338732666329626203e-02
4.420736589271417074e+02 4.262551019179432188e-02
4.424339471577261520e+02 4.186859013161987192e-02
4.427942353883106534e+02 4.111666681051925204e-02
4.431545236188950980e+02 4.036983652104469966e-02
4.435148118494796563e+02 3.962819177188117714e-02
4.438751000800641009e+02 3.889182151957271821e-02
4.442353883106485455e+02 3.816081138235545567e-02
4.445956765412329901e+02 3.743524383764045699e-02
4.449559647718174347e+02 3.671519840454423589e-02
4.453162530024018793e+02 3.600075181273278135e-02
4.456765412329863807e+02 3.529197815872777561e-02
4.460368294635709390e+02 3.458894905072001230e-02
4.463971176941553836e+02 3.389173374283446089e-02
4.467574059247398282e+02 3.320039925970848238e-02
4.471176941553242727e+02 3.251501051217004640e-02
4.474779823859087173e+02 3.183563040472620065e-02
4.478382706164931619e+02 3.116231993551268550e-02
4.481985588470776634e+02 3.049513828930138989e-02
4.485588470776621079e+02 2.983414292410309018e-02
4.489191353082466662e+02 2.917938965186238354e-02
4.492794235388311108e+02 2.853093271369714842e-02
4.496397117694155554e+02 2.788882485009688481e-02
4.500000000000000000e+02 2.725311736646046645e-02
