Theta (degrees)	Normalized Energy
0.000000000000000000e+00 9.992569510317553805e-01
3.602882305844675725e-01 9.992570166337584325e-01
7.205764611689351451e-01 9.992572134169586118e-01
1.080864691753402829e+00 9.992575413129357598e-01
1.441152922337870290e+00 9.992580002076800749e-01
1.801441152922337974e+00 9.992585899416323025e-01
2.161729383506805657e+00 9.992593103097293650e-01
2.522017614091273341e+00 9.992601610614763041e-01
2.882305844675740580e+00 9.992611419010243301e-01
3.242594075260207820e+00 9.992622524872643019e-01
3.602882305844675948e+00 9.992634924339429681e-01
3.963170536429143187e+00 9.992648613097806498e-01
4.323458767013611315e+00 9.992663586386169028e-01
4.683746997598078110e+00 9.992679838995606190e-01
5.044035228182546682e+00 9.992697365271582255e-01
5.404323458767013477e+00 9.992716159115802022e-01
5.764611689351481161e+00 9.992736213988144822e-01
6.124899919935949733e+00 9.992757522908816137e-01
6.485188150520415640e+00 9.992780078460585802e-01
6.845476381104885100e+00 9.992803872791204967e-01
7.205764611689351895e+00 9.992828897615949613e-01
7.566052842273819579e+00 9.992855144220311736e-01
7.926341072858286374e+00 9.992882603462831526e-01
8.286629303442753169e+00 9.992911265778076091e-01
8.646917534027222629e+00 9.992941121179729214e-01
9.007205764611688537e+00 9.992972159263872056e-01
9.367493995196156220e+00 9.993004369212356020e-01
9.727782225780625680e+00 9.993037739796339913e-01
1.008807045636509336e+01 9.993072259379953692e-01
1.044835868694956105e+01 9.993107915924082096e-01
1.080864691753402695e+01 9.993144696990328146e-01
1.116893514811849464e+01 9.993182589745084332e-01
1.152922337870296232e+01 9.993221580963733697e-01
1.188951160928743001e+01 9.993261657034960832e-01
1.224979983987189947e+01 9.993302803965260495e-01
1.261008807045636537e+01 9.993345007383512835e-01
1.297037630104083128e+01 9.993388252545740702e-01
1.333066453162530074e+01 9.993432524339930234e-01
1.369095276220977020e+01 9.993477807291043513e-01
1.405124099279423611e+01 9.993524085566120041e-01
1.441152922337870379e+01 9.993571342979513661e-01
1.477181745396317147e+01 9.993619562998243833e-01
1.513210568454763916e+01 9.993668728747499008e-01
1.549239391513210684e+01 9.993718823016207731e-01
1.585268214571657275e+01 9.993769828262765165e-01
1.621297037630104043e+01 9.993821726620910617e-01
1.657325860688550634e+01 9.993874499905607278e-01
1.693354683746997935e+01 9.993928129619197298e-01
1.729383506805444526e+01 9.993982596957511344e-01
1.765412329863891117e+01 9.994037882816196872e-01
1.801441152922337707e+01 9.994093967797118561e-01
1.837469975980784653e+01 9.994150832214869773e-01
1.873498799039231244e+01 9.994208456103369498e-01
1.909527622097677835e+01 9.994266819222623610e-01
1.945556445156125136e+01 9.994325901065502782e-01
1.981585268214571727e+01 9.994385680864701360e-01
2.017614091273018673e+01 9.994446137599749536e-01
2.053642914331465263e+01 9.994507250004117660e-01
2.089671737389912209e+01 9.994568996572485986e-01
2.125700560448358800e+01 9.994631355567969999e-01
2.161729383506805391e+01 9.994694305029599990e-01
2.197758206565252337e+01 9.994757822779736234e-01
2.233787029623698928e+01 9.994821886431705105e-01
2.269815852682145874e+01 9.994886473397420756e-01
2.305844675740592464e+01 9.994951560895110054e-01
2.341873498799039055e+01 9.995017125957192938e-01
2.377902321857486001e+01 9.995083145438093952e-01
2.413931144915932592e+01 9.995149596022275817e-01
2.449959967974379893e+01 9.995216454232269676e-01
2.485988791032826484e+01 9.995283696436749743e-01
2.522017614091273074e+01 9.995351298858780043e-01
2.558046437149719665e+01 9.995419237583964556e-01
2.594075260208166256e+01 9.995487488568851608e-01
2.630104083266613202e+01 9.995556027649227238e-01
2.666132906325060148e+01 9.995624830548570650e-01
2.702161729383506739e+01 9.995693872886518561e-01
2.738190552441954040e+01 9.995763130187381718e-01
2.774219375500400631e+01 9.995832577888756898e-01
2.810248198558847221e+01 9.995902191350077848e-01
2.846277021617293812e+01 9.995971945861359398e-01
2.882305844675740758e+01 9.996041816651839440e-01
2.918334667734187704e+01 9.996111778898731925e-01
2.954363490792634295e+01 9.996181807736012059e-01
2.990392313851080885e+01 9.996251878263218149e-01
3.026421136909527831e+01 9.996321965554254563e-01
3.062449959967974422e+01 9.996392044666281285e-01
3.098478783026421368e+01 9.996462090648552401e-01
3.134507606084867959e+01 9.996532078551365608e-01
3.170536429143314550e+01 9.996601983434910688e-01
3.206565252201760785e+01 9.996671780378226790e-01
3.242594075260208086e+01 9.996741444488113082e-01
3.278622898318654677e+01 9.996810950908093796e-01
3.314651721377101268e+01 9.996880274827310009e-01
3.350680544435548569e+01 9.996949391489490244e-01
3.386709367493995870e+01 9.997018276201866671e-01
3.422738190552442461e+01 9.997086904344119063e-01
3.458767013610889052e+01 9.997155251377216612e-01
3.494795836669335642e+01 9.997223292852432941e-01
3.530824659727782233e+01 9.997291004420114646e-01
3.566853482786228824e+01 9.997358361838598606e-01
3.602882305844675415e+01 9.997425340983018272e-01
3.638911128903122716e+01 9.997491917854124388e-01
3.674939951961569307e+01 9.997558068587054647e-01
3.710968775020015897e+01 9.997623769460057819e-01
3.746997598078462488e+01 9.997688996903201231e-01
3.783026421136909079e+01 9.997753727507038279e-01
3.819055244195355669e+01 9.997817938031192675e-01
3.855084067253803681e+01 9.997881605412934913e-01
3.891112890312250272e+01 9.997944706775698798e-01
3.927141713370696863e+01 9.998007219437525794e-01
3.963170536429143453e+01 9.998069120919454988e-01
3.999199359487590755e+01 9.998130388953850867e-01
4.035228182546037345e+01 9.998191001492690022e-01
4.071257005604483936e+01 9.998250936715732395e-01
4.107285828662930527e+01 9.998310173038655879e-01
4.143314651721377118e+01 9.998368689121081010e-01
4.179343474779824419e+01 9.998426463874563463e-01
4.215372297838271010e+01 9.998483476470474418e-01
4.251401120896717600e+01 9.998539706347759903e-01
4.287429943955164191e+01 9.998595133220686826e-01
4.323458767013610782e+01 9.998649737086445777e-01
4.359487590072058083e+01 9.998703498232631715e-01
4.395516413130504674e+01 9.998756397244725758e-01
4.431545236188951264e+01 9.998808415013327178e-01
4.467574059247397855e+01 9.998859532741447564e-01
4.503602882305844446e+01 9.998909731951524105e-01
4.539631705364291747e+01 9.998958994492470609e-01
4.575660528422738338e+01 9.999007302546502052e-01
4.611689351481184929e+01 9.999054638635905823e-01
4.647718174539631519e+01 9.999100985629683080e-01
4.683746997598078110e+01 9.999146326750013580e-01
4.719775820656525411e+01 9.999190645578680536e-01
4.755804643714972002e+01 9.999233926063283429e-01
4.791833466773418593e+01 9.999276152523366434e-01
4.827862289831865183e+01 9.999317309656394759e-01
4.863891112890311774e+01 9.999357382543605510e-01
4.899919935948759786e+01 9.999396356655670948e-01
4.935948759007206377e+01 9.999434217858305107e-01
4.971977582065652967e+01 9.999470952417628400e-01
5.008006405124099558e+01 9.999506547005455603e-01
5.044035228182546149e+01 9.999540988704395117e-01
5.080064051240992740e+01 9.999574265012789454e-01
5.116092874299439330e+01 9.999606363849548041e-01
5.152121697357885921e+01 9.999637273558770190e-01
5.188150520416332512e+01 9.999666982914215962e-01
5.224179343474779103e+01 9.999695481123657137e-01
5.260208166533226404e+01 9.999722757832983921e-01
5.296236989591673705e+01 9.999748803130250607e-01
5.332265812650120296e+01 9.999773607549463650e-01
5.368294635708566886e+01 9.999797162074239854e-01
5.404323458767013477e+01 9.999819458141269157e-01
5.440352281825460778e+01 9.999840487643670839e-01
5.476381104883908080e+01 9.999860242934062171e-01
5.512409927942354670e+01 9.999878716827578229e-01
5.548438751000801261e+01 9.999895902604590825e-01
5.584467574059247852e+01 9.999911794013335298e-01
5.620496397117694443e+01 9.999926385272359664e-01
5.656525220176141033e+01 9.999939671072715086e-01
5.692554043234587624e+01 9.999951646580022002e-01
5.728582866293034215e+01 9.999962307436379705e-01
5.764611689351481516e+01 9.999971649762007253e-01
5.800640512409927396e+01 9.999979670156766698e-01
5.836669335468375408e+01 9.999986365701505342e-01
5.872698158526820578e+01 9.999991733959141538e-01
5.908726981585268589e+01 9.999995772975646124e-01
5.944755804643715180e+01 9.999998481280796270e-01
5.980784627702161771e+01 9.999999857888711707e-01
6.016813450760608362e+01 9.999999902298292165e-01
6.052842273819055663e+01 9.999998614493363913e-01
6.088871096877501543e+01 9.999995994942727506e-01
6.124899919935948844e+01 9.999992044599926855e-01
6.160928742994395435e+01 9.999986764902920600e-01
6.196957566052842736e+01 9.999980157773510347e-01
6.232986389111290038e+01 9.999972225616586829e-01
6.269015212169735918e+01 9.999962971319226179e-01
6.305044035228183219e+01 9.999952398249514207e-01
6.341072858286629099e+01 9.999940510255296289e-01
6.377101681345076400e+01 9.999927311662670792e-01
6.413130504403521570e+01 9.999912807274303761e-01
6.449159327461970292e+01 9.999897002367544863e-01
6.485188150520416173e+01 9.999879902692440092e-01
6.521216973578863474e+01 9.999861514469473578e-01
6.557245796637309354e+01 9.999841844387136192e-01
6.593274619695756655e+01 9.999820899599389801e-01
6.629303442754202536e+01 9.999798687722848411e-01
6.665332265812651258e+01 9.999775216833878266e-01
6.701361088871097138e+01 9.999750495465444811e-01
6.737389911929544439e+01 9.999724532603830873e-01
6.773418734987991741e+01 9.999697337685180543e-01
6.809447558046437621e+01 9.999668920591829879e-01
6.845476381104884922e+01 9.999639291648517725e-01
6.881505204163330802e+01 9.999608461618400002e-01
6.917534027221778103e+01 9.999576441698899698e-01
6.953562850280223984e+01 9.999543243517438063e-01
6.989591673338671285e+01 9.999508879126897121e-01
7.025620496397117165e+01 9.999473361001030014e-01
7.061649319455564466e+01 9.999436702029662616e-01
7.097678142514011768e+01 9.999398915513767472e-01
7.133706965572457648e+01 9.999360015160335680e-01
7.169735788630904949e+01 9.999320015077115542e-01
7.205764611689350829e+01 9.999278929767279056e-01
7.241793434747798131e+01 9.999236774123801963e-01
7.277822257806245432e+01 9.999193563423819375e-01
7.313851080864691312e+01 9.999149313322758248e-01
7.349879903923138613e+01 9.999104039848426551e-01
7.385908726981585914e+01 9.999057759394847089e-01
7.421937550040031795e+01 9.999010488716061351e-01
7.457966373098479096e+01 9.998962244919721298e-01
7.493995196156924976e+01 9.998913045460632310e-01
7.530024019215372277e+01 9.998862908134110716e-01
7.566052842273818158e+01 9.998811851069243639e-01
7.602081665332265459e+01 9.998759892722038911e-01
7.638110488390711339e+01 9.998707051868416240e-01
7.674139311449158640e+01 9.998653347597167285e-01
7.710168134507607363e+01 9.998598799302697016e-01
7.746196957566053243e+01 9.998543426677771739e-01
7.782225780624500544e+01 9.998487249706085045e-01
7.818254603682946424e+01 9.998430288654747145e-01
7.854283426741393725e+01 9.998372564066680956e-01
7.890312249799839606e+01 9.998314096752927149e-01
7.926341072858286907e+01 9.998254907784867029e-01
7.962369895916732787e+01 9.998195018486307761e-01
7.998398718975181509e+01 9.998134450425573139e-01
8.034427542033625969e+01 9.998073225407415610e-01
8.070456365092074691e+01 9.998011365464939404e-01
8.106485188150520571e+01 9.997948892851389324e-01
8.142514011208967872e+01 9.997885830031888466e-01
8.178542834267413753e+01 9.997822199675138188e-01
8.214571657325861054e+01 9.997758024644989305e-01
8.250600480384308355e+01 9.997693327992014378e-01
8.286629303442754235e+01 9.997628132945016732e-01
8.322658126501201536e+01 9.997562462902449543e-01
8.358686949559648838e+01 9.997496341423799393e-01
8.394715772618094718e+01 9.997429792220982048e-01
8.430744595676542019e+01 9.997362839149577241e-01
8.466773418734987899e+01 9.997295506200158943e-01
8.502802241793435201e+01 9.997227817489480195e-01
8.538831064851881081e+01 9.997159797251707891e-01
8.574859887910328382e+01 9.997091469829553212e-01
8.610888710968774262e+01 9.997022859665436467e-01
8.646917534027221564e+01 9.996953991292617525e-01
8.682946357085667444e+01 9.996884889326286272e-01
8.718975180144116166e+01 9.996815578454669726e-01
8.755004003202560625e+01 9.996746083430072538e-01
8.791032826261009347e+01 9.996676429059980773e-01
8.827061649319456649e+01 9.996606640198131277e-01
8.863090472377902529e+01 9.996536741735547738e-01
8.899119295436349830e+01 9.996466758591606716e-01
8.935148118494795710e+01 9.996396715705142544e-01
8.971176941553243012e+01 9.996326638025492262e-01
9.007205764611688892e+01 9.996256550503584970e-01
9.043234587670136193e+01 9.996186478083082250e-01
9.079263410728583494e+01 9.996116445691456409e-01
9.115292233787029375e+01 9.996046478231167542e-01
9.151321056845476676e+01 9.995976600570809500e-01
9.187349879903922556e+01 9.995906837536311373e-01
9.223378702962369857e+01 9.995837213902180052e-01
9.259407526020817158e+01 9.995767754382736126e-01
9.295436349079263039e+01 9.995698483623427499e-01
9.331465172137711761e+01 9.995629426192153000e-01
9.367493995196156220e+01 9.995560606570638162e-01
9.403522818254604942e+01 9.995492049145863200e-01
9.439551641313050823e+01 9.995423778201546483e-01
9.475580464371498124e+01 9.995355817909645779e-01
9.511609287429944004e+01 9.995288192321939436e-01
9.547638110488391305e+01 9.995220925361661957e-01
9.583666933546837186e+01 9.995154040815183993e-01
9.619695756605284487e+01 9.995087562323786701e-01
9.655724579663730367e+01 9.995021513375464961e-01
9.691753402722177668e+01 9.994955917296787229e-01
9.727782225780623548e+01 9.994890797244905256e-01
9.763811048839070850e+01 9.994826176199532730e-01
9.799839871897519572e+01 9.994762076955053809e-01
9.835868694955964031e+01 9.994698522112718253e-01
9.871897518014412753e+01 9.994635534072866534e-01
9.907926341072857213e+01 9.994573135027307043e-01
9.943955164131305935e+01 9.994511346951686637e-01
9.979983987189750394e+01 9.994450191598053257e-01
1.001601281024819912e+02 9.994389690487411881e-01
1.005204163330664642e+02 9.994329864902434801e-01
1.008807045636509230e+02 9.994270735880205203e-01
1.012409927942353960e+02 9.994212324205123954e-01
1.016012810248198548e+02 9.994154650401900764e-01
1.019615692554043278e+02 9.994097734728526472e-01
1.023218574859887866e+02 9.994041597169572855e-01
1.026821457165732738e+02 9.993986257429361419e-01
1.030424339471577184e+02 9.993931734925378674e-01
1.034027221777422056e+02 9.993878048781773549e-01
1.037630104083266502e+02 9.993825217822902562e-01
1.041232986389111375e+02 9.993773260567081484e-01
1.044835868694955821e+02 9.993722195220345883e-01
1.048438751000800693e+02 9.993672039670425944e-01
1.052041633306645281e+02 9.993622811480736834e-01
1.055644515612490011e+02 9.993574527884556691e-01
1.059247397918334741e+02 9.993527205779305644e-01
1.062850280224179329e+02 9.993480861720910324e-01
1.066453162530024059e+02 9.993435511918362657e-01
1.070056044835868647e+02 9.993391172228276442e-01
1.073658927141713377e+02 9.993347858149724816e-01
1.077261809447558107e+02 9.993305584819068832e-01
1.080864691753402695e+02 9.993264367004992543e-01
1.084467574059247426e+02 9.993224219103606920e-01
1.088070456365092156e+02 9.993185155133739173e-01
1.091673338670936744e+02 9.993147188732316444e-01
1.095276220976781616e+02 9.993110333149880509e-01
1.098879103282626062e+02 9.993074601246250133e-01
1.102481985588470934e+02 9.993040005486286681e-01
1.106084867894315380e+02 9.993006557935842915e-01
1.109687750200160252e+02 9.992974270257789504e-01
1.113290632506004698e+02 9.992943153708228055e-01
1.116893514811849570e+02 9.992913219132796288e-01
1.120496397117694158e+02 9.992884476963140861e-01
1.124099279423538889e+02 9.992856937213508983e-01
1.127702161729383477e+02 9.992830609477499904e-01
1.131305044035228207e+02 9.992805502924919647e-01
1.134907926341072795e+02 9.992781626298845588e-01
1.138510808646917525e+02 9.992758987912728763e-01
1.142113690952762113e+02 9.992737595647730453e-01
1.145716573258606843e+02 9.992717456950160893e-01
1.149319455564451573e+02 9.992698578829054545e-01
1.152922337870296303e+02 9.992680967853904139e-01
1.156525220176141033e+02 9.992664630152527927e-01
1.160128102481985479e+02 9.992649571409105702e-01
1.163730984787830209e+02 9.992635796862298081e-01
1.167333867093675082e+02 9.992623311303594491e-01
1.170936749399519670e+02 9.992612119075741095e-01
1.174539631705364116e+02 9.992602224071351902e-01
1.178142514011208846e+02 9.992593629731627569e-01
1.181745396317053718e+02 9.992586339045266275e-01
1.185348278622898306e+02 9.992580354547490051e-01
1.188951160928743036e+02 9.992575678319225441e-01
1.192554043234587908e+02 9.992572311986432920e-01
1.196156925540432354e+02 9.992570256719589539e-01
1.199759807846276942e+02 9.992569513233281464e-01
1.203362690152121672e+02 9.992570081786026348e-01
1.206965572457966545e+02 9.992571962180134548e-01
1.210568454763811133e+02 9.992575153761812379e-01
1.214171337069655578e+02 9.992579655421356399e-01
1.217774219375500309e+02 9.992585465593503136e-01
1.221377101681345181e+02 9.992592582257957545e-01
1.224979983987189769e+02 9.992601002940026955e-01
1.228582866293034357e+02 9.992610724711421533e-01
1.232185748598879087e+02 9.992621744191205746e-01
1.235788630904723817e+02 9.992634057546901927e-01
1.239391513210568547e+02 9.992647660495692641e-01
1.242994395516413135e+02 9.992662548305835113e-01
1.246597277822258008e+02 9.992678715798201106e-01
1.250200160128102453e+02 9.992696157347898955e-01
1.253803042433947184e+02 9.992714866886158731e-01
1.257405924739791772e+02 9.992734837902260692e-01
1.261008807045636644e+02 9.992756063445648040e-01
1.264611689351481374e+02 9.992778536128170686e-01
1.268214571657325820e+02 9.992802248126512188e-01
1.271817453963170408e+02 9.992827191184693314e-01
1.275420336269015280e+02 9.992853356616770988e-01
1.279023218574860010e+02 9.992880735309667140e-01
1.282626100880704314e+02 9.992909317726105245e-01
1.286228983186549328e+02 9.992939093907740045e-01
1.289831865492394058e+02 9.992970053478390513e-01
1.293434747798238504e+02 9.993002185647402724e-01
1.297037630104083235e+02 9.993035479213210337e-01
1.300640512409928249e+02 9.993069922566952812e-01
1.304243394715772695e+02 9.993105503696291247e-01
1.307846277021617141e+02 9.993142210189316366e-01
1.311449159327461871e+02 9.993180029238641904e-01
1.315052041633306885e+02 9.993218947645571282e-01
1.318654923939151331e+02 9.993258951824440794e-01
1.322257806244996061e+02 9.993300027807086039e-01
1.325860688550840507e+02 9.993342161247410482e-01
1.329463570856685521e+02 9.993385337426147208e-01
1.333066453162530252e+02 9.993429541255663962e-01
1.336669335468374697e+02 9.993474757284964705e-01
1.340272217774219428e+02 9.993520969704795531e-01
1.343875100080064158e+02 9.993568162352844952e-01
1.347477982385908888e+02 9.993616318719131808e-01
1.351080864691753334e+02 9.993665421951444250e-01
1.354683746997598348e+02 9.993715454860965242e-01
1.358286629303442794e+02 9.993766399927954680e-01
1.361889511609287524e+02 9.993818239307584728e-01
1.365492393915131970e+02 9.993870954835902820e-01
1.369095276220976984e+02 9.993924528035894594e-01
1.372698158526821430e+02 9.993978940123627863e-01
1.376301040832666160e+02 9.994034172014570894e-01
1.379903923138510606e+02 9.994090204329978411e-01
1.383506805444355621e+02 9.994147017403368638e-01
1.387109687750200351e+02 9.994204591287182415e-01
1.390712570056044797e+02 9.994262905759462301e-01
1.394315452361889527e+02 9.994321940330689324e-01
1.397918334667734257e+02 9.994381674250671921e-01
1.401521216973578987e+02 9.994442086515599177e-01
1.405124099279423433e+02 9.994503155875142930e-01
1.408726981585268163e+02 9.994564860839644238e-01
1.412329863891112893e+02 9.994627179687451957e-01
1.415932746196957623e+02 9.994690090472281296e-01
1.419535628502802354e+02 9.994753571030723371e-01
1.423138510808647084e+02 9.994817598989788054e-01
1.426741393114491530e+02 9.994882151774581169e-01
1.430344275420336260e+02 9.994947206616013879e-01
1.433947157726180990e+02 9.995012740558616438e-01
1.437550040032025720e+02 9.995078730468468509e-01
1.441152922337870166e+02 9.995145153041097297e-01
1.444755804643714896e+02 9.995211984809577732e-01
1.448358686949559626e+02 9.995279202152592690e-01
1.451961569255404356e+02 9.995346781302630879e-01
1.455564451561249086e+02 9.995414698354245786e-01
1.459167333867093532e+02 9.995482929272303529e-01
1.462770216172938262e+02 9.995551449900383911e-01
1.466373098478782993e+02 9.995620235969194800e-01
1.469975980784627723e+02 9.995689263105025368e-01
1.473578863090472169e+02 9.995758506838281487e-01
1.477181745396317183e+02 9.995827942612063310e-01
1.480784627702161629e+02 9.995897545790753957e-01
1.484387510008006359e+02 9.995967291668725885e-01
1.487990392313851089e+02 9.996037155478995073e-01
1.491593274619695819e+02 9.996107112401979577e-01
1.495196156925540265e+02 9.996177137574243643e-01
1.498799039231384995e+02 9.996247206097361726e-01
1.502401921537230010e+02 9.996317293046672603e-01
1.506004803843074455e+02 9.996387373480161154e-01
1.509607686148919186e+02 9.996457422447362351e-01
1.513210568454763632e+02 9.996527414998201966e-01
1.516813450760608646e+02 9.996597326191941635e-01
1.520416333066453092e+02 9.996667131106075077e-01
1.524019215372297822e+02 9.996736804845299806e-01
1.527622097678142268e+02 9.996806322550383372e-01
1.531224979983987282e+02 9.996875659407167269e-01
1.534827862289831728e+02 9.996944790655448720e-01
1.538430744595676458e+02 9.997013691597973484e-01
1.542033626901521473e+02 9.997082337609272118e-01
1.545636509207365918e+02 9.997150704144657229e-01
1.549239391513210649e+02 9.997218766749083052e-01
1.552842273819055094e+02 9.997286501066026121e-01
1.556445156124900109e+02 9.997353882846350404e-01
1.560048038430744555e+02 9.997420887957122471e-01
1.563650920736589285e+02 9.997487492390436659e-01
1.567253803042433731e+02 9.997553672272226910e-01
1.570856685348278745e+02 9.997619403870906529e-01
1.574459567654123475e+02 9.997684663606154487e-01
1.578062449959967921e+02 9.997749428057561838e-01
1.581665332265812367e+02 9.997813673973202642e-01
1.585268214571657381e+02 9.997877378278265947e-01
1.588871096877502112e+02 9.997940518083487937e-01
1.592473979183346557e+02 9.998003070693678440e-01
1.596076861489191572e+02 9.998065013616086461e-01
1.599679743795036302e+02 9.998126324568731293e-01
1.603282626100880748e+02 9.998186981488693670e-01
1.606885508406725194e+02 9.998246962540284777e-01
1.610488390712570208e+02 9.998306246123214169e-01
1.614091273018414938e+02 9.998364810880582265e-01
1.617694155324259384e+02 9.998422635706918360e-01
1.621297037630104114e+02 9.998479699756006589e-01
1.624899919935948844e+02 9.998535982448734094e-01
1.628502802241793574e+02 9.998591463480765995e-01
1.632105684547638020e+02 9.998646122830193717e-01
1.635708566853482751e+02 9.998699940765030103e-01
1.639311449159327481e+02 9.998752897850650134e-01
1.642914331465172211e+02 9.998804974957111735e-01
1.646517213771016941e+02 9.998856153266362234e-01
1.650120096076861671e+02 9.998906414279319366e-01
1.653722978382706117e+02 9.998955739822931177e-01
1.657325860688550847e+02 9.999004112056968374e-01
1.660928742994395577e+02 9.999051513480855524e-01
1.664531625300240307e+02 9.999097926940254677e-01
1.668134507606084753e+02 9.999143335633614571e-01
1.671737389911929768e+02 9.999187723118549975e-01
1.675340272217774213e+02 9.999231073318075591e-01
1.678943154523618944e+02 9.999273370526754467e-01
1.682546036829463389e+02 9.999314599416671001e-01
1.686148919135308404e+02 9.999354745043289583e-01
1.689751801441152850e+02 9.999393792851165585e-01
1.693354683746997580e+02 9.999431728679492037e-01
1.696957566052842026e+02 9.999468538767537495e-01
1.700560448358687040e+02 9.999504209759911832e-01
1.704163330664531770e+02 9.999538728711673263e-01
1.707766212970376216e+02 9.999572083093308805e-01
1.711369095276221231e+02 9.999604260795533772e-01
1.714971977582065676e+02 9.999635250133963593e-01
1.718574859887910407e+02 9.999665039853578019e-01
1.722177742193754852e+02 9.999693619133074307e-01
1.725780624499599867e+02 9.999720977589026116e-01
1.729383506805444313e+02 9.999747105279885862e-01
1.732986389111289043e+02 9.999771992709807211e-01
1.736589271417133489e+02 9.999795630832315485e-01
1.740192153722978503e+02 9.999818011053810407e-01
1.743795036028823233e+02 9.999839125236872350e-01
1.747397918334667679e+02 9.999858965703389835e-01
1.751000800640512125e+02 9.999877525237579334e-01
1.754603682946357139e+02 9.999894797088709764e-01
1.758206565252201869e+02 9.999910774973759242e-01
1.761809447558046315e+02 9.999925453079835380e-01
1.765412329863891330e+02 9.999938826066432362e-01
1.769015212169735776e+02 9.999950889067473758e-01
1.772618094475580506e+02 9.999961637693226546e-01
1.776220976781424952e+02 9.999971068031993093e-01
1.779823859087269966e+02 9.999979176651626611e-01
1.783426741393114412e+02 9.999985960600856760e-01
1.787029623698959142e+02 9.999991417410442063e-01
1.790632506004803872e+02 9.999995545094116922e-01
1.794235388310648602e+02 9.999998342149385433e-01
1.797838270616493332e+02 9.999999807558074272e-01
1.801441152922337778e+02 9.999999940786745700e-01
1.805044035228182508e+02 9.999998741786901846e-01
1.808646917534027239e+02 9.999996210995003576e-01
1.812249799839871969e+02 9.999992349332298414e-01
1.815852682145716699e+02 9.999987158204470816e-01
1.819455564451561429e+02 9.999980639501069302e-01
1.823058446757405875e+02 9.999972795594828101e-01
1.826661329063250605e+02 9.999963629340675730e-01
1.830264211369095335e+02 9.999953144074713585e-01
1.833867093674940065e+02 9.999941343612828160e-01
1.837469975980784511e+02 9.999928232249274407e-01
1.841072858286629526e+02 9.999913814755008179e-01
1.844675740592473971e+02 9.999898096375804402e-01
1.848278622898318702e+02 9.999881082830256451e-01
1.851881505204163432e+02 9.999862780307556820e-01
1.855484387510008162e+02 9.999843195465083490e-01
1.859087269815852608e+02 9.999822335425835318e-01
1.862690152121697338e+02 9.999800207775683125e-01
1.866293034427542352e+02 9.999776820560433155e-01
1.869895916733386798e+02 9.999752182282722890e-01
1.873498799039231244e+02 9.999726301898712588e-01
1.877101681345075974e+02 9.999699188814665796e-01
1.880704563650920988e+02 9.999670852883288941e-01
1.884307445956765434e+02 9.999641304399943254e-01
1.887910328262610165e+02 9.999610554098695703e-01
1.891513210568454610e+02 9.999578613148151218e-01
1.895116092874299625e+02 9.999545493147187214e-01
1.898718975180144071e+02 9.999511206120474949e-01
1.902321857485988801e+02 9.999475764513852116e-01
1.905924739791833815e+02 9.999439181189571091e-01
1.909527622097678261e+02 9.999401469421332900e-01
1.913130504403522707e+02 9.999362642889225716e-01
1.916733386709367437e+02 9.999322715674466844e-01
1.920336269015212451e+02 9.999281702254014803e-01
1.923939151321056897e+02 9.999239617495039312e-01
1.927542033626901343e+02 9.999196476649245824e-01
1.931144915932746073e+02 9.999152295347045749e-01
1.934747798238591088e+02 9.999107089591576791e-01
1.938350680544435534e+02 9.999060875752664446e-01
1.941953562850280264e+02 9.999013670560524814e-01
1.945556445156124710e+02 9.998965491099458536e-01
1.949159327461969724e+02 9.998916354801320461e-01
1.952762209767814170e+02 9.998866279438933802e-01
1.956365092073658900e+02 9.998815283119351083e-01
1.959967974379503914e+02 9.998763384276987409e-01
1.963570856685348360e+02 9.998710601666679354e-01
1.967173738991192806e+02 9.998656954356562876e-01
1.970776621297037536e+02 9.998602461720902390e-01
1.974379503602882551e+02 9.998547143432812145e-01
1.977982385908726997e+02 9.998491019456803297e-01
1.981585268214571443e+02 9.998434110041339862e-01
1.985188150520416457e+02 9.998376435711192611e-01
1.988791032826261187e+02 9.998318017259774093e-01
1.992393915132105633e+02 9.998258875741341534e-01
1.995996797437950079e+02 9.998199032463124247e-01
1.999599679743795377e+02 9.998138508977409966e-01
2.003202562049639823e+02 9.998077327073414677e-01
2.006805444355484269e+02 9.998015508769296789e-01
2.010408326661329284e+02 9.997953076303864872e-01
2.014011208967174014e+02 9.997890052128396432e-01
2.017614091273018460e+02 9.997826458898253499e-01
2.021216973578862905e+02 9.997762319464548186e-01
2.024819855884707920e+02 9.997697656865682792e-01
2.028422738190552650e+02 9.997632494318833274e-01
2.032025620496397096e+02 9.997566855211411641e-01
2.035628502802241542e+02 9.997500763092436182e-01
2.039231385108086556e+02 9.997434241663928356e-01
2.042834267413931286e+02 9.997367314772170888e-01
2.046437149719775732e+02 9.997300006399002514e-01
2.050040032025620178e+02 9.997232340653045002e-01
2.053642914331465477e+02 9.997164341760905737e-01
2.057245796637309923e+02 9.997096034058327030e-01
2.060848678943154368e+02 9.997027441981376494e-01
2.064451561248999383e+02 9.996958590057524185e-01
2.068054443554844113e+02 9.996889502896779689e-01
2.071657325860688559e+02 9.996820205182762598e-01
2.075260208166533005e+02 9.996750721663802963e-01
2.078863090472378019e+02 9.996681077143987348e-01
2.082465972778222749e+02 9.996611296474232633e-01
2.086068855084067195e+02 9.996541404543355380e-01
2.089671737389911641e+02 9.996471426269134541e-01
2.093274619695756655e+02 9.996401386589369720e-01
2.096877502001601385e+02 9.996331310452981622e-01
2.100480384307445831e+02 9.996261222811074765e-01
2.104083266613290562e+02 9.996191148608069010e-01
2.107686148919135292e+02 9.996121112772787809e-01
2.111289031224980022e+02 9.996051140209624153e-01
2.114891913530824468e+02 9.995981255789720965e-01
2.118494795836669482e+02 9.995911484342121511e-01
2.122097678142514212e+02 9.995841850645034166e-01
2.125700560448358658e+02 9.995772379417056097e-01
2.129303442754203388e+02 9.995703095308499098e-01
2.132906325060048118e+02 9.995634022892699866e-01
2.136509207365892848e+02 9.995565186657396906e-01
2.140112089671737294e+02 9.995496610996165154e-01
2.143714971977582024e+02 9.995428320199858385e-01
2.147317854283426755e+02 9.995360338448141535e-01
2.150920736589271485e+02 9.995292689801077435e-01
2.154523618895116215e+02 9.995225398190721311e-01
2.158126501200960661e+02 9.995158487412839632e-01
2.161729383506805391e+02 9.995091981118625624e-01
2.165332265812650405e+02 9.995025902806548013e-01
2.168935148118494851e+02 9.994960275814200878e-01
2.172538030424339297e+02 9.994895123310276741e-01
2.176140912730184311e+02 9.994830468286552971e-01
2.179743795036029042e+02 9.994766333550020310e-01
2.183346677341873487e+02 9.994702741715042471e-01
2.186949559647718218e+02 9.994639715195602347e-01
2.190552441953563232e+02 9.994577276197637028e-01
2.194155324259407678e+02 9.994515446711443873e-01
2.197758206565252124e+02 9.994454248504213156e-01
2.201361088871096854e+02 9.994393703112570693e-01
2.204963971176941868e+02 9.994333831835299220e-01
2.208566853482786314e+02 9.994274655726094192e-01
2.212169735788630760e+02 9.994216195586419493e-01
2.215772618094475490e+02 9.994158471958488610e-01
2.219375500400320504e+02 9.994101505118329065e-01
2.222978382706164950e+02 9.994045315068921242e-01
2.226581265012009396e+02 9.993989921533489307e-01
2.230184147317854695e+02 9.993935343948837646e-01
2.233787029623699141e+02 9.993881601458869390e-01
2.237389911929543587e+02 9.993828712908146006e-01
2.240992794235388317e+02 9.993776696835552364e-01
2.244595676541233331e+02 9.993725571468157209e-01
2.248198558847077777e+02 9.993675354715078063e-01
2.251801441152922223e+02 9.993626064161543754e-01
2.255404323458766953e+02 9.993577717063021337e-01
2.259007205764611967e+02 9.993530330339489565e-01
2.262610088070456413e+02 9.993483920569833368e-01
2.266212970376300859e+02 9.993438503986310506e-01
2.269815852682145589e+02 9.993394096469223609e-01
2.273418734987990604e+02 9.993350713541619967e-01
2.277021617293835050e+02 9.993308370364205606e-01
2.280624499599679496e+02 9.993267081730330403e-01
2.284227381905524226e+02 9.993226862061090898e-01
2.287830264211369240e+02 9.993187725400616284e-01
2.291433146517213686e+02 9.993149685411431005e-01
2.295036028823058132e+02 9.993112755369971678e-01
2.298638911128903146e+02 9.993076948162220585e-01
2.302241793434747592e+02 9.993042276279532343e-01
2.305844675740592606e+02 9.993008751814459467e-01
2.309447558046437337e+02 9.992976386456873250e-01
2.313050440352282067e+02 9.992945191490102408e-01
2.316653322658126513e+02 9.992915177787259351e-01
2.320256204963970958e+02 9.992886355807696352e-01
2.323859087269815973e+02 9.992858735593591613e-01
2.327461969575660419e+02 9.992832326766680762e-01
2.331064851881505433e+02 9.992807138525136024e-01
2.334667734187350163e+02 9.992783179640550850e-01
2.338270616493194609e+02 9.992760458455116623e-01
2.341873498799039339e+02 9.992738982878892617e-01
2.345476381104883785e+02 9.992718760387255816e-01
2.349079263410728231e+02 9.992699798018459534e-01
2.352682145716573245e+02 9.992682102371367447e-01
2.356285028022417691e+02 9.992665679603319751e-01
2.359887910328262990e+02 9.992650535428114766e-01
2.363490792634107436e+02 9.992636675114172640e-01
2.367093674939952166e+02 9.992624103482846687e-01
2.370696557245796612e+02 9.992612824906853541e-01
2.374299439551641058e+02 9.992602843308835414e-01
2.377902321857486072e+02 9.992594162160141069e-01
2.381505204163330518e+02 9.992586784479658979e-01
2.385108086469175817e+02 9.992580712832876966e-01
2.388710968775020262e+02 9.992575949331023999e-01
2.392313851080864708e+02 9.992572495630412943e-01
2.395916733386709438e+02 9.992570352931896549e-01
2.399519615692553884e+02 9.992569521980462222e-01
2.403122497998398330e+02 9.992570003065038842e-01
2.406725380304243345e+02 9.992571796018355768e-01
2.410328262610088643e+02 9.992574900217011669e-01
2.413931144915933089e+02 9.992579314581691019e-01
2.417534027221777535e+02 9.992585037577490503e-01
2.421136909527622265e+02 9.992592067214426388e-01
2.424739791833466711e+02 9.992600401048071790e-01
2.428342674139311157e+02 9.992610036180362698e-01
2.431945556445156171e+02 9.992620969260501695e-01
2.435548438751000617e+02 9.992633196486067071e-01
2.439151321056845916e+02 9.992646713604239617e-01
2.442754203362690362e+02 9.992661515913149328e-01
2.446357085668534808e+02 9.992677598263436378e-01
2.449959967974379538e+02 9.992694955059887585e-01
2.453562850280224268e+02 9.992713580263260509e-01
2.457165732586068714e+02 9.992733467392227453e-01
2.460768614891913444e+02 9.992754609525481557e-01
2.464371497197758174e+02 9.992776999303984997e-01
2.467974379503603188e+02 9.992800628933350415e-01
2.471577261809447634e+02 9.992825490186358905e-01
2.475180144115292364e+02 9.992851574405656745e-01
2.478783026421137095e+02 9.992878872506537613e-01
2.482385908726981540e+02 9.992907374979921320e-01
2.485988791032826271e+02 9.992937071895413581e-01
2.489591673338670716e+02 9.992967952904603379e-01
2.493194555644516015e+02 9.993000007244363658e-01
2.496797437950360461e+02 9.993033223740392934e-01
2.500400320256204907e+02 9.993067590810882361e-01
2.504003202562049921e+02 9.993103096470263846e-01
2.507606084867894367e+02 9.993139728333144678e-01
2.511208967173738813e+02 9.993177473618368722e-01
2.514811849479583543e+02 9.993216319153196414e-01
2.518414731785428557e+02 9.993256251377634625e-01
2.522017614091273288e+02 9.993297256348860902e-01
2.525620496397117734e+02 9.993339319745838667e-01
2.529223378702962748e+02 9.993382426874029001e-01
2.532826261008807194e+02 9.993426562670195690e-01
2.536429143314651640e+02 9.993471711707415661e-01
2.540032025620496370e+02 9.993517858200157145e-01
2.543634907926340816e+02 9.993564986009493278e-01
2.547237790232186114e+02 9.993613078648425629e-01
2.550840672538030560e+02 9.993662119287413104e-01
2.554443554843875006e+02 9.993712090759886424e-01
2.558046437149720020e+02 9.993762975567980211e-01
2.561649319455564182e+02 9.993814755888363877e-01
2.565252201761408628e+02 9.993867413578190195e-01
2.568855084067253642e+02 9.993920930181094953e-01
2.572457966373098657e+02 9.993975286933435287e-01
2.576060848678943671e+02 9.994030464770501387e-01
2.579663730984788117e+02 9.994086444332969110e-01
2.583266613290632563e+02 9.994143205973349264e-01
2.586869495596477009e+02 9.994200729762594548e-01
2.590472377902321455e+02 9.994258995496839715e-01
2.594075260208166469e+02 9.994317982704181702e-01
2.597678142514010915e+02 9.994377670651599654e-01
2.601281024819856498e+02 9.994438038351968201e-01
2.604883907125700944e+02 9.994499064571159552e-01
2.608486789431545390e+02 9.994560727835256619e-01
2.612089671737389835e+02 9.994623006437830526e-01
2.615692554043234281e+02 9.994685878447360228e-01
2.619295436349079296e+02 9.994749321714669898e-01
2.622898318654923742e+02 9.994813313880500649e-01
2.626501200960768756e+02 9.994877832383174399e-01
2.630104083266613770e+02 9.994942854466313253e-01
2.633706965572458216e+02 9.995008357186625503e-01
2.637309847878302662e+02 9.995074317421845933e-01
2.640912730184147676e+02 9.995140711878623963e-01
2.644515612489992122e+02 9.995207517100596073e-01
2.648118494795836568e+02 9.995274709476494879e-01
2.651721377101681014e+02 9.995342265248322589e-01
2.655324259407526597e+02 9.995410160519533349e-01
2.658927141713371043e+02 9.995478371263399886e-01
2.662530024019215489e+02 9.995546873331319082e-01
2.666132906325060503e+02 9.995615642461269656e-01
2.669735788630904949e+02 9.995684654286225435e-01
2.673338670936749395e+02 9.995753884342721829e-01
2.676941553242593841e+02 9.995823308079412328e-01
2.680544435548438855e+02 9.995892900865673836e-01
2.684147317854283870e+02 9.995962638000258638e-01
2.687750200160128315e+02 9.996032494720001882e-01
2.691353082465972761e+02 9.996102446208560144e-01
2.694955964771817776e+02 9.996172467605153322e-01
2.698558847077662222e+02 9.996242534013403125e-01
2.702161729383506668e+02 9.996312620510126035e-01
2.705764611689351113e+02 9.996382702154200661e-01
2.709367493995196696e+02 9.996452753995433982e-01
2.712970376301041142e+02 9.996522751083445346e-01
2.716573258606885588e+02 9.996592668476607102e-01
2.720176140912730602e+02 9.996662481250920829e-01
2.723779023218575048e+02 9.996732164508979057e-01
2.727381905524419494e+02 9.996801693388884802e-01
2.730984787830263940e+02 9.996871043073185525e-01
2.734587670136108954e+02 9.996940188797800442e-01
2.738190552441953969e+02 9.997009105861004441e-01
2.741793434747798415e+02 9.997077769632273236e-01
2.745396317053642861e+02 9.997146155561249525e-01
2.748999199359487875e+02 9.997214239186642537e-01
2.752602081665332321e+02 9.997281996145064298e-01
2.756204963971176767e+02 9.997349402179960265e-01
2.759807846277021213e+02 9.997416433150377868e-01
2.763410728582866227e+02 9.997483065039811656e-01
2.767013610888711241e+02 9.997549273964961847e-01
2.770616493194555687e+02 9.997615036184513970e-01
2.774219375500400702e+02 9.997680328107776404e-01
2.777822257806245148e+02 9.997745126303412277e-01
2.781425140112089593e+02 9.997809407507995960e-01
2.785028022417934608e+02 9.997873148634633944e-01
2.788630904723779054e+02 9.997936326781446947e-01
2.792233787029624068e+02 9.997998919240028703e-01
2.795836669335468514e+02 9.998060903503876995e-01
2.799439551641312960e+02 9.998122257276711444e-01
2.803042433947157974e+02 9.998182958480741345e-01
2.806645316253002420e+02 9.998242985264876870e-01
2.810248198558846866e+02 9.998302316012888102e-01
2.813851080864691880e+02 9.998360929351403081e-01
2.817453963170536326e+02 9.998418804157931383e-01
2.821056845476381341e+02 9.998475919568743375e-01
2.824659727782225787e+02 9.998532254986662871e-01
2.828262610088070801e+02 9.998587790088814264e-01
2.831865492393915247e+02 9.998642504834207578e-01
2.835468374699759693e+02 9.998696379471312401e-01
2.839071257005604707e+02 9.998749394545445313e-01
2.842674139311449153e+02 9.998801530906122892e-01
2.846277021617294167e+02 9.998852769714273725e-01
2.849879903923138613e+02 9.998903092449352714e-01
2.853482786228983059e+02 9.998952480916332153e-01
2.857085668534828073e+02 9.999000917252592879e-01
2.860688550840672519e+02 9.999048383934714401e-01
2.864291433146516965e+02 9.999094863785067400e-01
2.867894315452361980e+02 9.999140339978378478e-01
2.871497197758206426e+02 9.999184796048117274e-01
2.875100080064051440e+02 9.999228215892759231e-01
2.878702962369895886e+02 9.999270583781904032e-01
2.882305844675740332e+02 9.999311884362285241e-01
2.885908726981585346e+02 9.999352102663630060e-01
2.889511609287429792e+02 9.999391224104370313e-01
2.893114491593274238e+02 9.999429234497239083e-01
2.896717373899119252e+02 9.999466120054650853e-01
2.900320256204964267e+02 9.999501867394036125e-01
2.903923138510808712e+02 9.999536463542926246e-01
2.907526020816653158e+02 9.999569895943973830e-01
2.911128903122498173e+02 9.999602152459735604e-01
2.914731785428342619e+02 9.999633221377345338e-01
2.918334667734187065e+02 9.999663091413033555e-01
2.921937550040032079e+02 9.999691751716441868e-01
2.925540432345876525e+02 9.999719191874838486e-01
2.929143314651721539e+02 9.999745401917072840e-01
2.932746196957565985e+02 9.999770372317487999e-01
2.936349079263410431e+02 9.999794093999547773e-01
2.939951961569255445e+02 9.999816558339346129e-01
2.943554843875099891e+02 9.999837757168936747e-01
2.947157726180944337e+02 9.999857682779511592e-01
2.950760608486789351e+02 9.999876327924369646e-01
2.954363490792634366e+02 9.999893685821695799e-01
2.957966373098478812e+02 9.999909750157207622e-01
2.961569255404323258e+02 9.999924515086607846e-01
2.965172137710168272e+02 9.999937975237805921e-01
2.968775020016012718e+02 9.999950125713067406e-01
2.972377902321857164e+02 9.999960962090839178e-01
2.975980784627702178e+02 9.999970480427491371e-01
2.979583666933547192e+02 9.999978677258880566e-01
2.983186549239391638e+02 9.999985549601628776e-01
2.986789431545236084e+02 9.999991094954326920e-01
2.990392313851080530e+02 9.999995311298498502e-01
2.993995196156925545e+02 9.999998197099367880e-01
2.997598078462769990e+02 9.999999751306449802e-01
3.001200960768614436e+02 9.999999973353996818e-01
3.004803843074460019e+02 9.999998863161172480e-01
3.008406725380304465e+02 9.999996421132111291e-01
3.012009607686148911e+02 9.999992648155749952e-01
3.015612489991993357e+02 9.999987545605493189e-01
3.019215372297838371e+02 9.999981115338653082e-01
3.022818254603682817e+02 9.999973359695778496e-01
3.026421136909527263e+02 9.999964281499686969e-01
3.030024019215372846e+02 9.999953884054423314e-01
3.033626901521217292e+02 9.999942171143947345e-01
3.037229783827061738e+02 9.999929147030672816e-01
3.040832666132906184e+02 9.999914816453826516e-01
3.044435548438750629e+02 9.999899184627590865e-01
3.048038430744595644e+02 9.999882257239111061e-01
3.051641313050440090e+02 9.999864040446261315e-01
3.055244195356284536e+02 9.999844540875306720e-01
3.058847077662130118e+02 9.999823765618274241e-01
3.062449959967974564e+02 9.999801722230279299e-01
3.066052842273819010e+02 9.999778418726544826e-01
3.069655724579663456e+02 9.999753863579360358e-01
3.073258606885508470e+02 9.999728065714758030e-01
3.076861489191352916e+02 9.999701034509099751e-01
3.080464371497197362e+02 9.999672779785455656e-01
3.084067253803042945e+02 9.999643311809787161e-01
3.087670136108887391e+02 9.999612641287050074e-01
3.091273018414731837e+02 9.999580779357013505e-01
3.094875900720576283e+02 9.999547737589995489e-01
3.098478783026421297e+02 9.999513527982423211e-01
3.102081665332265743e+02 9.999478162952218918e-01
3.105684547638110189e+02 9.999441655334012635e-01
3.109287429943954635e+02 9.999404018374239422e-01
3.112890312249800218e+02 9.999365265726050112e-01
3.116493194555644664e+02 9.999325411444085487e-01
3.120096076861489109e+02 9.999284469979101697e-01
3.123698959167334124e+02 9.999242456172422466e-01
3.127301841473178570e+02 9.999199385250294725e-01
3.130904723779023016e+02 9.999155272818068818e-01
3.134507606084867462e+02 9.999110134854225507e-01
3.138110488390713044e+02 9.999063987704331913e-01
3.141713370696557490e+02 9.999016848074777641e-01
3.145316253002401936e+02 9.998968733026455391e-01
3.148919135308246950e+02 9.998919659968260598e-01
3.152522017614091396e+02 9.998869646650485610e-01
3.156124899919935842e+02 9.998818711158119488e-01
3.159727782225780288e+02 9.998766871903972397e-01
3.163330664531624734e+02 9.998714147621716730e-01
3.166933546837470317e+02 9.998660557358848289e-01
3.170536429143314763e+02 9.998606120469436531e-01
3.174139311449159777e+02 9.998550856606911452e-01
3.177742193755004223e+02 9.998494785716578459e-01
3.181345076060848669e+02 9.998437928028208743e-01
3.184947958366693115e+02 9.998380304048402056e-01
3.188550840672537561e+02 9.998321934552887313e-01
3.192153722978383144e+02 9.998262840578781008e-01
3.195756605284227589e+02 9.998203043416712399e-01
3.199359487590072604e+02 9.998142564602846560e-01
3.202962369895917050e+02 9.998081425910886333e-01
3.206565252201761496e+02 9.998019649343965476e-01
3.210168134507605942e+02 9.997957257126445230e-01
3.213771016813450387e+02 9.997894271695683122e-01
3.217373899119295402e+02 9.997830715693716286e-01
3.220976781425140416e+02 9.997766611958862626e-01
3.224579663730984862e+02 9.997701983517300883e-01
3.228182546036829876e+02 9.997636853574538573e-01
3.231785428342674322e+02 9.997571245506927662e-01
3.235388310648518768e+02 9.997505182852974848e-01
3.238991192954363214e+02 9.997438689304766202e-01
3.242594075260208228e+02 9.997371788699249695e-01
3.246196957566053243e+02 9.997304505009483311e-01
3.249799839871897689e+02 9.997236862335913132e-01
3.253402722177742703e+02 9.997168884897568164e-01
3.257005604483587149e+02 9.997100597023178548e-01
3.260608486789431595e+02 9.997032023142409241e-01
3.264211369095276041e+02 9.996963187776902737e-01
3.267814251401121055e+02 9.996894115531452796e-01
3.271417133706965501e+02 9.996824831085046048e-01
3.275020016012810515e+02 9.996755359181965783e-01
3.278622898318654961e+02 9.996685724622864644e-01
3.282225780624499407e+02 9.996615952255833992e-01
3.285828662930344422e+02 9.996546066967411104e-01
3.289431545236188867e+02 9.996476093673749563e-01
3.293034427542033882e+02 9.996406057311572058e-01
3.296637309847878328e+02 9.996335982829347433e-01
3.300240192153723342e+02 9.996265895178301220e-01
3.303843074459567788e+02 9.996195819303589358e-01
3.307445956765412234e+02 9.996125780135326488e-01
3.311048839071256680e+02 9.996055802579847382e-01
3.314651721377101694e+02 9.995985911510755217e-01
3.318254603682946708e+02 9.995916131760184120e-01
3.321857485988791154e+02 9.995846488109995098e-01
3.325460368294635600e+02 9.995777005283047467e-01
3.329063250600480615e+02 9.995707707934462505e-01
3.332666132906325061e+02 9.995638620642978145e-01
3.336269015212169506e+02 9.995569767902305891e-01
3.339871897518014521e+02 9.995501174112575438e-01
3.343474779823859535e+02 9.995432863571741544e-01
3.347077662129703981e+02 9.995364860467147450e-01
3.350680544435548427e+02 9.995297188867094951e-01
3.354283426741393441e+02 9.995229872712425578e-01
3.357886309047237887e+02 9.995162935808250548e-01
3.361489191353082333e+02 9.995096401815660725e-01
3.365092073658926779e+02 9.995030294243562041e-01
3.368694955964772362e+02 9.994964636440524242e-01
3.372297838270616808e+02 9.994899451586732875e-01
3.375900720576461254e+02 9.994834762686024554e-01
3.379503602882305699e+02 9.994770592557953304e-01
3.383106485188150714e+02 9.994706963829964597e-01
3.386709367493995160e+02 9.994643898929620462e-01
3.390312249799839606e+02 9.994581420076986689e-01
3.393915132105684052e+02 9.994519549276966730e-01
3.397518014411529634e+02 9.994458308311851003e-01
3.401120896717374080e+02 9.994397718733870617e-01
3.404723779023218526e+02 9.994337801857891002e-01
3.408326661329063541e+02 9.994278578754163256e-01
3.411929543634907986e+02 9.994220070241193188e-01
3.415532425940752432e+02 9.994162296878684737e-01
3.419135308246596878e+02 9.994105278960643268e-01
3.422738190552442461e+02 9.994049036508436679e-01
3.426341072858286907e+02 9.993993589264167365e-01
3.429943955164131353e+02 9.993938956683932062e-01
3.433546837469976367e+02 9.993885157931374774e-01
3.437149719775820813e+02 9.993832211871184201e-01
3.440752602081665259e+02 9.993780137062837632e-01
3.444355484387509705e+02 9.993728951754375922e-01
3.447958366693354151e+02 9.993678673876293939e-01
3.451561248999199734e+02 9.993629321035607527e-01
3.455164131305044179e+02 9.993580910509943793e-01
3.458767013610888625e+02 9.993533459241821237e-01
3.462369895916733640e+02 9.993486983833038684e-01
3.465972778222578086e+02 9.993441500539135269e-01
3.469575660528422532e+02 9.993397025264032507e-01
3.473178542834266977e+02 9.993353573554761837e-01
3.476781425140112560e+02 9.993311160596344278e-01
3.480384307445957006e+02 9.993269801206761116e-01
3.483987189751801452e+02 9.993229509832091129e-01
3.487590072057646466e+02 9.993190300541731075e-01
3.491192954363490912e+02 9.993152187023790489e-01
3.494795836669335358e+02 9.993115182580566414e-01
3.498398718975179804e+02 9.993079300124241282e-01
3.502001601281024250e+02 9.993044552172561934e-01
3.505604483586869833e+02 9.993010950844825047e-01
3.509207365892714279e+02 9.992978507857859238e-01
3.512810248198558725e+02 9.992947234522191469e-01
3.516413130504403739e+02 9.992917141738423270e-01
3.520016012810248185e+02 9.992888239993590327e-01
3.523618895116092631e+02 9.992860539357766303e-01
3.527221777421937077e+02 9.992834049480849856e-01
3.530824659727782660e+02 9.992808779589319457e-01
3.534427542033627105e+02 9.992784738483301288e-01
3.538030424339471551e+02 9.992761934533708201e-01
3.541633306645316566e+02 9.992740375679483034e-01
3.545236188951161012e+02 9.992720069425057305e-01
3.548839071257005457e+02 9.992701022837893188e-01
3.552441953562849903e+02 9.992683242546243072e-01
3.556044835868694918e+02 9.992666734736904699e-01
3.559647718174539932e+02 9.992651505153331559e-01
3.563250600480384378e+02 9.992637559093688893e-01
3.566853482786228824e+02 9.992624901409180582e-01
3.570456365092073838e+02 9.992613536502477078e-01
3.574059247397918284e+02 9.992603468326269889e-01
3.577662129703762730e+02 9.992594700382019246e-01
3.581265012009607744e+02 9.992587235718818350e-01
3.584867894315452759e+02 9.992581076932411932e-01
3.588470776621297205e+02 9.992576226164332498e-01
3.592073658927141651e+02 9.992572685101236418e-01
3.595676541232986665e+02 9.992570454974353256e-01
3.599279423538831111e+02 9.992569536559086085e-01
3.602882305844675557e+02 9.992569930174750592e-01
3.606485188150520571e+02 9.992571635684501796e-01
3.610088070456365017e+02 9.992574652495341825e-01
3.613690952762210031e+02 9.992578979558330854e-01
3.617293835068054477e+02 9.992584615368934609e-01
3.620896717373898923e+02 9.992591557967486215e-01
3.624499599679743937e+02 9.992599804939837904e-01
3.628102481985588383e+02 9.992609353418128171e-01
3.631705364291433398e+02 9.992620200081716586e-01
3.635308246597277844e+02 9.992632341158260711e-01
3.638911128903122858e+02 9.992645772424906259e-01
3.642514011208967304e+02 9.992660489209698182e-01
3.646116893514811750e+02 9.992676486393045066e-01
3.649719775820656764e+02 9.992693758409405547e-01
3.653322658126501210e+02 9.992712299249073560e-01
3.656925540432346224e+02 9.992732102460141208e-01
3.660528422738190670e+02 9.992753161150561558e-01
3.664131305044035116e+02 9.992775467990407945e-01
3.667734187349880131e+02 9.992799015214236524e-01
3.671337069655724576e+02 9.992823794623600930e-01
3.674939951961569022e+02 9.992849797589734573e-01
3.678542834267414037e+02 9.992877015056337298e-01
3.682145716573259051e+02 9.992905437542516367e-01
3.685748598879103497e+02 9.992935055145887313e-01
3.689351481184947943e+02 9.992965857545774711e-01
3.692954363490792389e+02 9.992997834006611679e-01
3.696557245796637403e+02 9.993030973381394899e-01
3.700160128102481849e+02 9.993065264115362778e-01
3.703763010408326863e+02 9.993100694249736904e-01
3.707365892714171878e+02 9.993137251425668888e-01
3.710968775020016324e+02 9.993174922888242717e-01
3.714571657325860770e+02 9.993213695490703596e-01
3.718174539631705215e+02 9.993253555698734525e-01
3.721777421937550230e+02 9.993294489594887198e-01
3.725380304243394676e+02 9.993336482883214966e-01
3.728983186549239122e+02 9.993379520893896917e-01
3.732586068855084704e+02 9.993423588588150608e-01
3.736188951160929150e+02 9.993468670563141476e-01
3.739791833466773596e+02 9.993514751057066547e-01
3.743394715772618042e+02 9.993561813954395801e-01
3.746997598078462488e+02 9.993609842791187914e-01
3.750600480384307502e+02 9.993658820760547012e-01
3.754203362690151948e+02 9.993708730718202649e-01
3.757806244995997531e+02 9.993759555188171939e-01
3.761409127301841977e+02 9.993811276368689267e-01
3.765012009607686423e+02 9.993863876137978330e-01
3.768614891913530869e+02 9.993917336060401668e-01
3.772217774219375315e+02 9.993971637392603524e-01
3.775820656525220329e+02 9.994026761089758182e-01
3.779423538831064775e+02 9.994082687811970400e-01
3.783026421136909221e+02 9.994139397930754676e-01
3.786629303442754804e+02 9.994196871535639959e-01
3.790232185748599250e+02 9.994255088440862078e-01
3.793835068054443695e+02 9.994314028192177179e-01
3.797437950360288141e+02 9.994373670073743998e-01
3.801040832666132587e+02 9.994433993115172665e-01
3.804643714971977602e+02 9.994494976098579064e-01
3.808246597277822048e+02 9.994556597565786848e-01
3.811849479583667630e+02 9.994618835825664904e-01
3.815452361889512076e+02 9.994681668961452603e-01
3.819055244195356522e+02 9.994745074838233823e-01
3.822658126501200968e+02 9.994809031110553077e-01
3.826261008807045414e+02 9.994873515229975025e-01
3.829863891112890428e+02 9.994938504452843819e-01
3.833466773418734874e+02 9.995003975848112399e-01
3.837069655724579320e+02 9.995069906305167340e-01
3.840672538030424903e+02 9.995136272541831346e-01
3.844275420336269349e+02 9.995203051112355741e-01
3.847878302642113795e+02 9.995270218415565067e-01
3.851481184947958241e+02 9.995337750702950608e-01
3.855084067253802687e+02 9.995405624086970420e-01
3.858686949559647701e+02 9.995473814549308278e-01
3.862289831865492147e+02 9.995542297949239208e-01
3.865892714171337730e+02 9.995611050032016109e-01
3.869495596477182175e+02 9.995680046437369626e-01
3.873098478783026621e+02 9.995749262707992466e-01
3.876701361088871067e+02 9.995818674298124762e-01
3.880304243394715513e+02 9.995888256582167175e-01
3.883907125700560528e+02 9.995957984863301782e-01
3.887510008006404973e+02 9.996027834382219535e-01
3.891112890312249419e+02 9.996097780325862159e-01
3.894715772618095002e+02 9.996167797836125191e-01
3.898318654923939448e+02 9.996237862018740872e-01
3.901921537229783894e+02 9.996307947952025597e-01
3.905524419535628340e+02 9.996378030695790562e-01
3.909127301841472786e+02 9.996448085300151387e-01
3.912730184147317800e+02 9.996518086814483173e-01
3.916333066453162246e+02 9.996588010296283411e-01
3.919935948759007829e+02 9.996657830820124824e-01
3.923538831064852275e+02 9.996727523486522715e-01
3.927141713370696721e+02 9.996797063430942210e-01
3.930744595676541167e+02 9.996866425832688918e-01
3.934347477982385612e+02 9.996935585923858447e-01
3.937950360288230627e+02 9.997004518998270362e-01
3.941553242594075073e+02 9.997073200420394379e-01
3.945156124899920087e+02 9.997141605634239925e-01
3.948759007205765101e+02 9.997209710172308972e-01
3.952361889511609547e+02 9.997277489664403438e-01
3.955964771817453993e+02 9.997344919846580247e-01
3.959567654123298439e+02 9.997411976569899883e-01
3.963170536429142885e+02 9.997478635809283753e-01
3.966773418734987899e+02 9.997544873672292720e-01
3.970376301040832914e+02 9.997610666407860114e-01
3.973979183346677928e+02 9.997675990415000324e-01
3.977582065652522374e+02 9.997740822251460768e-01
3.981184947958366820e+02 9.997805138642376077e-01
3.984787830264211266e+02 9.997868916488807933e-01
3.988390712570055712e+02 9.997932132876271583e-01
3.991993594875900158e+02 9.997994765083217938e-01
3.995596477181745740e+02 9.998056790589416876e-01
3.999199359487590755e+02 9.998118187084309438e-01
4.002802241793435201e+02 9.998178932475286773e-01
4.006405124099279647e+02 9.998239004895904669e-01
4.010008006405124092e+02 9.998298382713995958e-01
4.013610888710968538e+02 9.998357044539774030e-01
4.017213771016812984e+02 9.998414969233764271e-01
4.020816653322658567e+02 9.998472135914745484e-01
4.024419535628503013e+02 9.998528523967535886e-01
4.028022417934348027e+02 9.998584113050721367e-01
4.031625300240192473e+02 9.998638883104304931e-01
4.035228182546036919e+02 9.998692814357204028e-01
4.038831064851881365e+02 9.998745887334734572e-01
4.042433947157725811e+02 9.998798082865899550e-01
4.046036829463570257e+02 9.998849382090641003e-01
4.049639711769415840e+02 9.998899766466959882e-01
4.053242594075260854e+02 9.998949217777916010e-01
4.056845476381105300e+02 9.998997718138530333e-01
4.060448358686949746e+02 9.999045250002527307e-01
4.064051240992794192e+02 9.999091796169048418e-01
4.067654123298638638e+02 9.999137339789126999e-01
4.071257005604483084e+02 9.999181864372115314e-01
4.074859887910328666e+02 9.999225353791953985e-01
4.078462770216173112e+02 9.999267792293323742e-01
4.082065652522018127e+02 9.999309164497626190e-01
4.085668534827862572e+02 9.999349455408890197e-01
4.089271417133707018e+02 9.999388650419448465e-01
4.092874299439551464e+02 9.999426735315568582e-01
4.096477181745395910e+02 9.999463696282866465e-01
4.100080064051240356e+02 9.999499519911601020e-01
4.103682946357085939e+02 9.999534193201817800e-01
4.107285828662930953e+02 9.999567703568341681e-01
4.110888710968775399e+02 9.999600038845568584e-01
4.114491593274619845e+02 9.999631187292212786e-01
4.118094475580464291e+02 9.999661137595742266e-01
4.121697357886308737e+02 9.999689878876790727e-01
4.125300240192153183e+02 9.999717400693298730e-01
4.128903122497998766e+02 9.999743693044585990e-01
4.132506004803843211e+02 9.999768746375157225e-01
4.136108887109688226e+02 9.999792551578424726e-01
4.139711769415532672e+02 9.999815100000213342e-01
4.143314651721377118e+02 9.999836383442077814e-01
4.146917534027221564e+02 9.999856394164510220e-01
4.150520416333066009e+02 9.999875124889887612e-01
4.154123298638910455e+02 9.999892568805347492e-01
4.157726180944756038e+02 9.999908719565347992e-01
4.161329063250601052e+02 9.999923571294185853e-01
4.164931945556445498e+02 9.999937118588240192e-01
4.168534827862289944e+02 9.999949356518063048e-01
4.172137710168134390e+02 9.999960280630314502e-01
4.175740592473978836e+02 9.999969886949466868e-01
4.179343474779823282e+02 9.999978171979344577e-01
4.182946357085668865e+02 9.999985132704486412e-01
4.186549239391513311e+02 9.999990766591340119e-01
4.190152121697358325e+02 9.999995071589177220e-01
4.193755004003202771e+02 9.999998046130972318e-01
4.197357886309047217e+02 9.999999689133943770e-01
4.200960768614891663e+02 1.000000000000000000e+00
4.204563650920736109e+02 9.999998978615992629e-01
4.208166533226581123e+02 9.999996625353723134e-01
4.211769415532426137e+02 9.999992941069810737e-01
4.215372297838270583e+02 9.999987927105374874e-01
4.218975180144115598e+02 9.999981585285501184e-01
4.222578062449960044e+02 9.999973917918533184e-01
4.226180944755804489e+02 9.999964927795187419e-01
4.229783827061648935e+02 9.999954618187442135e-01
4.233386709367493950e+02 9.999942992847316026e-01
4.236989591673338964e+02 9.999930056005387202e-01
4.240592473979183410e+02 9.999915812369136736e-01
4.244195356285028424e+02 9.999900267121148989e-01
4.247798238590872870e+02 9.999883425917102109e-01
4.251401120896717316e+02 9.999865294883567568e-01
4.255004003202561762e+02 9.999845880615645388e-01
4.258606885508406776e+02 9.999825190174409517e-01
4.262209767814251222e+02 9.999803231084191113e-01
4.265812650120096237e+02 9.999780011329628682e-01
4.269415532425940683e+02 9.999755539352644940e-01
4.273018414731785697e+02 9.999729824049126137e-01
4.276621297037630143e+02 9.999702874765521443e-01
4.280224179343474589e+02 9.999674701295232504e-01
4.283827061649319603e+02 9.999645313874828689e-01
4.287429943955164049e+02 9.999614723180109133e-01
4.291032826261008495e+02 9.999582940321992686e-01
4.294635708566853509e+02 9.999549976842244670e-01
4.298238590872698524e+02 9.999515844709011558e-01
4.301841473178542969e+02 9.999480556312264623e-01
4.305444355484387984e+02 9.999444124459007099e-01
4.309047237790232430e+02 9.999406562368385876e-01
4.312650120096076876e+02 9.999367883666577805e-01
4.316253002401921322e+02 9.999328102381639383e-01
4.319855884707766336e+02 9.999287232938083303e-01
4.323458767013610782e+02 9.999245290151365095e-01
4.327061649319455796e+02 9.999202289222268725e-01
4.330664531625300810e+02 9.999158245731032402e-01
4.334267413931145256e+02 9.999113175631464401e-01
4.337870296236989702e+02 9.999067095244844605e-01
4.341473178542834148e+02 9.999020021253708368e-01
4.345076060848678594e+02 9.998971970695506029e-01
4.348678943154523608e+02 9.998922960956142525e-01
4.352281825460368623e+02 9.998873009763364905e-01
4.355884707766213637e+02 9.998822135180052140e-01
4.359487590072058083e+02 9.998770355597372816e-01
4.363090472377902529e+02 9.998717689727838476e-01
4.366693354683746975e+02 9.998664156598237041e-01
4.370296236989591421e+02 9.998609775542433020e-01
4.373899119295436435e+02 9.998554566194104432e-01
4.377502001601280881e+02 9.998498548479367587e-01
4.381104883907126464e+02 9.998441742609238680e-01
4.384707766212970910e+02 9.998384169072103145e-01
4.388310648518815356e+02 9.998325848625996271e-01
4.391913530824659802e+02 9.998266802290857180e-01
4.395516413130504247e+02 9.998207051340644025e-01
4.399119295436348693e+02 9.998146617295409211e-01
4.402722177742193708e+02 9.998085521913274709e-01
4.406325060048039290e+02 9.998023787182321875e-01
4.409927942353883736e+02 9.997961435312440193e-01
4.413530824659728182e+02 9.997898488727035016e-01
4.417133706965572628e+02 9.997834970054748638e-01
4.420736589271417074e+02 9.997770902121080328e-01
4.424339471577261520e+02 9.997706307939951964e-01
4.427942353883106534e+02 9.997641210705191517e-01
4.431545236188950980e+02 9.997575633781999871e-01
4.435148118494796563e+02 9.997509600698368804e-01
4.438751000800641009e+02 9.997443135136405701e-01
4.442353883106485455e+02 9.997376260923672708e-01
4.445956765412329901e+02 9.997309002024427071e-01
4.449559647718174347e+02 9.997241382530901443e-01
4.453162530024018793e+02 9.997173426654469841e-01
4.456765412329863807e+02 9.997105158716862450e-01
4.460368294635709390e+02 9.997036603141257194e-01
4.463971176941553836e+02 9.996967784443451244e-01
4.467574059247398282e+02 9.996898727222979231e-01
4.471176941553242727e+02 9.996829456154157079e-01
4.474779823859087173e+02 9.996759995977192448e-01
4.478382706164931619e+02 9.996690371489247440e-01
4.481985588470776634e+02 9.996620607535540159e-01
4.485588470776621079e+02 9.996550729000323043e-01
4.489191353082466662e+02 9.996480760798043264e-01
4.492794235388311108e+02 9.996410727864349921e-01
4.496397117694155554e+02 9.996340655147178955e-01
4.500000000000000000e+02 9.996270567597874690e-01
