Theta (degrees)	Normalized Energy
0.000000000000000000e+00 2.926924147401039344e-01
3.602882305844675725e-01 2.926650698521452987e-01
7.205764611689351451e-01 2.925831949831862455e-01
1.080864691753402829e+00 2.924472646434428946e-01
1.441152922337870290e+00 2.922580537795771427e-01
1.801441152922337974e+00 2.920166150825444507e-01
2.161729383506805657e+00 2.917242493981253015e-01
2.522017614091273341e+00 2.913824711044528670e-01
2.882305844675740580e+00 2.909929704684333096e-01
3.242594075260207820e+00 2.905575749476235758e-01
3.602882305844675948e+00 2.900782111996537682e-01
3.963170536429143187e+00 2.895568692470022465e-01
4.323458767013611315e+00 2.889955698747074253e-01
4.683746997598078110e+00 2.883963359611561583e-01
5.044035228182546682e+00 2.877611680951975837e-01
5.404323458767013477e+00 2.870920245407762583e-01
5.764611689351481161e+00 2.863908053844103629e-01
6.124899919935949733e+00 2.856593405422101495e-01
6.485188150520415640e+00 2.848993812054860797e-01
6.845476381104885100e+00 2.841125942571192664e-01
7.205764611689351895e+00 2.833005591830785042e-01
7.566052842273819579e+00 2.824647670233954022e-01
7.926341072858286374e+00 2.816066209446697055e-01
8.286629303442753169e+00 2.807274380637304056e-01
8.646917534027222629e+00 2.798284522034315547e-01
9.007205764611688537e+00 2.789108173124742462e-01
9.367493995196156220e+00 2.779756113288771036e-01
9.727782225780625680e+00 2.770238403097667335e-01
1.008807045636509336e+01 2.760564426877236688e-01
1.044835868694956105e+01 2.750742935459826732e-01
1.080864691753402695e+01 2.740782088315334986e-01
1.116893514811849464e+01 2.730689494470733836e-01
1.152922337870296232e+01 2.720472251804338937e-01
1.188951160928743001e+01 2.710136984441161023e-01
1.224979983987189947e+01 2.699689878084853834e-01
1.261008807045636537e+01 2.689136713205713680e-01
1.297037630104083128e+01 2.678482896067233554e-01
1.333066453162530074e+01 2.667733487620202459e-01
1.369095276220977020e+01 2.656893230326479172e-01
1.405124099279423611e+01 2.645966572997504040e-01
1.441152922337870379e+01 2.634957693747278507e-01
1.477181745396317147e+01 2.623870521168367720e-01
1.513210568454763916e+01 2.612708753843371312e-01
1.549239391513210684e+01 2.601475878305053446e-01
1.585268214571657275e+01 2.590175185556432558e-01
1.621297037630104043e+01 2.578809786258599579e-01
1.657325860688550634e+01 2.567382624689247828e-01
1.693354683746997935e+01 2.555896491569541462e-01
1.729383506805444526e+01 2.544354035850915352e-01
1.765412329863891117e+01 2.532757775547519463e-01
1.801441152922337707e+01 2.521110107693942393e-01
1.837469975980784653e+01 2.509413317501849594e-01
1.873498799039231244e+01 2.497669586783669293e-01
1.909527622097677835e+01 2.485881001705909088e-01
1.945556445156125136e+01 2.474049559929686060e-01
1.981585268214571727e+01 2.462177177191231525e-01
2.017614091273018673e+01 2.450265693370732301e-01
2.053642914331465263e+01 2.438316878093779727e-01
2.089671737389912209e+01 2.426332435905808604e-01
2.125700560448358800e+01 2.414314011056652165e-01
2.161729383506805391e+01 2.402263191928893926e-01
2.197758206565252337e+01 2.390181515140943902e-01
2.233787029623698928e+01 2.378070469353105176e-01
2.269815852682145874e+01 2.365931498802422150e-01
2.305844675740592464e+01 2.353766006589870785e-01
2.341873498799039055e+01 2.341575357741596253e-01
2.377902321857486001e+01 2.329360882063879201e-01
2.413931144915932592e+01 2.317123876810093519e-01
2.449959967974379893e+01 2.304865609176199870e-01
2.485988791032826484e+01 2.292587318640194605e-01
2.522017614091273074e+01 2.280290219159523124e-01
2.558046437149719665e+01 2.267975501239514746e-01
2.594075260208166256e+01 2.255644333884858355e-01
2.630104083266613202e+01 2.243297866445184696e-01
2.666132906325060148e+01 2.230937230365183654e-01
2.702161729383506739e+01 2.218563540848812743e-01
2.738190552441954040e+01 2.206177898446628205e-01
2.774219375500400631e+01 2.193781390574657542e-01
2.810248198558847221e+01 2.181375092972776819e-01
2.846277021617293812e+01 2.168960071110120902e-01
2.882305844675740758e+01 2.156537381544603171e-01
2.918334667734187704e+01 2.144108073243472246e-01
2.954363490792634295e+01 2.131673188871389124e-01
2.990392313851080885e+01 2.119233766052417978e-01
3.026421136909527831e+01 2.106790838612106476e-01
3.062449959967974422e+01 2.094345437805681387e-01
3.098478783026421368e+01 2.081898593538417663e-01
3.134507606084867959e+01 2.069451335584067686e-01
3.170536429143314550e+01 2.057004694807367529e-01
3.206565252201760785e+01 2.044559704396637090e-01
3.242594075260208086e+01 2.032117401112611688e-01
3.278622898318654677e+01 2.019678826559821727e-01
3.314651721377101268e+01 2.007245028486993599e-01
3.350680544435548569e+01 1.994817062123248330e-01
3.386709367493995870e+01 1.982395991557155401e-01
3.422738190552442461e+01 1.969982891166120464e-01
3.458767013610889052e+01 1.957578847103920439e-01
3.494795836669335642e+01 1.945184958854835333e-01
3.530824659727782233e+01 1.932802340863304102e-01
3.566853482786228824e+01 1.920432124248723782e-01
3.602882305844675415e+01 1.908075458615777764e-01
3.638911128903122716e+01 1.895733513971510631e-01
3.674939951961569307e+01 1.883407482761328411e-01
3.710968775020015897e+01 1.871098582037150904e-01
3.746997598078462488e+01 1.858808055772238621e-01
3.783026421136909079e+01 1.846537177338446745e-01
3.819055244195355669e+01 1.834287252163313009e-01
3.855084067253803681e+01 1.822059620585988471e-01
3.891112890312250272e+01 1.809855660933013533e-01
3.927141713370696863e+01 1.797676792836994664e-01
3.963170536429143453e+01 1.785524480823756088e-01
3.999199359487590755e+01 1.773400238196074230e-01
4.035228182546037345e+01 1.761305631245208558e-01
4.071257005604483936e+01 1.749242283824810340e-01
4.107285828662930527e+01 1.737211882325394863e-01
4.143314651721377118e+01 1.725216181091963341e-01
4.179343474779824419e+01 1.713257008331887099e-01
4.215372297838271010e+01 1.701336272565441843e-01
4.251401120896717600e+01 1.689455969677267633e-01
4.287429943955164191e+01 1.677618190633435313e-01
4.323458767013610782e+01 1.665825129936117643e-01
4.359487590072058083e+01 1.654079094895857527e-01
4.395516413130504674e+01 1.642382515810329735e-01
4.431545236188951264e+01 1.630737957148339634e-01
4.467574059247397855e+01 1.619148129848663187e-01
4.503602882305844446e+01 1.607615904855157485e-01
4.539631705364291747e+01 1.596144328022603975e-01
4.575660528422738338e+01 1.584736636541646815e-01
4.611689351481184929e+01 1.573396277046420211e-01
4.647718174539631519e+01 1.562126925584139125e-01
4.683746997598078110e+01 1.550932509642847512e-01
4.719775820656525411e+01 1.539817232450246542e-01
4.755804643714972002e+01 1.528785599773505866e-01
4.791833466773418593e+01 1.517842449465703902e-01
4.827862289831865183e+01 1.506992984018491466e-01
4.863891112890311774e+01 1.496242806390692404e-01
4.899919935948759786e+01 1.485597959387351674e-01
4.935948759007206377e+01 1.475064968859769454e-01
4.971977582065652967e+01 1.464650890980974118e-01
5.008006405124099558e+01 1.454363363817889609e-01
5.044035228182546149e+01 1.444210663364350611e-01
5.080064051240992740e+01 1.434201764110271948e-01
5.116092874299439330e+01 1.424346404091027252e-01
5.152121697357885921e+01 1.414655154174403184e-01
5.188150520416332512e+01 1.405139491085082848e-01
5.224179343474779103e+01 1.395811873319560970e-01
5.260208166533226404e+01 1.386685818647440394e-01
5.296236989591673705e+01 1.377775981305663089e-01
5.332265812650120296e+01 1.369098226248937622e-01
5.368294635708566886e+01 1.360669696905203452e-01
5.404323458767013477e+01 1.352508871791749112e-01
5.440352281825460778e+01 1.344635604085892278e-01
5.476381104883908080e+01 1.337071136854020570e-01
5.512409927942354670e+01 1.329838085207457887e-01
5.548438751000801261e+01 1.322960375316546699e-01
5.584467574059247852e+01 1.316463129193935766e-01
5.620496397117694443e+01 1.310372483756944151e-01
5.656525220176141033e+01 1.304715333278104183e-01
5.692554043234587624e+01 1.299518986362090123e-01
5.728582866293034215e+01 1.294810732455401736e-01
5.764611689351481516e+01 1.290617318883117426e-01
5.800640512409927396e+01 1.286964347518720075e-01
5.836669335468375408e+01 1.283875609998443856e-01
5.872698158526820578e+01 1.281372390912070836e-01
5.908726981585268589e+01 1.279472778105500697e-01
5.944755804643715180e+01 1.278191026207675385e-01
5.980784627702161771e+01 1.277537021835639108e-01
6.016813450760608362e+01 1.277515895247343380e-01
6.052842273819055663e+01 1.278127813147005853e-01
6.088871096877501543e+01 1.279367971887093447e-01
6.124899919935948844e+01 1.281226791706707724e-01
6.160928742994395435e+01 1.283690293935720039e-01
6.196957566052842736e+01 1.286740627341501630e-01
6.232986389111290038e+01 1.290356699324471945e-01
6.269015212169735918e+01 1.294514863556423812e-01
6.305044035228183219e+01 1.299189617629375737e-01
6.341072858286629099e+01 1.304354271007417687e-01
6.377101681345076400e+01 1.309981553157666678e-01
6.413130504403521570e+01 1.316044142255538285e-01
6.449159327461970292e+01 1.322515104749635018e-01
6.485188150520416173e+01 1.329368244315156378e-01
6.521216973578863474e+01 1.336578364858006795e-01
6.557245796637309354e+01 1.344121456234897150e-01
6.593274619695756655e+01 1.351974813494352112e-01
6.629303442754202536e+01 1.360117101124508066e-01
6.665332265812651258e+01 1.368528373446541990e-01
6.701361088871097138e+01 1.377190061303177337e-01
6.737389911929544439e+01 1.386084933867892943e-01
6.773418734987991741e+01 1.395197042966609957e-01
6.809447558046437621e+01 1.404511655907242917e-01
6.845476381104884922e+01 1.414015181540661248e-01
6.881505204163330802e+01 1.423695093171512271e-01
6.917534027221778103e+01 1.433539851011114974e-01
6.953562850280223984e+01 1.443538826110484785e-01
6.989591673338671285e+01 1.453682227112367831e-01
7.025620496397117165e+01 1.463961030696212251e-01
7.061649319455564466e+01 1.474366916236374836e-01
7.097678142514011768e+01 1.484892204930734205e-01
7.133706965572457648e+01 1.495529803466411345e-01
7.169735788630904949e+01 1.506273152154574135e-01
7.205764611689350829e+01 1.517116177374864261e-01
7.241793434747798131e+01 1.528053248111344298e-01
7.277822257806245432e+01 1.539079136327017594e-01
7.313851080864691312e+01 1.550188980907098724e-01
7.349879903923138613e+01 1.561378254896425843e-01
7.385908726981585914e+01 1.572642735760794996e-01
7.421937550040031795e+01 1.583978478411893487e-01
7.457966373098479096e+01 1.595381790749024198e-01
7.493995196156924976e+01 1.606849211486818529e-01
7.530024019215372277e+01 1.618377490054674073e-01
7.566052842273818158e+01 1.629963568370793037e-01
7.602081665332265459e+01 1.641604564310303882e-01
7.638110488390711339e+01 1.653297756702930554e-01
7.674139311449158640e+01 1.665040571710833528e-01
7.710168134507607363e+01 1.676830570451258995e-01
7.746196957566053243e+01 1.688665437741770636e-01
7.782225780624500544e+01 1.700542971857637309e-01
7.818254603682946424e+01 1.712461075202008909e-01
7.854283426741393725e+01 1.724417745799326496e-01
7.890312249799839606e+01 1.736411069531415829e-01
7.926341072858286907e+01 1.748439213043709306e-01
7.962369895916732787e+01 1.760500417256556649e-01
7.998398718975181509e+01 1.772592991422851649e-01
8.034427542033625969e+01 1.784715307679254626e-01
8.070456365092074691e+01 1.796865796043513319e-01
8.106485188150520571e+01 1.809042939815146134e-01
8.142514011208967872e+01 1.821245271340801164e-01
8.178542834267413753e+01 1.833471368109712840e-01
8.214571657325861054e+01 1.845719849147686720e-01
8.250600480384308355e+01 1.857989371681319501e-01
8.286629303442754235e+01 1.870278628046801173e-01
8.322658126501201536e+01 1.882586342819994873e-01
8.358686949559648838e+01 1.894911270146695248e-01
8.394715772618094718e+01 1.907252191253948070e-01
8.430744595676542019e+01 1.919607912124913218e-01
8.466773418734987899e+01 1.931977261321382866e-01
8.502802241793435201e+01 1.944359087939405706e-01
8.538831064851881081e+01 1.956752259684677031e-01
8.574859887910328382e+01 1.969155661055445594e-01
8.610888710968774262e+01 1.981568191621670139e-01
8.646917534027221564e+01 1.993988764390005886e-01
8.682946357085667444e+01 2.006416304244935944e-01
8.718975180144116166e+01 2.018849746457038463e-01
8.755004003202560625e+01 2.031288035249968760e-01
8.791032826261009347e+01 2.043730122418326023e-01
8.827061649319456649e+01 2.056174965988785408e-01
8.863090472377902529e+01 2.068621528917518049e-01
8.899119295436349830e+01 2.081068777817124127e-01
8.935148118494795710e+01 2.093515681706447917e-01
8.971176941553243012e+01 2.105961210777123060e-01
9.007205764611688892e+01 2.118404335170556152e-01
9.043234587670136193e+01 2.130844023759434214e-01
9.079263410728583494e+01 2.143279242927657868e-01
9.115292233787029375e+01 2.155708955342856836e-01
9.151321056845476676e+01 2.168132118715415668e-01
9.187349879903922556e+01 2.180547684538007014e-01
9.223378702962369857e+01 2.192954596799446543e-01
9.259407526020817158e+01 2.205351790666526535e-01
9.295436349079263039e+01 2.217738191127256731e-01
9.331465172137711761e+01 2.230112711588763397e-01
9.367493995196156220e+01 2.242474252422668735e-01
9.403522818254604942e+01 2.254821699450498262e-01
9.439551641313050823e+01 2.267153922361146157e-01
9.475580464371498124e+01 2.279469773052104353e-01
9.511609287429944004e+01 2.291768083885316887e-01
9.547638110488391305e+01 2.304047665848326931e-01
9.583666933546837186e+01 2.316307306610143335e-01
9.619695756605284487e+01 2.328545768461023346e-01
9.655724579663730367e+01 2.340761786124002930e-01
9.691753402722177668e+01 2.352954064425372138e-01
9.727782225780623548e+01 2.365121275810027623e-01
9.763811048839070850e+01 2.377262057686469199e-01
9.799839871897519572e+01 2.389375009584893406e-01
9.835868694955964031e+01 2.401458690110321870e-01
9.871897518014412753e+01 2.413511613671109890e-01
9.907926341072857213e+01 2.425532246961327187e-01
9.943955164131305935e+01 2.437519005173574282e-01
9.979983987189750394e+01 2.449470247916501753e-01
1.001601281024819912e+02 2.461384274809116923e-01
1.005204163330664642e+02 2.473259320720991583e-01
1.008807045636509230e+02 2.485093550624912773e-01
1.012409927942353960e+02 2.496885054025129447e-01
1.016012810248198548e+02 2.508631838921002721e-01
1.019615692554043278e+02 2.520331825262058789e-01
1.023218574859887866e+02 2.531982837846413203e-01
1.026821457165732738e+02 2.543582598610006351e-01
1.030424339471577184e+02 2.555128718249537467e-01
1.034027221777422056e+02 2.566618687116703490e-01
1.037630104083266502e+02 2.578049865316138778e-01
1.041232986389111375e+02 2.589419471933704364e-01
1.044835868694955821e+02 2.600724573315884025e-01
1.048438751000800693e+02 2.611962070315050899e-01
1.052041633306645281e+02 2.623128684409342104e-01
1.055644515612490011e+02 2.634220942599979631e-01
1.059247397918334741e+02 2.645235160983256395e-01
1.062850280224179329e+02 2.656167426889862182e-01
1.066453162530024059e+02 2.667013579480347341e-01
1.070056044835868647e+02 2.677769188683616353e-01
1.073658927141713377e+02 2.688429532365837482e-01
1.077261809447558107e+02 2.698989571620883932e-01
1.080864691753402695e+02 2.709443924081740285e-01
1.084467574059247426e+02 2.719786835166667083e-01
1.088070456365092156e+02 2.730012147196156369e-01
1.091673338670936744e+02 2.740113266349052945e-01
1.095276220976781616e+02 2.750083127471848465e-01
1.098879103282626062e+02 2.759914156816835606e-01
1.102481985588470934e+02 2.769598232867245269e-01
1.106084867894315380e+02 2.779126645514938265e-01
1.109687750200160252e+02 2.788490053994018836e-01
1.113290632506004698e+02 2.797678444147639332e-01
1.116893514811849570e+02 2.806681085821723376e-01
1.120496397117694158e+02 2.815486491443082162e-01
1.124099279423538889e+02 2.824082377156408308e-01
1.127702161729383477e+02 2.832455628266756786e-01
1.131305044035228207e+02 2.840592271161040960e-01
1.134907926341072795e+02 2.848477454356420080e-01
1.138510808646917525e+02 2.856095441831549286e-01
1.142113690952762113e+02 2.863429622310626477e-01
1.145716573258606843e+02 2.870462538650292439e-01
1.149319455564451573e+02 2.877175941865443010e-01
1.152922337870296303e+02 2.883550874544422160e-01
1.156525220176141033e+02 2.889567788347839339e-01
1.160128102481985479e+02 2.895206699846277765e-01
1.163730984787830209e+02 2.900447388013163708e-01
1.167333867093675082e+02 2.905269635145603102e-01
1.170936749399519670e+02 2.909653510773295149e-01
1.174539631705364116e+02 2.913579695236443445e-01
1.178142514011208846e+02 2.917029836175652480e-01
1.181745396317053718e+02 2.919986927412067668e-01
1.185348278622898306e+02 2.922435695975066361e-01
1.188951160928743036e+02 2.924362979837771270e-01
1.192554043234587908e+02 2.925758076786601491e-01
1.196156925540432354e+02 2.926613044278467690e-01
1.199759807846276942e+02 2.926922931481061863e-01
1.203362690152121672e+02 2.926685928044626683e-01
1.206965572457966545e+02 2.925903419299806241e-01
1.210568454763811133e+02 2.924579943980262220e-01
1.214171337069655578e+02 2.922723057461956153e-01
1.217774219375500309e+02 2.920343110028338351e-01
1.221377101681345181e+02 2.917452955021848648e-01
1.224979983987189769e+02 2.914067605354135893e-01
1.228582866293034357e+02 2.910203858458022541e-01
1.232185748598879087e+02 2.905879909431413610e-01
1.235788630904723817e+02 2.901114970170458607e-01
1.239391513210568547e+02 2.895928909202862833e-01
1.242994395516413135e+02 2.890341923251040224e-01
1.246597277822258008e+02 2.884374247772272803e-01
1.250200160128102453e+02 2.878045910224324988e-01
1.253803042433947184e+02 2.871376526843350541e-01
1.257405924739791772e+02 2.864385141416616043e-01
1.261008807045636644e+02 2.857090102902768991e-01
1.264611689351481374e+02 2.849508977738258175e-01
1.268214571657325820e+02 2.841658492169341077e-01
1.271817453963170408e+02 2.833554499848963126e-01
1.275420336269015280e+02 2.825211970121728755e-01
1.279023218574860010e+02 2.816644992788771007e-01
1.282626100880704314e+02 2.807866795615195921e-01
1.286228983186549328e+02 2.798889771355584921e-01
1.289831865492394058e+02 2.789725511583113216e-01
1.293434747798238504e+02 2.780384845088157419e-01
1.297037630104083235e+02 2.770877879045963166e-01
1.300640512409928249e+02 2.761214041532527030e-01
1.304243394715772695e+02 2.751402124291888462e-01
1.307846277021617141e+02 2.741450324929104454e-01
1.311449159327461871e+02 2.731366287925133252e-01
1.315052041633306885e+02 2.721157144049350940e-01
1.318654923939151331e+02 2.710829547887705360e-01
1.322257806244996061e+02 2.700389713315488049e-01
1.325860688550840507e+02 2.689843446829439100e-01
1.329463570856685521e+02 2.679196178717925259e-01
1.333066453162530252e+02 2.668452992095581844e-01
1.336669335468374697e+02 2.657618649862668048e-01
1.340272217774219428e+02 2.646697619672916391e-01
1.343875100080064158e+02 2.635694097008955405e-01
1.347477982385908888e+02 2.624612026473303605e-01
1.351080864691753334e+02 2.613455121407223802e-01
1.354683746997598348e+02 2.602226881950834292e-01
1.358286629303442794e+02 2.590930611655788418e-01
1.361889511609287524e+02 2.579569432758639369e-01
1.365492393915131970e+02 2.568146300218241973e-01
1.369095276220976984e+02 2.556664014615125935e-01
1.372698158526821430e+02 2.545125234004900761e-01
1.376301040832666160e+02 2.533532484811822361e-01
1.379903923138510606e+02 2.521888171842416870e-01
1.383506805444355621e+02 2.510194587493378982e-01
1.387109687750200351e+02 2.498453920222112323e-01
1.390712570056044797e+02 2.486668262342873748e-01
1.394315452361889527e+02 2.474839617206493203e-01
1.397918334667734257e+02 2.462969905816642102e-01
1.401521216973578987e+02 2.451060972931358439e-01
1.405124099279423433e+02 2.439114592694368588e-01
1.408726981585268163e+02 2.427132473836815796e-01
1.412329863891112893e+02 2.415116264486700248e-01
1.415932746196957623e+02 2.403067556619980505e-01
1.419535628502802354e+02 2.390987890184472775e-01
1.423138510808647084e+02 2.378878756924840687e-01
1.426741393114491530e+02 2.366741603934787996e-01
1.430344275420336260e+02 2.354577836960078108e-01
1.433947157726180990e+02 2.342388823474163273e-01
1.437550040032025720e+02 2.330175895546361398e-01
1.441152922337870166e+02 2.317940352520787839e-01
1.444755804643714896e+02 2.305683463522806009e-01
1.448358686949559626e+02 2.293406469808405290e-01
1.451961569255404356e+02 2.281110586970691856e-01
1.455564451561249086e+02 2.268797007016526979e-01
1.459167333867093532e+02 2.256466900325443947e-01
1.462770216172938262e+02 2.244121417501952209e-01
1.466373098478782993e+02 2.231761691131735614e-01
1.469975980784627723e+02 2.219388837451276852e-01
1.473578863090472169e+02 2.207003957940057992e-01
1.477181745396317183e+02 2.194608140843738731e-01
1.480784627702161629e+02 2.182202462636343432e-01
1.484387510008006359e+02 2.169787989428945130e-01
1.487990392313851089e+02 2.157365778332069606e-01
1.491593274619695819e+02 2.144936878778604672e-01
1.495196156925540265e+02 2.132502333813864337e-01
1.498799039231384995e+02 2.120063181359135296e-01
1.502401921537230010e+02 2.107620455454848885e-01
1.506004803843074455e+02 2.095175187489582147e-01
1.509607686148919186e+02 2.082728407420700034e-01
1.513210568454763632e+02 2.070281144992773548e-01
1.516813450760608646e+02 2.057834430959597505e-01
1.520416333066453092e+02 2.045389298315944682e-01
1.524019215372297822e+02 2.032946783545128144e-01
1.527622097678142268e+02 2.020507927888652300e-01
1.531224979983987282e+02 2.008073778644493546e-01
1.534827862289831728e+02 1.995645390500688787e-01
1.538430744595676458e+02 1.983223826911305332e-01
1.542033626901521473e+02 1.970810161522237591e-01
1.545636509207365918e+02 1.958405479654598547e-01
1.549239391513210649e+02 1.946010879854154774e-01
1.552842273819055094e+02 1.933627475515648508e-01
1.556445156124900109e+02 1.921256396591604909e-01
1.560048038430744555e+02 1.908898791395956251e-01
1.563650920736589285e+02 1.896555828513638853e-01
1.567253803042433731e+02 1.884228698828235848e-01
1.570856685348278745e+02 1.871918617680937147e-01
1.574459567654123475e+02 1.859626827175046848e-01
1.578062449959967921e+02 1.847354598641946788e-01
1.581665332265812367e+02 1.835103235285575340e-01
1.585268214571657381e+02 1.822874075024516483e-01
1.588871096877502112e+02 1.810668493552374803e-01
1.592473979183346557e+02 1.798487907639540195e-01
1.596076861489191572e+02 1.786333778701566788e-01
1.599679743795036302e+02 1.774207616662209497e-01
1.603282626100880748e+02 1.762110984142075953e-01
1.606885508406725194e+02 1.750045501007199411e-01
1.610488390712570208e+02 1.738012849315573871e-01
1.614091273018414938e+02 1.726014778703784669e-01
1.617694155324259384e+02 1.714053112260671696e-01
1.621297037630104114e+02 1.702129752939910423e-01
1.624899919935948844e+02 1.690246690569493226e-01
1.628502802241793574e+02 1.678406009522267484e-01
1.632105684547638020e+02 1.666609897119026573e-01
1.635708566853482751e+02 1.654860652843614388e-01
1.639311449159327481e+02 1.643160698458297764e-01
1.642914331465172211e+02 1.631512589117457557e-01
1.646517213771016941e+02 1.619919025588483774e-01
1.650120096076861671e+02 1.608382867700414443e-01
1.653722978382706117e+02 1.596907149153945216e-01
1.657325860688550847e+02 1.585495093840186276e-01
1.660928742994395577e+02 1.574150133830706511e-01
1.664531625300240307e+02 1.562875929217069082e-01
1.668134507606084753e+02 1.551676389994950112e-01
1.671737389911929768e+02 1.540555700204583600e-01
1.675340272217774213e+02 1.529518344556357046e-01
1.678943154523618944e+02 1.518569137786218715e-01
1.682546036829463389e+02 1.507713256999614060e-01
1.686148919135308404e+02 1.496956277273172597e-01
1.689751801441152850e+02 1.486304210788538249e-01
1.693354683746997580e+02 1.475763549769486815e-01
1.696957566052842026e+02 1.465341313478366325e-01
1.700560448358687040e+02 1.455045099495907990e-01
1.704163330664531770e+02 1.444883139453330412e-01
1.707766212970376216e+02 1.434864359299134196e-01
1.711369095276221231e+02 1.424998444054915714e-01
1.714971977582065676e+02 1.415295906832125528e-01
1.718574859887910407e+02 1.405768161629333823e-01
1.722177742193754852e+02 1.396427599089302973e-01
1.725780624499599867e+02 1.387287663946170646e-01
1.729383506805444313e+02 1.378362932313032252e-01
1.732986389111289043e+02 1.369669186228063829e-01
1.736589271417133489e+02 1.361223481974426774e-01
1.740192153722978503e+02 1.353044207607968508e-01
1.743795036028823233e+02 1.345151123875424903e-01
1.747397918334667679e+02 1.337565381322117497e-01
1.751000800640512125e+02 1.330309504952287003e-01
1.754603682946357139e+02 1.323407336455542094e-01
1.758206565252201869e+02 1.316883922963012765e-01
1.761809447558046315e+02 1.310765340843214610e-01
1.765412329863891330e+02 1.305078443567232738e-01
1.769015212169735776e+02 1.299850524592940371e-01
1.772618094475580506e+02 1.295108889952899522e-01
1.776220976781424952e+02 1.290880341072958570e-01
1.779823859087269966e+02 1.287190576326611435e-01
1.783426741393114412e+02 1.284063529546630722e-01
1.787029623698959142e+02 1.281520674230434420e-01
1.790632506004803872e+02 1.279580331990257114e-01
1.794235388310648602e+02 1.278257031020157419e-01
1.797838270616493332e+02 1.277560963054264476e-01
1.801441152922337778e+02 1.277497584032818434e-01
1.805044035228182508e+02 1.278067394038033544e-01
1.808646917534027239e+02 1.279265916902881384e-01
1.812249799839871969e+02 1.281083881411806125e-01
1.815852682145716699e+02 1.283507587209489209e-01
1.819455564451561429e+02 1.286519422500024268e-01
1.823058446757405875e+02 1.290098489747555921e-01
1.826661329063250605e+02 1.294221291047362443e-01
1.830264211369095335e+02 1.298862426436782624e-01
1.833867093674940065e+02 1.303995264879078686e-01
1.837469975980784511e+02 1.309592557108275046e-01
1.841072858286629526e+02 1.315626970033929588e-01
1.844675740592473971e+02 1.322071532374865799e-01
1.848278622898318702e+02 1.328899989564416850e-01
1.851881505204163432e+02 1.336087072248408336e-01
1.855484387510008162e+02 1.343608686836288979e-01
1.859087269815852608e+02 1.351442038817830815e-01
1.862690152121697338e+02 1.359565700322565018e-01
1.866293034427542352e+02 1.367959633107753981e-01
1.869895916733386798e+02 1.376605177203673869e-01
1.873498799039231244e+02 1.385485014135550697e-01
1.877101681345075974e+02 1.394583112209670794e-01
1.880704563650920988e+02 1.403884659948865521e-01
1.884307445956765434e+02 1.413375992480867260e-01
1.887910328262610165e+02 1.423044514566099705e-01
1.891513210568454610e+02 1.432878623013345010e-01
1.895116092874299625e+02 1.442867630466538875e-01
1.898718975180144071e+02 1.453001691937209905e-01
1.902321857485988801e+02 1.463271734983716821e-01
1.905924739791833815e+02 1.473669394078006289e-01
1.909527622097678261e+02 1.484186949432413083e-01
1.913130504403522707e+02 1.494817270363782702e-01
1.916733386709367437e+02 1.505553763134455658e-01
1.920336269015212451e+02 1.516390323115684169e-01
1.923939151321056897e+02 1.527321291058397479e-01
1.927542033626901343e+02 1.538341413220120912e-01
1.931144915932746073e+02 1.549445805078838445e-01
1.934747798238591088e+02 1.560629918359307255e-01
1.938350680544435534e+02 1.571889511101051129e-01
1.941953562850280264e+02 1.583220620506844700e-01
1.945556445156124710e+02 1.594619538324063557e-01
1.949159327461969724e+02 1.606082788526833338e-01
1.952762209767814170e+02 1.617607107083652018e-01
1.956365092073658900e+02 1.629189423612293908e-01
1.959967974379503914e+02 1.640826844740248813e-01
1.963570856685348360e+02 1.652516639005252308e-01
1.967173738991192806e+02 1.664256223145459124e-01
1.970776621297037536e+02 1.676043149643068331e-01
1.974379503602882551e+02 1.687875095398250480e-01
1.977982385908726997e+02 1.699749851422288072e-01
1.981585268214571443e+02 1.711665313449777792e-01
1.985188150520416457e+02 1.723619473379770228e-01
1.988791032826261187e+02 1.735610411464659220e-01
1.992393915132105633e+02 1.747636289173881419e-01
1.995996797437950079e+02 1.759695342666753870e-01
1.999599679743795377e+02 1.771785876815374916e-01
2.003202562049639823e+02 1.783906259724488408e-01
2.006805444355484269e+02 1.796054917700446174e-01
2.010408326661329284e+02 1.808230330626219295e-01
2.014011208967174014e+02 1.820431027703612037e-01
2.017614091273018460e+02 1.832655583527678655e-01
2.021216973578862905e+02 1.844902614461743640e-01
2.024819855884707920e+02 1.857170775284435749e-01
2.028422738190552650e+02 1.869458756082927608e-01
2.032025620496397096e+02 1.881765279368921573e-01
2.035628502802241542e+02 1.894089097396227106e-01
2.039231385108086556e+02 1.906428989660523543e-01
2.042834267413931286e+02 1.918783760563870511e-01
2.046437149719775732e+02 1.931152237227810320e-01
2.050040032025620178e+02 1.943533267440580581e-01
2.053642914331465477e+02 1.955925717724887880e-01
2.057245796637309923e+02 1.968328471514021183e-01
2.060848678943154368e+02 1.980740427424924899e-01
2.064451561248999383e+02 1.993160497617767757e-01
2.068054443554844113e+02 2.005587606232281661e-01
2.071657325860688559e+02 2.018020687891818876e-01
2.075260208166533005e+02 2.030458686266699841e-01
2.078863090472378019e+02 2.042900552688876881e-01
2.082465972778222749e+02 2.055345244810442562e-01
2.086068855084067195e+02 2.067791725298843697e-01
2.089671737389911641e+02 2.080238960562017514e-01
2.093274619695756655e+02 2.092685919496928837e-01
2.096877502001601385e+02 2.105131572255148908e-01
2.100480384307445831e+02 2.117574889019368523e-01
2.104083266613290562e+02 2.130014838784760611e-01
2.107686148919135292e+02 2.142450388139219009e-01
2.111289031224980022e+02 2.154880500036546742e-01
2.114891913530824468e+02 2.167304132556583385e-01
2.118494795836669482e+02 2.179720237646207981e-01
2.122097678142514212e+02 2.192127759835126866e-01
2.125700560448358658e+02 2.204525634919994592e-01
2.129303442754203388e+02 2.216912788610501672e-01
2.132906325060048118e+02 2.229288135130460258e-01
2.136509207365892848e+02 2.241650575766955811e-01
2.140112089671737294e+02 2.253998997359943912e-01
2.143714971977582024e+02 2.266332270724557840e-01
2.147317854283426755e+02 2.278649248997630661e-01
2.150920736589271485e+02 2.290948765899610273e-01
2.154523618895116215e+02 2.303229633902236784e-01
2.158126501200960661e+02 2.315490642291859191e-01
2.161729383506805391e+02 2.327730555117236699e-01
2.165332265812650405e+02 2.339948109010065724e-01
2.168935148118494851e+02 2.352142010865262978e-01
2.172538030424339297e+02 2.364310935367110733e-01
2.176140912730184311e+02 2.376453522346119729e-01
2.179743795036029042e+02 2.388568373950135104e-01
2.183346677341873487e+02 2.400654051611704476e-01
2.186949559647718218e+02 2.412709072792226794e-01
2.190552441953563232e+02 2.424731907481437743e-01
2.194155324259407678e+02 2.436720974428940034e-01
2.197758206565252124e+02 2.448674637082344507e-01
2.201361088871096854e+02 2.460591199203947532e-01
2.204963971176941868e+02 2.472468900135619818e-01
2.208566853482786314e+02 2.484305909678371782e-01
2.212169735788630760e+02 2.496100322550115491e-01
2.215772618094475490e+02 2.507850152381619901e-01
2.219375500400320504e+02 2.519553325206924099e-01
2.222978382706164950e+02 2.531207672400412889e-01
2.226581265012009396e+02 2.542810923008439472e-01
2.230184147317854695e+02 2.554360695418524396e-01
2.233787029623699141e+02 2.565854488304243342e-01
2.237389911929543587e+02 2.577289670778468156e-01
2.240992794235388317e+02 2.588663471682011719e-01
2.244595676541233331e+02 2.599972967928871337e-01
2.248198558847077777e+02 2.611215071823230760e-01
2.251801441152922223e+02 2.622386517257331850e-01
2.255404323458766953e+02 2.633483844693368936e-01
2.259007205764611967e+02 2.644503384827200376e-01
2.262610088070456413e+02 2.655441240826576510e-01
2.266212970376300859e+02 2.666293269033037650e-01
2.269815852682145589e+02 2.677055058014389810e-01
2.273418734987990604e+02 2.687721905855049997e-01
2.277021617293835050e+02 2.698288795574969035e-01
2.280624499599679496e+02 2.708750368575836842e-01
2.284227381905524226e+02 2.719100896027234482e-01
2.287830264211369240e+02 2.729334248126925044e-01
2.291433146517213686e+02 2.739443861201184549e-01
2.295036028823058132e+02 2.749422702655646145e-01
2.298638911128903146e+02 2.759263233847644714e-01
2.302241793434747592e+02 2.768957371031967041e-01
2.305844675740592606e+02 2.778496444637543195e-01
2.309447558046437337e+02 2.787871157268125288e-01
2.313050440352282067e+02 2.797071540991559191e-01
2.316653322658126513e+02 2.806086914695281043e-01
2.320256204963970958e+02 2.814905842546545078e-01
2.323859087269815973e+02 2.823516094908873342e-01
2.327461969575660419e+02 2.831904613434943485e-01
2.331064851881505433e+02 2.840057482479155238e-01
2.334667734187350163e+02 2.847959909445158533e-01
2.338270616493194609e+02 2.855596217189668162e-01
2.341873498799039339e+02 2.862949852118834571e-01
2.345476381104883785e+02 2.870003412097383855e-01
2.349079263410728231e+02 2.876738698685199491e-01
2.352682145716573245e+02 2.883136798444765891e-01
2.356285028022417691e+02 2.889178198028109490e-01
2.359887910328262990e+02 2.894842937341965960e-01
2.363490792634107436e+02 2.900110804187913671e-01
2.367093674939952166e+02 2.904961572273598858e-01
2.370696557245796612e+02 2.909375282323769518e-01
2.374299439551641058e+02 2.913332563183426704e-01
2.377902321857486072e+02 2.916814986398524878e-01
2.381505204163330518e+02 2.919805444007037010e-01
2.385108086469175817e+02 2.922288535535172427e-01
2.388710968775020262e+02 2.924250946945029517e-01
2.392313851080864708e+02 2.925681802058719971e-01
2.395916733386709438e+02 2.926572966293797817e-01
2.399519615692553884e+02 2.926919283752856815e-01
2.403122497998398330e+02 2.926718731932336226e-01
2.406725380304243345e+02 2.925972483355331888e-01
2.410328262610088643e+02 2.924684869775638907e-01
2.413931144915933089e+02 2.922863251487479164e-01
2.417534027221777535e+02 2.920517800844183998e-01
2.421136909527622265e+02 2.917661214538715964e-01
2.424739791833466711e+02 2.914308372938801961e-01
2.428342674139311157e+02 2.910475966515039259e-01
2.431945556445156171e+02 2.906182109189470175e-01
2.435548438751000617e+02 2.901445956573283635e-01
2.439151321056845916e+02 2.896287344034723099e-01
2.442754203362690362e+02 2.890726455880409662e-01
2.446357085668534808e+02 2.884783533144158474e-01
2.449959967974379538e+02 2.878478623950410098e-01
2.453562850280224268e+02 2.871831377416646514e-01
2.457165732586068714e+02 2.864860879709859587e-01
2.460768614891913444e+02 2.857585529198250485e-01
2.464371497197758174e+02 2.850022946587061345e-01
2.467974379503603188e+02 2.842189915397693722e-01
2.471577261809447634e+02 2.834102348025819840e-01
2.475180144115292364e+02 2.825775272782910519e-01
2.478783026421137095e+02 2.817222837684216219e-01
2.482385908726981540e+02 2.808458327212792205e-01
2.485988791032826271e+02 2.799494188800418226e-01
2.489591673338670716e+02 2.790342066277757271e-01
2.493194555644516015e+02 2.781012838028865120e-01
2.496797437950360461e+02 2.771516658022323831e-01
2.500400320256204907e+02 2.761862998274717262e-01
2.504003202562049921e+02 2.752060691629508171e-01
2.507606084867894367e+02 2.742117974009356529e-01
2.511208967173738813e+02 2.732042525524465693e-01
2.514811849479583543e+02 2.721841510002160347e-01
2.518414731785428557e+02 2.711521612646975443e-01
2.522017614091273288e+02 2.701089075654002913e-01
2.525620496397117734e+02 2.690549731684954149e-01
2.529223378702962748e+02 2.679909035182103105e-01
2.532826261008807194e+02 2.669172091543697833e-01
2.536429143314651640e+02 2.658343684219315328e-01
2.540032025620496370e+02 2.647428299807530472e-01
2.543634907926340816e+02 2.636430151254187670e-01
2.547237790232186114e+02 2.625353199258872450e-01
2.550840672538030560e+02 2.614201172001764939e-01
2.554443554843875006e+02 2.602977583304127429e-01
2.558046437149720020e+02 2.591685749334093347e-01
2.561649319455564182e+02 2.580328803966028262e-01
2.565252201761408628e+02 2.568909712897242681e-01
2.568855084067253642e+02 2.557431286620278632e-01
2.572457966373098657e+02 2.545896192343324871e-01
2.576060848678943671e+02 2.534306964945198803e-01
2.579663730984788117e+02 2.522666017045278042e-01
2.583266613290632563e+02 2.510975648262894766e-01
2.586869495596477009e+02 2.499238053735068077e-01
2.590472377902321455e+02 2.487455331955701343e-01
2.594075260208166469e+02 2.475629491994714160e-01
2.597678142514010915e+02 2.463762460150312750e-01
2.601281024819856498e+02 2.451856086083410158e-01
2.604883907125700944e+02 2.439912148478977916e-01
2.608486789431545390e+02 2.427932360275213419e-01
2.612089671737389835e+02 2.415918373498061045e-01
2.615692554043234281e+02 2.403871783735184731e-01
2.619295436349079296e+02 2.391794134280791351e-01
2.622898318654923742e+02 2.379686919979676629e-01
2.626501200960768756e+02 2.367551590796885541e-01
2.630104083266613770e+02 2.355389555136612467e-01
2.633706965572458216e+02 2.343202182932379307e-01
2.637309847878302662e+02 2.330990808528435876e-01
2.640912730184147676e+02 2.318756733370767320e-01
2.644515612489992122e+02 2.306501228524571179e-01
2.648118494795836568e+02 2.294225537033645068e-01
2.651721377101681014e+02 2.281930876135979946e-01
2.655324259407526597e+02 2.269618439348664862e-01
2.658927141713371043e+02 2.257289398434296213e-01
2.662530024019215489e+02 2.244944905260092272e-01
2.666132906325060503e+02 2.232586093560124108e-01
2.669735788630904949e+02 2.220214080610483087e-01
2.673338670936749395e+02 2.207829968826338085e-01
2.676941553242593841e+02 2.195434847289484126e-01
2.680544435548438855e+02 2.183029793214336378e-01
2.684147317854283870e+02 2.170615873359983405e-01
2.687750200160128315e+02 2.158194145395413155e-01
2.691353082465972761e+02 2.145765659224907196e-01
2.694955964771817776e+02 2.133331458280039172e-01
2.698558847077662222e+02 2.120892580784830561e-01
2.702161729383506668e+02 2.108450061000075315e-01
2.705764611689351113e+02 2.096004930453099768e-01
2.709367493995196696e+02 2.083558219158795077e-01
2.712970376301041142e+02 2.071110956837960704e-01
2.716573258606885588e+02 2.058664174138939151e-01
2.720176140912730602e+02 2.046218903868493033e-01
2.723779023218575048e+02 2.033776182238143659e-01
2.727381905524419494e+02 2.021337050132148705e-01
2.730984787830263940e+02 2.008902554403657059e-01
2.734587670136108954e+02 1.996473749205721904e-01
2.738190552441953969e+02 1.984051697364264955e-01
2.741793434747798415e+02 1.971637471800240515e-01
2.745396317053642861e+02 1.959232157008984898e-01
2.748999199359487875e+02 1.946836850604978519e-01
2.752602081665332321e+02 1.934452664940846112e-01
2.756204963971176767e+02 1.922080728810252603e-01
2.759807846277021213e+02 1.909722189244871804e-01
2.763410728582866227e+02 1.897378213416515691e-01
2.767013610888711241e+02 1.885049990656562924e-01
2.770616493194555687e+02 1.872738734605686739e-01
2.774219375500400702e+02 1.860445685508207159e-01
2.777822257806245148e+02 1.848172112666773004e-01
2.781425140112089593e+02 1.835919317074349022e-01
2.785028022417934608e+02 1.823688634242524031e-01
2.788630904723779054e+02 1.811481437246656168e-01
2.792233787029624068e+02 1.799299140010766629e-01
2.795836669335468514e+02 1.787143200857288505e-01
2.799439551641312960e+02 1.775015126349565875e-01
2.803042433947157974e+02 1.762916475457738108e-01
2.806645316253002420e+02 1.750848864082211742e-01
2.810248198558846866e+02 1.738813969972379248e-01
2.813851080864691880e+02 1.726813538082494770e-01
2.817453963170536326e+02 1.714849386411327892e-01
2.821056845476381341e+02 1.702923412377108647e-01
2.824659727782225787e+02 1.691037599785239209e-01
2.828262610088070801e+02 1.679194026452653088e-01
2.831865492393915247e+02 1.667394872559689045e-01
2.835468374699759693e+02 1.655642429808418525e-01
2.839071257005604707e+02 1.643939111475046788e-01
2.842674139311449153e+02 1.632287463453821752e-01
2.846277021617294167e+02 1.620690176400445826e-01
2.849879903923138613e+02 1.609150099094918129e-01
2.853482786228983059e+02 1.597670253156314168e-01
2.857085668534828073e+02 1.586253849256102633e-01
2.860688550840672519e+02 1.574904304991379955e-01
2.864291433146516965e+02 1.563625264595255304e-01
2.867894315452361980e+02 1.552420620678239827e-01
2.871497197758206426e+02 1.541294538211337994e-01
2.875100080064051440e+02 1.530251480978541412e-01
2.878702962369895886e+02 1.519296240742311899e-01
2.882305844675740332e+02 1.508433969380018613e-01
2.885908726981585346e+02 1.497670214259924359e-01
2.889511609287429792e+02 1.487010957131004174e-01
2.893114491593274238e+02 1.476462656798307183e-01
2.896717373899119252e+02 1.466032295841339927e-01
2.900320256204964267e+02 1.455727431602309718e-01
2.903923138510808712e+02 1.445556251617693133e-01
2.907526020816653158e+02 1.435527633582439899e-01
2.911128903122498173e+02 1.425651209811311104e-01
2.914731785428342619e+02 1.415937435983243842e-01
2.918334667734187065e+02 1.406397663707851797e-01
2.921937550040032079e+02 1.397044216119068538e-01
2.925540432345876525e+02 1.387890465259991324e-01
2.929143314651721539e+02 1.378950909452472673e-01
2.932746196957565985e+02 1.370241248123468814e-01
2.936349079263410431e+02 1.361778450669172968e-01
2.939951961569255445e+02 1.353580814868527438e-01
2.943554843875099891e+02 1.345668009116880448e-01
2.947157726180944337e+02 1.338061091374024292e-01
2.950760608486789351e+02 1.330782496284434180e-01
2.954363490792634366e+02 1.323855980566865098e-01
2.957966373098478812e+02 1.317306515691893942e-01
2.961569255404323258e+02 1.311160116362077299e-01
2.965172137710168272e+02 1.305443593750812703e-01
2.968775020016012718e+02 1.300184224269487210e-01
2.972377902321857164e+02 1.295409328235093416e-01
2.975980784627702178e+02 1.291145758507811214e-01
2.979583666933547192e+02 1.287419307010572722e-01
2.983186549239391638e+02 1.284254046665927185e-01
2.986789431545236084e+02 1.281671636788276614e-01
2.990392313851080530e+02 1.279690629886745534e-01
2.993995196156925545e+02 1.278325825290006768e-01
2.997598078462769990e+02 1.277587718061052591e-01
3.001200960768614436e+02 1.277482088836660035e-01
3.004803843074460019e+02 1.278009770985681914e-01
3.008406725380304465e+02 1.279166616633307940e-01
3.012009607686148911e+02 1.280943664747991872e-01
3.015612489991993357e+02 1.283327495606560176e-01
3.019215372297838371e+02 1.286300739648858216e-01
3.022818254603682817e+02 1.289842697466341559e-01
3.026421136909527263e+02 1.293930022696351823e-01
3.030024019215372846e+02 1.298537420815113197e-01
3.033626901521217292e+02 1.303638323016269862e-01
3.037229783827061738e+02 1.309205503679619909e-01
3.040832666132906184e+02 1.315211620430059014e-01
3.044435548438750629e+02 1.321629665832302625e-01
3.048038430744595644e+02 1.328433328267922819e-01
3.051641313050440090e+02 1.335597265965532965e-01
3.055244195356284536e+02 1.343097302431109363e-01
3.058847077662130118e+02 1.350910553891783716e-01
3.062449959967974564e+02 1.359015500216872729e-01
3.066052842273819010e+02 1.367392010545942782e-01
3.069655724579663456e+02 1.376021333930620427e-01
3.073258606885508470e+02 1.384886064002469608e-01
3.076861489191352916e+02 1.393970085250523516e-01
3.080464371497197362e+02 1.403258507084031437e-01
3.084067253803042945e+02 1.412737590564472345e-01
3.087670136108887391e+02 1.422394671562524360e-01
3.091273018414731837e+02 1.432218083145177789e-01
3.094875900720576283e+02 1.442197079222457268e-01
3.098478783026421297e+02 1.452321760864179190e-01
3.102081665332265743e+02 1.462583006215776860e-01
3.105684547638110189e+02 1.472972404574902916e-01
3.109287429943954635e+02 1.483482194916662389e-01
3.112890312249800218e+02 1.494105208955858188e-01
3.116493194555644664e+02 1.504834818693462917e-01
3.120096076861489109e+02 1.515664888298094426e-01
3.123698959167334124e+02 1.526589730110446408e-01
3.127301841473178570e+02 1.537604064521374825e-01
3.130904723779023016e+02 1.548702983455192694e-01
3.134507606084867462e+02 1.559881917183651434e-01
3.138110488390713044e+02 1.571136604199404041e-01
3.141713370696557490e+02 1.582463063886986321e-01
3.145316253002401936e+02 1.593857571742746393e-01
3.148919135308246950e+02 1.605316636910429640e-01
3.152522017614091396e+02 1.616836981816198449e-01
3.156124899919935842e+02 1.628415523703488355e-01
3.159727782225780288e+02 1.640049357885106085e-01
3.163330664531624734e+02 1.651735742545909769e-01
3.166933546837470317e+02 1.663472084944737084e-01
3.170536429143314763e+02 1.675255928878439937e-01
3.174139311449159777e+02 1.687084943284020699e-01
3.177742193755004223e+02 1.698956911867089692e-01
3.181345076060848669e+02 1.710869723655682462e-01
3.184947958366693115e+02 1.722821364388756604e-01
3.188550840672537561e+02 1.734809908657601041e-01
3.192153722978383144e+02 1.746833512726667370e-01
3.195756605284227589e+02 1.758890407967683145e-01
3.199359487590072604e+02 1.770978894847614893e-01
3.202962369895917050e+02 1.783097337416949535e-01
3.206565252201761496e+02 1.795244158250096367e-01
3.210168134507605942e+02 1.807417833794576767e-01
3.213771016813450387e+02 1.819616890089907624e-01
3.217373899119295402e+02 1.831839898820866452e-01
3.220976781425140416e+02 1.844085473673411357e-01
3.224579663730984862e+02 1.856352266964389208e-01
3.228182546036829876e+02 1.868638966519147737e-01
3.231785428342674322e+02 1.880944292773328030e-01
3.235388310648518768e+02 1.893266996077632991e-01
3.238991192954363214e+02 1.905605854186016579e-01
3.242594075260208228e+02 1.917959669909702625e-01
3.246196957566053243e+02 1.930327268920887795e-01
3.249799839871897689e+02 1.942707497691395502e-01
3.253402722177742703e+02 1.955099221552856481e-01
3.257005604483587149e+02 1.967501322865922164e-01
3.260608486789431595e+02 1.979912699287241229e-01
3.264211369095276041e+02 1.992332262123539532e-01
3.267814251401121055e+02 2.004758934763156419e-01
3.271417133706965501e+02 2.017191651175844480e-01
3.275020016012810515e+02 2.029629354472420877e-01
3.278622898318654961e+02 2.042070995516244991e-01
3.282225780624499407e+02 2.054515531579025056e-01
3.285828662930344422e+02 2.066961925033806158e-01
3.289431545236188867e+02 2.079409142078328943e-01
3.293034427542033882e+02 2.091856151482165693e-01
3.296637309847878328e+02 2.104301923351417636e-01
3.300240192153723342e+02 2.116745427904631327e-01
3.303843074459567788e+02 2.129185634254044668e-01
3.307445956765412234e+02 2.141621509186096284e-01
3.311048839071256680e+02 2.154052015935262743e-01
3.314651721377101694e+02 2.166476112945235899e-01
3.318254603682946708e+02 2.178892752611403805e-01
3.321857485988791154e+02 2.191300879998499263e-01
3.325460368294635600e+02 2.203699431527056940e-01
3.329063250600480615e+02 2.216087333622202837e-01
3.332666132906325061e+02 2.228463501318008744e-01
3.336269015212169506e+02 2.240826836810291267e-01
3.339871897518014521e+02 2.253176227950447752e-01
3.343474779823859535e+02 2.265510546672491188e-01
3.347077662129703981e+02 2.277828647344900537e-01
3.350680544435548427e+02 2.290129365038451048e-01
3.354283426741393441e+02 2.302411513700504953e-01
3.357886309047237887e+02 2.314673884225613709e-01
3.361489191353082333e+02 2.326915242411375095e-01
3.365092073658926779e+02 2.339134326787834783e-01
3.368694955964772362e+02 2.351329846307538551e-01
3.372297838270616808e+02 2.363500477882420070e-01
3.375900720576461254e+02 2.375644863752440494e-01
3.379503602882305699e+02 2.387761608669615732e-01
3.383106485188150714e+02 2.399849276879560678e-01
3.386709367493995160e+02 2.411906388881155383e-01
3.390312249799839606e+02 2.423931417943060440e-01
3.393915132105684052e+02 2.435922786353877656e-01
3.397518014411529634e+02 2.447878861380674287e-01
3.401120896717374080e+02 2.459797950908005348e-01
3.404723779023218526e+02 2.471678298727293666e-01
3.408326661329063541e+02 2.483518079443169380e-01
3.411929543634907986e+02 2.495315392960533174e-01
3.415532425940752432e+02 2.507068258512653025e-01
3.419135308246596878e+02 2.518774608186685748e-01
3.422738190552442461e+02 2.530432279899250125e-01
3.426341072858286907e+02 2.542039009770094560e-01
3.429943955164131353e+02 2.553592423837353076e-01
3.433546837469976367e+02 2.565090029052752296e-01
3.437149719775820813e+02 2.576529203489796305e-01
3.440752602081665259e+02 2.587907185692485124e-01
3.444355484387509705e+02 2.599221063086017414e-01
3.447958366693354151e+02 2.610467759365076579e-01
3.451561248999199734e+02 2.621644020769268724e-01
3.455164131305044179e+02 2.632746401149234083e-01
3.458767013610888625e+02 2.643771245721476260e-01
3.462369895916733640e+02 2.654714673405086933e-01
3.465972778222578086e+02 2.665572557629524719e-01
3.469575660528422532e+02 2.676340505500613420e-01
3.473178542834266977e+02 2.687013835211811696e-01
3.476781425140112560e+02 2.697587551591157373e-01
3.480384307445957006e+02 2.708056319681897417e-01
3.483987189751801452e+02 2.718414436268337120e-01
3.487590072057646466e+02 2.728655799279270378e-01
3.491192954363490912e+02 2.738773875032616822e-01
3.494795836669335358e+02 2.748761663328077032e-01
3.498398718975179804e+02 2.758611660454365344e-01
3.502001601281024250e+02 2.768315820256692650e-01
3.505604483586869833e+02 2.777865513514167772e-01
3.509207365892714279e+02 2.787251486010115520e-01
3.512810248198558725e+02 2.796463815847124446e-01
3.516413130504403739e+02 2.805491870769063478e-01
3.520016012810248185e+02 2.814324266509264927e-01
3.523618895116092631e+02 2.822948827494171642e-01
3.527221777421937077e+02 2.831352551596045819e-01
3.530824659727782660e+02 2.839521581048287113e-01
3.534427542033627105e+02 2.847441182105936441e-01
3.538030424339471551e+02 2.855095736538230122e-01
3.541633306645316566e+02 2.862468748555637710e-01
3.545236188951161012e+02 2.869542871261372974e-01
3.548839071257005457e+02 2.876299957119904938e-01
3.552441953562849903e+02 2.882721137177776116e-01
3.556044835868694918e+02 2.888786933757848119e-01
3.559647718174539932e+02 2.894477410967356557e-01
3.563250600480384378e+02 2.899772366493936770e-01
3.566853482786228824e+02 2.904651566706253352e-01
3.570456365092073838e+02 2.909095024953636255e-01
3.574059247397918284e+02 2.913083320165567036e-01
3.577662129703762730e+02 2.916597949477618967e-01
3.581265012009607744e+02 2.919621704870989376e-01
3.584867894315452759e+02 2.922139060060160443e-01
3.588470776621297205e+02 2.924136550565664683e-01
3.592073658927141651e+02 2.925603127602321440e-01
3.595676541232986665e+02 2.926530465607922737e-01
3.599279423538831111e+02 2.926913204311589745e-01
3.602882305844675557e+02 2.926749109331527321e-01
3.606485188150520571e+02 2.926039140223227752e-01
3.610088070456365017e+02 2.924787421176353597e-01
3.613690952762210031e+02 2.923001116435800517e-01
3.617293835068054477e+02 2.920690219139185362e-01
3.620896717373898923e+02 2.917867267808442189e-01
3.624499599679743937e+02 2.914547008599658318e-01
3.628102481985588383e+02 2.910746023296065244e-01
3.631705364291433398e+02 2.906482342941589248e-01
3.635308246597277844e+02 2.901775065249715957e-01
3.638911128903122858e+02 2.896643990956147552e-01
3.642514011208967304e+02 2.891109290651586172e-01
3.646116893514811750e+02 2.885191209836555637e-01
3.649719775820656764e+02 2.878909816386703291e-01
3.653322658126501210e+02 2.872284791573382901e-01
3.656925540432346224e+02 2.865335263389977016e-01
3.660528422738190670e+02 2.858079679216560254e-01
3.664131305044035116e+02 2.850535713764412726e-01
3.667734187349880131e+02 2.842720207680918265e-01
3.671337069655724576e+02 2.834649132048467357e-01
3.674939951961569022e+02 2.826337574163611532e-01
3.678542834267414037e+02 2.817799740331423108e-01
3.682145716573259051e+02 2.809048971871619949e-01
3.685748598879103497e+02 2.800097771042686090e-01
3.689351481184947943e+02 2.790957834103012236e-01
3.692954363490792389e+02 2.781640089213212041e-01
3.696557245796637403e+02 2.772154737324378782e-01
3.700160128102481849e+02 2.762511294584066857e-01
3.703763010408326863e+02 2.752718635123210245e-01
3.707365892714171878e+02 2.742785033364922298e-01
3.710968775020016324e+02 2.732718205224459740e-01
3.714571657325860770e+02 2.722525347754509717e-01
3.718174539631705215e+02 2.712213176936527637e-01
3.721777421937550230e+02 2.701787963434201800e-01
3.725380304243394676e+02 2.691255566213369144e-01
3.728983186549239122e+02 2.680621463999840470e-01
3.732586068855084704e+02 2.669890784595896904e-01
3.736188951160929150e+02 2.659068332111943489e-01
3.739791833466773596e+02 2.648158612194440598e-01
3.743394715772618042e+02 2.637165855347552434e-01
3.746997598078462488e+02 2.626094038455574209e-01
3.750600480384307502e+02 2.614946904618268286e-01
3.754203362690151948e+02 2.603727981412257142e-01
3.757806244995997531e+02 2.592440597690359172e-01
3.761409127301841977e+02 2.581087899027479371e-01
3.765012009607686423e+02 2.569672861916991735e-01
3.768614891913530869e+02 2.558198306816401590e-01
3.772217774219375315e+02 2.546666910135140238e-01
3.775820656525220329e+02 2.535081215251308584e-01
3.779423538831064775e+02 2.523443642638255602e-01
3.783026421136909221e+02 2.511756499175815116e-01
3.786629303442754804e+02 2.500021986715402766e-01
3.790232185748599250e+02 2.488242209962656659e-01
3.793835068054443695e+02 2.476419183736127960e-01
3.797437950360288141e+02 2.464554839655809237e-01
3.801040832666132587e+02 2.452651032310631529e-01
3.804643714971977602e+02 2.440709544950030452e-01
3.808246597277822048e+02 2.428732094740748138e-01
3.811849479583667630e+02 2.416720337626527826e-01
3.815452361889512076e+02 2.404675872825174088e-01
3.819055244195356522e+02 2.392600246994322499e-01
3.822658126501200968e+02 2.380494958094795110e-01
3.826261008807045414e+02 2.368361458977700507e-01
3.829863891112890428e+02 2.356201160719400278e-01
3.833466773418734874e+02 2.344015435726276853e-01
3.837069655724579320e+02 2.331805620629459619e-01
3.840672538030424903e+02 2.319573018988005386e-01
3.844275420336269349e+02 2.307318903817422162e-01
3.847878302642113795e+02 2.295044519959154039e-01
3.851481184947958241e+02 2.282751086305328525e-01
3.855084067253802687e+02 2.270439797892007672e-01
3.858686949559647701e+02 2.258111827873128252e-01
3.862289831865492147e+02 2.245768329386404749e-01
3.865892714171337730e+02 2.233410437321766140e-01
3.869495596477182175e+02 2.221039270001999855e-01
3.873098478783026621e+02 2.208655930784750865e-01
3.876701361088871067e+02 2.196261509594458761e-01
3.880304243394715513e+02 2.183857084392216152e-01
3.883907125700560528e+02 2.171443722591169800e-01
3.887510008006404973e+02 2.159022482424675093e-01
3.891112890312249419e+02 2.146594414274132223e-01
3.894715772618095002e+02 2.134160561963004965e-01
3.898318654923939448e+02 2.121721964023572382e-01
3.901921537229783894e+02 2.109279654942468329e-01
3.905524419535628340e+02 2.096834666391185209e-01
3.909127301841472786e+02 2.084388028447542451e-01
3.912730184147317800e+02 2.071940770814008625e-01
3.916333066453162246e+02 2.059493924038929280e-01
3.919935948759007829e+02 2.047048520746606592e-01
3.923538831064852275e+02 2.034605596882403389e-01
3.927141713370696721e+02 2.022166192979076849e-01
3.930744595676541167e+02 2.009731355450865842e-01
3.934347477982385612e+02 1.997302137921960485e-01
3.937950360288230627e+02 1.984879602596416881e-01
3.941553242594075073e+02 1.972464821676843949e-01
3.945156124899920087e+02 1.960058878839671392e-01
3.948759007205765101e+02 1.947662870775255517e-01
3.952361889511609547e+02 1.935277908801692481e-01
3.955964771817453993e+02 1.922905120561771708e-01
3.959567654123298439e+02 1.910545651813339296e-01
3.963170536429142885e+02 1.898200668324075135e-01
3.966773418734987899e+02 1.885871357882689392e-01
3.970376301040832914e+02 1.873558932439527147e-01
3.973979183346677928e+02 1.861264630390837282e-01
3.977582065652522374e+02 1.848989719022205158e-01
3.981184947958366820e+02 1.836735497128212380e-01
3.984787830264211266e+02 1.824503297826979842e-01
3.988390712570055712e+02 1.812294491590192291e-01
3.991993594875900158e+02 1.800110489511259071e-01
3.995596477181745740e+02 1.787952746836580231e-01
3.999199359487590755e+02 1.775822766787573392e-01
4.002802241793435201e+02 1.763722104704025795e-01
4.006405124099279647e+02 1.751652372542547853e-01
4.010008006405124092e+02 1.739615243767695385e-01
4.013610888710968538e+02 1.727612458677359186e-01
4.017213771016812984e+02 1.715645830208553657e-01
4.020816653322658567e+02 1.703717250274976169e-01
4.024419535628503013e+02 1.691828696693317147e-01
4.028022417934348027e+02 1.679982240761685452e-01
4.031625300240192473e+02 1.668180055560641861e-01
4.035228182546036919e+02 1.656424425055118832e-01
4.038831064851881365e+02 1.644717754084314698e-01
4.042433947157725811e+02 1.633062579336246045e-01
4.046036829463570257e+02 1.621461581414299913e-01
4.049639711769415840e+02 1.609917598114761206e-01
4.053242594075260854e+02 1.598433639047090182e-01
4.056845476381105300e+02 1.587012901742482773e-01
4.060448358686949746e+02 1.575658789411104321e-01
4.064051240992794192e+02 1.564374930524154717e-01
4.067654123298638638e+02 1.553165200413481328e-01
4.071257005604483084e+02 1.542033745098349840e-01
4.074859887910328666e+02 1.530985007565863754e-01
4.078462770216173112e+02 1.520023756747741761e-01
4.082065652522018127e+02 1.509155119450406035e-01
4.085668534827862572e+02 1.498384615506485329e-01
4.089271417133707018e+02 1.487718196421863870e-01
4.092874299439551464e+02 1.477162287790419470e-01
4.096477181745395910e+02 1.466723835735359860e-01
4.100080064051240356e+02 1.456410357606698902e-01
4.103682946357085939e+02 1.446229997112681021e-01
4.107285828662930953e+02 1.436191583981298037e-01
4.110888710968775399e+02 1.426304698126142356e-01
4.114491593274619845e+02 1.416579738116462428e-01
4.118094475580464291e+02 1.407027993509336050e-01
4.121697357886308737e+02 1.397661720274454011e-01
4.125300240192153183e+02 1.388494218108660416e-01
4.128903122497998766e+02 1.379539907876379534e-01
4.132506004803843211e+02 1.370814406701059418e-01
4.136108887109688226e+02 1.362334597353652144e-01
4.139711769415532672e+02 1.354118687526491838e-01
4.143314651721377118e+02 1.346186253350941664e-01
4.146917534027221564e+02 1.338558260147658108e-01
4.150520416333066009e+02 1.331257051962731197e-01
4.154123298638910455e+02 1.324306300071332876e-01
4.157726180944756038e+02 1.317730899525340893e-01
4.161329063250601052e+02 1.311556802268115940e-01
4.164931945556445498e+02 1.305810775705408822e-01
4.168534827862289944e+02 1.300520077329607727e-01
4.172137710168134390e+02 1.295712039466586085e-01
4.175740592473978836e+02 1.291413563766762584e-01
4.179343474779823282e+02 1.287650532767400935e-01
4.182946357085668865e+02 1.284447155379573602e-01
4.186549239391513311e+02 1.281825273636827967e-01
4.190152121697358325e+02 1.279803668054231569e-01
4.193755004003202771e+02 1.278397406628640209e-01
4.197357886309047217e+02 1.277617285915285117e-01
4.200960768614891663e+02 1.277469410204499778e-01
4.204563650920736109e+02 1.277954945999566494e-01
4.208166533226581123e+02 1.279070074470851359e-01
4.211769415532426137e+02 1.280806146358272335e-01
4.215372297838270583e+02 1.283150024848653259e-01
4.218975180144115598e+02 1.286084585391205903e-01
4.222578062449960044e+02 1.289589329757326597e-01
4.226180944755804489e+02 1.293641066247404325e-01
4.229783827061648935e+02 1.298214608783225810e-01
4.233386709367493950e+02 1.303283453540830528e-01
4.236989591673338964e+02 1.308820400950003460e-01
4.240592473979183410e+02 1.314798101359336835e-01
4.244195356285028424e+02 1.321189512781742181e-01
4.247798238590872870e+02 1.327968267761804044e-01
4.251401120896717316e+02 1.335108952975530561e-01
4.255004003202561762e+02 1.342587309587552069e-01
4.258606885508406776e+02 1.350380364873398076e-01
4.262209767814251222e+02 1.358466506552234165e-01
4.265812650120096237e+02 1.366825511101048274e-01
4.269415532425940683e+02 1.375438536432950776e-01
4.273018414731785697e+02 1.384288088044826059e-01
4.276621297037630143e+02 1.393357966313620855e-01
4.280224179343474589e+02 1.402633201207951208e-01
4.283827061649319603e+02 1.412099979380543879e-01
4.287429943955164049e+02 1.421745567466591864e-01
4.291032826261008495e+02 1.431558234451469902e-01
4.294635708566853509e+02 1.441527175183461018e-01
4.298238590872698524e+02 1.451642436478975950e-01
4.301841473178542969e+02 1.461894846777431478e-01
4.305444355484387984e+02 1.472275949928942285e-01
4.309047237790232430e+02 1.482777943418344402e-01
4.312650120096076876e+02 1.493393621125309600e-01
4.316253002401921322e+02 1.504116320575703825e-01
4.319855884707766336e+02 1.514939874540042197e-01
4.323458767013610782e+02 1.525858566770549873e-01
4.327061649319455796e+02 1.536867091629237347e-01
4.330664531625300810e+02 1.547960517339351805e-01
4.334267413931145256e+02 1.559134252585833158e-01
4.337870296236989702e+02 1.570384016193085430e-01
4.341473178542834148e+02 1.581705809617386937e-01
4.345076060848678594e+02 1.593095892004260106e-01
4.348678943154523608e+02 1.604550757576669040e-01
4.352281825460368623e+02 1.616067115136412269e-01
4.355884707766213637e+02 1.627641869478230474e-01
4.359487590072058083e+02 1.639272104532746022e-01
4.363090472377902529e+02 1.650955068070670551e-01
4.366693354683746975e+02 1.662688157815861434e-01
4.370296236989591421e+02 1.674468908829188363e-01
4.373899119295436435e+02 1.686294982038453738e-01
4.377502001601280881e+02 1.698164153801626775e-01
4.381104883907126464e+02 1.710074306401940802e-01
4.384707766212970910e+02 1.722023419383374998e-01
4.388310648518815356e+02 1.734009561644214714e-01
4.391913530824659802e+02 1.746030884214767320e-01
4.395516413130504247e+02 1.758085613652475565e-01
4.399119295436348693e+02 1.770172045994694854e-01
4.402722177742193708e+02 1.782288541215182875e-01
4.406325060048039290e+02 1.794433518135746808e-01
4.409927942353883736e+02 1.806605449749461578e-01
4.413530824659728182e+02 1.818802858916001297e-01
4.417133706965572628e+02 1.831024314393702723e-01
4.420736589271417074e+02 1.843268427176169011e-01
4.424339471577261520e+02 1.855533847104616496e-01
4.427942353883106534e+02 1.867819259729679993e-01
4.431545236188950980e+02 1.880123383398973336e-01
4.435148118494796563e+02 1.892444966548936236e-01
4.438751000800641009e+02 1.904782785181375060e-01
4.442353883106485455e+02 1.917135640506932026e-01
4.445956765412329901e+02 1.929502356739276614e-01
4.449559647718174347e+02 1.941881779025231569e-01
4.453162530024018793e+02 1.954272771497199412e-01
4.456765412329863807e+02 1.966674215435502138e-01
4.460368294635709390e+02 1.979085007529172713e-01
4.463971176941553836e+02 1.991504058224544127e-01
4.467574059247398282e+02 2.003930290151882398e-01
4.471176941553242727e+02 2.016362636620945836e-01
4.474779823859087173e+02 2.028800040176883812e-01
4.478382706164931619e+02 2.041241451208483104e-01
4.481985588470776634e+02 2.053685826601269471e-01
4.485588470776621079e+02 2.066132128428218862e-01
4.489191353082466662e+02 2.078579322671292307e-01
4.492794235388311108e+02 2.091026377967215577e-01
4.496397117694155554e+02 2.103472264371137879e-01
4.500000000000000000e+02 2.115915952132068900e-01
