Theta (degrees)	Normalized Energy
0.000000000000000000e+00 3.417829593407109567e-01
3.602882305844675725e-01 3.418061829568885823e-01
7.205764611689351451e-01 3.418756942395940746e-01
1.080864691753402829e+00 3.419910193659007613e-01
1.441152922337870290e+00 3.421513845347100014e-01
1.801441152922337974e+00 3.423557386590255214e-01
2.161729383506805657e+00 3.426027829555904347e-01
2.522017614091273341e+00 3.428910055675812307e-01
2.882305844675740580e+00 3.432187192084545369e-01
3.242594075260207820e+00 3.435840998603916785e-01
3.602882305844675948e+00 3.439852247652517292e-01
3.963170536429143187e+00 3.444201082602179609e-01
4.323458767013611315e+00 3.448867343805701591e-01
4.683746997598078110e+00 3.453830855294299784e-01
5.044035228182546682e+00 3.459071668612428985e-01
5.404323458767013477e+00 3.464570263177995657e-01
5.764611689351481161e+00 3.470307704814690752e-01
6.124899919935949733e+00 3.476265765689625642e-01
6.485188150520415640e+00 3.482427009865671219e-01
6.845476381104885100e+00 3.488774849146915047e-01
7.205764611689351895e+00 3.495293573973294876e-01
7.566052842273819579e+00 3.501968363921469374e-01
7.926341072858286374e+00 3.508785281991120275e-01
8.286629303442753169e+00 3.515731256380529857e-01
8.646917534027222629e+00 3.522794052941627951e-01
9.007205764611688537e+00 3.529962240995728751e-01
9.367493995196156220e+00 3.537225154713621311e-01
9.727782225780625680e+00 3.544572851833543981e-01
1.008807045636509336e+01 3.551996071114553732e-01
1.044835868694956105e+01 3.559486189602443229e-01
1.080864691753402695e+01 3.567035180517821313e-01
1.116893514811849464e+01 3.574635572356848479e-01
1.152922337870296232e+01 3.582280409618471273e-01
1.188951160928743001e+01 3.589963215431898891e-01
1.224979983987189947e+01 3.597677956248921949e-01
1.261008807045636537e+01 3.605419008681562953e-01
1.297037630104083128e+01 3.613181128502803152e-01
1.333066453162530074e+01 3.620959421781376197e-01
1.369095276220977020e+01 3.628749318088554388e-01
1.405124099279423611e+01 3.636546545692138643e-01
1.441152922337870379e+01 3.644347108637754351e-01
1.477181745396317147e+01 3.652147265609306248e-01
1.513210568454763916e+01 3.659943510455991311e-01
1.549239391513210684e+01 3.667732554273033796e-01
1.585268214571657275e+01 3.675511308924733211e-01
1.621297037630104043e+01 3.683276871902492755e-01
1.657325860688550634e+01 3.691026512414654626e-01
1.693354683746997935e+01 3.698757658610993815e-01
1.729383506805444526e+01 3.706467885850225352e-01
1.765412329863891117e+01 3.714154905925019512e-01
1.801441152922337707e+01 3.721816557165275596e-01
1.837469975980784653e+01 3.729450795345898850e-01
1.873498799039231244e+01 3.737055685331485688e-01
1.909527622097677835e+01 3.744629393395323413e-01
1.945556445156125136e+01 3.752170180155507961e-01
1.981585268214571727e+01 3.759676394075637806e-01
2.017614091273018673e+01 3.767146465482003603e-01
2.053642914331465263e+01 3.774578901053319835e-01
2.089671737389912209e+01 3.781972278742883331e-01
2.125700560448358800e+01 3.789325243096470230e-01
2.161729383506805391e+01 3.796636500932616398e-01
2.197758206565252337e+01 3.803904817354658019e-01
2.233787029623698928e+01 3.811129012066867827e-01
2.269815852682145874e+01 3.818307955969237333e-01
2.305844675740592464e+01 3.825440568007759667e-01
2.341873498799039055e+01 3.832525812259270914e-01
2.377902321857486001e+01 3.839562695231418799e-01
2.413931144915932592e+01 3.846550263360361543e-01
2.449959967974379893e+01 3.853487600690145287e-01
2.485988791032826484e+01 3.860373826719092349e-01
2.522017614091273074e+01 3.867208094399902096e-01
2.558046437149719665e+01 3.873989588281281926e-01
2.594075260208166256e+01 3.880717522779879025e-01
2.630104083266613202e+01 3.887391140572412640e-01
2.666132906325060148e+01 3.894009711098604387e-01
2.702161729383506739e+01 3.900572529166401736e-01
2.738190552441954040e+01 3.907078913651667595e-01
2.774219375500400631e+01 3.913528206285196154e-01
2.810248198558847221e+01 3.919919770520352009e-01
2.846277021617293812e+01 3.926252990475537219e-01
2.882305844675740758e+01 3.932527269945716997e-01
2.918334667734187704e+01 3.938742031478020822e-01
2.954363490792634295e+01 3.944896715506779894e-01
2.990392313851080885e+01 3.950990779543624987e-01
3.026421136909527831e+01 3.957023697418737829e-01
3.062449959967974422e+01 3.962994958569570625e-01
3.098478783026421368e+01 3.968904067373757449e-01
3.134507606084867959e+01 3.974750542523011743e-01
3.170536429143314550e+01 3.980533916435261554e-01
3.206565252201760785e+01 3.986253734702308593e-01
3.242594075260208086e+01 3.991909555570627988e-01
3.278622898318654677e+01 3.997500949453053343e-01
3.314651721377101268e+01 4.003027498469224899e-01
3.350680544435548569e+01 4.008488796012949495e-01
3.386709367493995870e+01 4.013884446344632151e-01
3.422738190552442461e+01 4.019214064207160542e-01
3.458767013610889052e+01 4.024477274463684195e-01
3.494795836669335642e+01 4.029673711755950016e-01
3.530824659727782233e+01 4.034803020181767508e-01
3.566853482786228824e+01 4.039864852990416311e-01
3.602882305844675415e+01 4.044858872294993524e-01
3.638911128903122716e+01 4.049784748800425715e-01
3.674939951961569307e+01 4.054642161546318513e-01
3.710968775020015897e+01 4.059430797663719503e-01
3.746997598078462488e+01 4.064150352144864642e-01
3.783026421136909079e+01 4.068800527625239805e-01
3.819055244195355669e+01 4.073381034177110394e-01
3.855084067253803681e+01 4.077891589113863957e-01
3.891112890312250272e+01 4.082331916804600169e-01
3.927141713370696863e+01 4.086701748498228759e-01
3.963170536429143453e+01 4.091000822156719563e-01
3.999199359487590755e+01 4.095228882296738093e-01
4.035228182546037345e+01 4.099385679839368524e-01
4.071257005604483936e+01 4.103470971967449477e-01
4.107285828662930527e+01 4.107484521989979709e-01
4.143314651721377118e+01 4.111426099213310592e-01
4.179343474779824419e+01 4.115295478818756791e-01
4.215372297838271010e+01 4.119092441746134980e-01
4.251401120896717600e+01 4.122816774583146215e-01
4.287429943955164191e+01 4.126468269460048521e-01
4.323458767013610782e+01 4.130046723949459264e-01
4.359487590072058083e+01 4.133551940971055272e-01
4.395516413130504674e+01 4.136983728700827645e-01
4.431545236188951264e+01 4.140341900484685311e-01
4.467574059247397855e+01 4.143626274756210259e-01
4.503602882305844446e+01 4.146836674958336855e-01
4.539631705364291747e+01 4.149972929468763727e-01
4.575660528422738338e+01 4.153034871528935579e-01
4.611689351481184929e+01 4.156022339176309033e-01
4.647718174539631519e+01 4.158935175179990229e-01
4.683746997598078110e+01 4.161773226979273432e-01
4.719775820656525411e+01 4.164536346625219987e-01
4.755804643714972002e+01 4.167224390724932337e-01
4.791833466773418593e+01 4.169837220388555865e-01
4.827862289831865183e+01 4.172374701178764855e-01
4.863891112890311774e+01 4.174836703062718701e-01
4.899919935948759786e+01 4.177223100366323494e-01
4.935948759007206377e+01 4.179533771730693514e-01
4.971977582065652967e+01 4.181768600070777109e-01
5.008006405124099558e+01 4.183927472536035919e-01
5.044035228182546149e+01 4.186010280473040912e-01
5.080064051240992740e+01 4.188016919389971893e-01
5.116092874299439330e+01 4.189947288922944435e-01
5.152121697357885921e+01 4.191801292804085421e-01
5.188150520416332512e+01 4.193578838831239497e-01
5.224179343474779103e+01 4.195279838839372499e-01
5.260208166533226404e+01 4.196904208673436498e-01
5.296236989591673705e+01 4.198451868162892398e-01
5.332265812650120296e+01 4.199922741097553702e-01
5.368294635708566886e+01 4.201316755204899667e-01
5.404323458767013477e+01 4.202633842128831732e-01
5.440352281825460778e+01 4.203873937409619566e-01
5.476381104883908080e+01 4.205036980465289842e-01
5.512409927942354670e+01 4.206122914574219607e-01
5.548438751000801261e+01 4.207131686858892050e-01
5.584467574059247852e+01 4.208063248271010637e-01
5.620496397117694443e+01 4.208917553577634085e-01
5.656525220176141033e+01 4.209694561348561459e-01
5.692554043234587624e+01 4.210394233944782516e-01
5.728582866293034215e+01 4.211016537508104896e-01
5.764611689351481516e+01 4.211561441951763851e-01
5.800640512409927396e+01 4.212028920952267663e-01
5.836669335468375408e+01 4.212418951942109024e-01
5.872698158526820578e+01 4.212731516103671026e-01
5.908726981585268589e+01 4.212966598364106807e-01
5.944755804643715180e+01 4.213124187391253939e-01
5.980784627702161771e+01 4.213204275590529124e-01
6.016813450760608362e+01 4.213206859102957558e-01
6.052842273819055663e+01 4.213131937804056037e-01
6.088871096877501543e+01 4.212979515303831857e-01
6.124899919935948844e+01 4.212749598947753138e-01
6.160928742994395435e+01 4.212442199818718369e-01
6.196957566052842736e+01 4.212057332740113402e-01
6.232986389111290038e+01 4.211595016279728876e-01
6.269015212169735918e+01 4.211055272754904988e-01
6.305044035228183219e+01 4.210438128238541688e-01
6.341072858286629099e+01 4.209743612566250182e-01
6.377101681345076400e+01 4.208971759344520835e-01
6.413130504403521570e+01 4.208122605960000762e-01
6.449159327461970292e+01 4.207196193589797240e-01
6.485188150520416173e+01 4.206192567212950206e-01
6.521216973578863474e+01 4.205111775622998316e-01
6.557245796637309354e+01 4.203953871441703516e-01
6.593274619695756655e+01 4.202718911133945245e-01
6.629303442754202536e+01 4.201406955023809786e-01
6.665332265812651258e+01 4.200018067311923065e-01
6.701361088871097138e+01 4.198552316094039671e-01
6.737389911929544439e+01 4.197009773380925290e-01
6.773418734987991741e+01 4.195390515119574171e-01
6.809447558046437621e+01 4.193694621215763862e-01
6.845476381104884922e+01 4.191922175558129848e-01
6.881505204163330802e+01 4.190073266043557454e-01
6.917534027221778103e+01 4.188147984604165819e-01
6.953562850280223984e+01 4.186146427235879486e-01
6.989591673338671285e+01 4.184068694028537094e-01
7.025620496397117165e+01 4.181914889197709262e-01
7.061649319455564466e+01 4.179685121118323354e-01
7.097678142514011768e+01 4.177379502359979124e-01
7.133706965572457648e+01 4.174998149724215568e-01
7.169735788630904949e+01 4.172541184283708460e-01
7.205764611689350829e+01 4.170008731423571757e-01
7.241793434747798131e+01 4.167400920884657411e-01
7.277822257806245432e+01 4.164717886809183867e-01
7.313851080864691312e+01 4.161959767788628861e-01
7.349879903923138613e+01 4.159126706914066385e-01
7.385908726981585914e+01 4.156218851829001082e-01
7.421937550040031795e+01 4.153236354784893836e-01
7.457966373098479096e+01 4.150179372699420721e-01
7.493995196156924976e+01 4.147048067217707357e-01
7.530024019215372277e+01 4.143842604776502569e-01
7.566052842273818158e+01 4.140563156671694389e-01
7.602081665332265459e+01 4.137209899129090096e-01
7.638110488390711339e+01 4.133783013378728999e-01
7.674139311449158640e+01 4.130282685733039916e-01
7.710168134507607363e+01 4.126709107668718457e-01
7.746196957566053243e+01 4.123062475912890879e-01
7.782225780624500544e+01 4.119342992533550074e-01
7.818254603682946424e+01 4.115550865034561245e-01
7.854283426741393725e+01 4.111686306455504258e-01
7.890312249799839606e+01 4.107749535476649672e-01
7.926341072858286907e+01 4.103740776529229417e-01
7.962369895916732787e+01 4.099660259911475646e-01
7.998398718975181509e+01 4.095508221910642010e-01
8.034427542033625969e+01 4.091284904931343780e-01
8.070456365092074691e+01 4.086990557630677534e-01
8.106485188150520571e+01 4.082625435060421859e-01
8.142514011208967872e+01 4.078189798816820866e-01
8.178542834267413753e+01 4.073683917198306359e-01
8.214571657325861054e+01 4.069108065371779270e-01
8.250600480384308355e+01 4.064462525547777871e-01
8.286629303442754235e+01 4.059747587165349336e-01
8.322658126501201536e+01 4.054963547086925524e-01
8.358686949559648838e+01 4.050110709804058406e-01
8.394715772618094718e+01 4.045189387654603008e-01
8.430744595676542019e+01 4.040199901052106135e-01
8.466773418734987899e+01 4.035142578728142526e-01
8.502802241793435201e+01 4.030017757988568761e-01
8.538831064851881081e+01 4.024825784984368826e-01
8.574859887910328382e+01 4.019567014998373655e-01
8.610888710968774262e+01 4.014241812748607918e-01
8.646917534027221564e+01 4.008850552709602444e-01
8.682946357085667444e+01 4.003393619452735308e-01
8.718975180144116166e+01 3.997871408007087624e-01
8.755004003202560625e+01 3.992284324241993088e-01
8.791032826261009347e+01 3.986632785273018231e-01
8.827061649319456649e+01 3.980917219892906589e-01
8.863090472377902529e+01 3.975138069029209298e-01
8.899119295436349830e+01 3.969295786230702117e-01
8.935148118494795710e+01 3.963390838184371323e-01
8.971176941553243012e+01 3.957423705265549763e-01
9.007205764611688892e+01 3.951394882123284158e-01
9.043234587670136193e+01 3.945304878303848573e-01
9.079263410728583494e+01 3.939154218914917571e-01
9.115292233787029375e+01 3.932943445333934029e-01
9.151321056845476676e+01 3.926673115963437710e-01
9.187349879903922556e+01 3.920343807037551809e-01
9.223378702962369857e+01 3.913956113483095245e-01
9.259407526020817158e+01 3.907510649839878170e-01
9.295436349079263039e+01 3.901008051244745922e-01
9.331465172137711761e+01 3.894448974484370773e-01
9.367493995196156220e+01 3.887834099122413622e-01
9.403522818254604942e+01 3.881164128706948158e-01
9.439551641313050823e+01 3.874439792064735544e-01
9.475580464371498124e+01 3.867661844689450623e-01
9.511609287429944004e+01 3.860831070231687812e-01
9.547638110488391305e+01 3.853948282099183276e-01
9.583666933546837186e+01 3.847014325176497107e-01
9.619695756605284487e+01 3.840030077674433384e-01
9.655724579663730367e+01 3.832996453120103286e-01
9.691753402722177668e+01 3.825914402499875355e-01
9.727782225780623548e+01 3.818784916568430665e-01
9.763811048839070850e+01 3.811609028338516225e-01
9.799839871897519572e+01 3.804387815767176773e-01
9.835868694955964031e+01 3.797122404656077532e-01
9.871897518014412753e+01 3.789813971784894431e-01
9.907926341072857213e+01 3.782463748298839912e-01
9.943955164131305935e+01 3.775073023373168302e-01
9.979983987189750394e+01 3.767643148180004897e-01
1.001601281024819912e+02 3.760175540185083931e-01
1.005204163330664642e+02 3.752671687804630118e-01
1.008807045636509230e+02 3.745133155455756535e-01
1.012409927942353960e+02 3.737561589036671461e-01
1.016012810248198548e+02 3.729958721876680539e-01
1.019615692554043278e+02 3.722326381199574374e-01
1.023218574859887866e+02 3.714666495148347680e-01
1.026821457165732738e+02 3.706981100423286657e-01
1.030424339471577184e+02 3.699272350590468439e-01
1.034027221777422056e+02 3.691542525122754048e-01
1.037630104083266502e+02 3.683794039240765317e-01
1.041232986389111375e+02 3.676029454626830173e-01
1.044835868694955821e+02 3.668251491091034655e-01
1.048438751000800693e+02 3.660463039274507446e-01
1.052041633306645281e+02 3.652667174480859758e-01
1.055644515612490011e+02 3.644867171732998901e-01
1.059247397918334741e+02 3.637066522157710868e-01
1.062850280224179329e+02 3.629268950805375482e-01
1.066453162530024059e+02 3.621478436015820868e-01
1.070056044835868647e+02 3.613699230443339627e-01
1.073658927141713377e+02 3.605935883853225166e-01
1.077261809447558107e+02 3.598193267798819872e-01
1.080864691753402695e+02 3.590476602279395468e-01
1.084467574059247426e+02 3.582791484464935006e-01
1.088070456365092156e+02 3.575143919551877492e-01
1.091673338670936744e+02 3.567540353781166740e-01
1.095276220976781616e+02 3.559987709604653383e-01
1.098879103282626062e+02 3.552493422923994615e-01
1.102481985588470934e+02 3.545065482243914823e-01
1.106084867894315380e+02 3.537712469474179611e-01
1.109687750200160252e+02 3.530443601976857582e-01
1.113290632506004698e+02 3.523268775281459542e-01
1.116893514811849570e+02 3.516198605674361599e-01
1.120496397117694158e+02 3.509244471604726079e-01
1.124099279423538889e+02 3.502418552532647888e-01
1.127702161729383477e+02 3.495733863472636482e-01
1.131305044035228207e+02 3.489204283059115785e-01
1.134907926341072795e+02 3.482844572485714885e-01
1.138510808646917525e+02 3.476670382162670991e-01
1.142113690952762113e+02 3.470698242422093904e-01
1.145716573258606843e+02 3.464945534121197102e-01
1.149319455564451573e+02 3.459430434607289051e-01
1.152922337870296303e+02 3.454171834294107457e-01
1.156525220176141033e+02 3.449189219155168185e-01
1.160128102481985479e+02 3.444502514878840516e-01
1.163730984787830209e+02 3.440131889368959195e-01
1.167333867093675082e+02 3.436097511817935990e-01
1.170936749399519670e+02 3.432419268792504807e-01
1.174539631705364116e+02 3.429116440650942788e-01
1.178142514011208846e+02 3.426207345048887798e-01
1.181745396317053718e+02 3.423708958055408091e-01
1.185348278622898306e+02 3.421636527122081106e-01
1.188951160928743036e+02 3.420003193344769432e-01
1.192554043234587908e+02 3.418819642591821584e-01
1.196156925540432354e+02 3.418093805645121552e-01
1.199759807846276942e+02 3.417830626158606666e-01
1.203362690152121672e+02 3.418031911885686669e-01
1.206965572457966545e+02 3.418696279481148181e-01
1.210568454763811133e+02 3.419819196778740578e-01
1.214171337069655578e+02 3.421393119552604833e-01
1.217774219375500309e+02 3.423407713253227569e-01
1.221377101681345181e+02 3.425850144857627289e-01
1.224979983987189769e+02 3.428705426361302044e-01
1.228582866293034357e+02 3.431956789828952137e-01
1.232185748598879087e+02 3.435586074253694222e-01
1.235788630904723817e+02 3.439574106427628619e-01
1.239391513210568547e+02 3.443901061112756845e-01
1.242994395516413135e+02 3.448546789482561103e-01
1.246597277822258008e+02 3.453491108587226632e-01
1.250200160128102453e+02 3.458714048093878835e-01
1.253803042433947184e+02 3.464196053515186113e-01
1.257405924739791772e+02 3.469918147443781242e-01
1.261008807045636644e+02 3.475862051939662134e-01
1.264611689351481374e+02 3.482010276232243018e-01
1.268214571657325820e+02 3.488346174397387034e-01
1.271817453963170408e+02 3.494853977770363551e-01
1.275420336269015280e+02 3.501518806671349293e-01
1.279023218574860010e+02 3.508326665651967935e-01
1.282626100880704314e+02 3.515264425999872766e-01
1.286228983186549328e+02 3.522319798726279982e-01
1.289831865492394058e+02 3.529481300750698103e-01
1.293434747798238504e+02 3.536738216517070210e-01
1.297037630104083235e+02 3.544080556841898710e-01
1.300640512409928249e+02 3.551499016415153309e-01
1.304243394715772695e+02 3.558984931050796496e-01
1.307846277021617141e+02 3.566530235512847535e-01
1.311449159327461871e+02 3.574127422520650965e-01
1.315052041633306885e+02 3.581769503357760676e-01
1.318654923939151331e+02 3.589449970366624387e-01
1.322257806244996061e+02 3.597162761499831940e-01
1.325860688550840507e+02 3.604902227013675464e-01
1.329463570856685521e+02 3.612663098325113453e-01
1.333066453162530252e+02 3.620440459005893619e-01
1.336669335468374697e+02 3.628229717853680425e-01
1.340272217774219428e+02 3.636026583956494806e-01
1.343875100080064158e+02 3.643827043651539088e-01
1.347477982385908888e+02 3.651627339270494543e-01
1.351080864691753334e+02 3.659423949558944789e-01
1.354683746997598348e+02 3.667213571657025328e-01
1.358286629303442794e+02 3.674993104529717391e-01
1.361889511609287524e+02 3.682759633739145499e-01
1.365492393915131970e+02 3.690510417455349357e-01
1.369095276220976984e+02 3.698242873608127423e-01
1.372698158526821430e+02 3.705954568087588274e-01
1.376301040832666160e+02 3.713643203908049695e-01
1.379903923138510606e+02 3.721306611254959762e-01
1.383506805444355621e+02 3.728942738341333163e-01
1.387109687750200351e+02 3.736549643005221411e-01
1.390712570056044797e+02 3.744125484985617036e-01
1.394315452361889527e+02 3.751668518819155085e-01
1.397918334667734257e+02 3.759177087304669262e-01
1.401521216973578987e+02 3.766649615487354663e-01
1.405124099279423433e+02 3.774084605118347424e-01
1.408726981585268163e+02 3.781480629549150985e-01
1.412329863891112893e+02 3.788836329024272143e-01
1.415932746196957623e+02 3.796150406338302807e-01
1.419535628502802354e+02 3.803421622826793080e-01
1.423138510808647084e+02 3.810648794662807037e-01
1.426741393114491530e+02 3.817830789434009109e-01
1.430344275420336260e+02 3.824966522976511740e-01
1.433947157726180990e+02 3.832054956444712057e-01
1.437550040032025720e+02 3.839095093597459374e-01
1.441152922337870166e+02 3.846085978283161899e-01
1.444755804643714896e+02 3.853026692107445195e-01
1.448358686949559626e+02 3.859916352268855655e-01
1.451961569255404356e+02 3.866754109549124796e-01
1.455564451561249086e+02 3.873539146445713066e-01
1.459167333867093532e+02 3.880270675435368855e-01
1.462770216172938262e+02 3.886947937358551375e-01
1.466373098478782993e+02 3.893570199915268315e-01
1.469975980784627723e+02 3.900136756263714588e-01
1.473578863090472169e+02 3.906646923713894548e-01
1.477181745396317183e+02 3.913100042509020660e-01
1.480784627702161629e+02 3.919495474687988423e-01
1.484387510008006359e+02 3.925832603023010625e-01
1.487990392313851089e+02 3.932110830026744330e-01
1.491593274619695819e+02 3.938329577023698680e-01
1.495196156925540265e+02 3.944488283281517571e-01
1.498799039231384995e+02 3.950586405197490381e-01
1.502401921537230010e+02 3.956623415536529298e-01
1.506004803843074455e+02 3.962598802716848501e-01
1.509607686148919186e+02 3.968512070139958992e-01
1.513210568454763632e+02 3.974362735562010363e-01
1.516813450760608646e+02 3.980150330503423595e-01
1.520416333066453092e+02 3.985874399694232517e-01
1.524019215372297822e+02 3.991534500552790243e-01
1.527622097678142268e+02 3.997130202695460821e-01
1.531224979983987282e+02 4.002661087475164470e-01
1.534827862289831728e+02 4.008126747547053892e-01
1.538430744595676458e+02 4.013526786459281626e-01
1.542033626901521473e+02 4.018860818267427915e-01
1.545636509207365918e+02 4.024128467170787760e-01
1.549239391513210649e+02 4.029329367169455778e-01
1.552842273819055094e+02 4.034463161740483583e-01
1.556445156124900109e+02 4.039529503532213739e-01
1.560048038430744555e+02 4.044528054075433032e-01
1.563650920736589285e+02 4.049458483510443574e-01
1.567253803042433731e+02 4.054320470328916515e-01
1.570856685348278745e+02 4.059113701129780649e-01
1.574459567654123475e+02 4.063837870388105067e-01
1.578062449959967921e+02 4.068492680236367454e-01
1.581665332265812367e+02 4.073077840257244286e-01
1.585268214571657381e+02 4.077593067287286765e-01
1.588871096877502112e+02 4.082038085230748625e-01
1.592473979183346557e+02 4.086412624883207223e-01
1.596076861489191572e+02 4.090716423764102494e-01
1.599679743795036302e+02 4.094949225957865702e-01
1.603282626100880748e+02 4.099110781963162253e-01
1.606885508406725194e+02 4.103200848549670710e-01
1.610488390712570208e+02 4.107219188622042716e-01
1.614091273018414938e+02 4.111165571090700244e-01
1.617694155324259384e+02 4.115039770748969428e-01
1.621297037630104114e+02 4.118841568156267896e-01
1.624899919935948844e+02 4.122570749527132983e-01
1.628502802241793574e+02 4.126227106625469099e-01
1.632105684547638020e+02 4.129810436664083095e-01
1.635708566853482751e+02 4.133320542209065196e-01
1.639311449159327481e+02 4.136757231088728504e-01
1.642914331465172211e+02 4.140120316306887260e-01
1.646517213771016941e+02 4.143409615960459980e-01
1.650120096076861671e+02 4.146624953160762406e-01
1.653722978382706117e+02 4.149766155958796721e-01
1.657325860688550847e+02 4.152833057273836448e-01
1.660928742994395577e+02 4.155825494825708399e-01
1.664531625300240307e+02 4.158743311069972304e-01
1.668134507606084753e+02 4.161586353136454974e-01
1.671737389911929768e+02 4.164354472770509519e-01
1.675340272217774213e+02 4.167047526277193326e-01
1.678943154523618944e+02 4.169665374468040642e-01
1.682546036829463389e+02 4.172207882610409202e-01
1.686148919135308404e+02 4.174674920379291554e-01
1.689751801441152850e+02 4.177066361811360151e-01
1.693354683746997580e+02 4.179382085261387769e-01
1.696957566052842026e+02 4.181621973360638012e-01
1.700560448358687040e+02 4.183785912977447397e-01
1.704163330664531770e+02 4.185873795179713697e-01
1.707766212970376216e+02 4.187885515199231135e-01
1.711369095276221231e+02 4.189820972397947374e-01
1.714971977582065676e+02 4.191680070235870859e-01
1.718574859887910407e+02 4.193462716240718424e-01
1.722177742193754852e+02 4.195168821979143869e-01
1.725780624499599867e+02 4.196798303029626864e-01
1.729383506805444313e+02 4.198351078956721882e-01
1.732986389111289043e+02 4.199827073286955259e-01
1.736589271417133489e+02 4.201226213485979577e-01
1.740192153722978503e+02 4.202548430937208535e-01
1.743795036028823233e+02 4.203793660921776865e-01
1.747397918334667679e+02 4.204961842599739819e-01
1.751000800640512125e+02 4.206052918992629341e-01
1.754603682946357139e+02 4.207066836967160439e-01
1.758206565252201869e+02 4.208003547220166563e-01
1.761809447558046315e+02 4.208863004264761232e-01
1.765412329863891330e+02 4.209645166417604889e-01
1.769015212169735776e+02 4.210349995787275867e-01
1.772618094475580506e+02 4.210977458263820417e-01
1.776220976781424952e+02 4.211527523509335236e-01
1.779823859087269966e+02 4.212000164949663561e-01
1.783426741393114412e+02 4.212395359767106551e-01
1.787029623698959142e+02 4.212713088894223246e-01
1.790632506004803872e+02 4.212953337008653598e-01
1.794235388310648602e+02 4.213116092528950141e-01
1.797838270616493332e+02 4.213201347611454373e-01
1.801441152922337778e+02 4.213209098148190113e-01
1.805044035228182508e+02 4.213139343765709977e-01
1.808646917534027239e+02 4.212992087825040421e-01
1.812249799839871969e+02 4.212767337422573255e-01
1.815852682145716699e+02 4.212465103391966337e-01
1.819455564451561429e+02 4.212085400307108984e-01
1.823058446757405875e+02 4.211628246486038840e-01
1.826661329063250605e+02 4.211093663995929548e-01
1.830264211369095335e+02 4.210481678659110938e-01
1.833867093674940065e+02 4.209792320060103954e-01
1.837469975980784511e+02 4.209025621553729724e-01
1.841072858286629526e+02 4.208181620274320522e-01
1.844675740592473971e+02 4.207260357145930496e-01
1.848278622898318702e+02 4.206261876893780394e-01
1.851881505204163432e+02 4.205186228056669862e-01
1.855484387510008162e+02 4.204033463000718673e-01
1.859087269815852608e+02 4.202803637934078296e-01
1.862690152121697338e+02 4.201496812923062874e-01
1.866293034427542352e+02 4.200113051909267203e-01
1.869895916733386798e+02 4.198652422728206268e-01
1.873498799039231244e+02 4.197114997128972291e-01
1.877101681345075974e+02 4.195500850795453318e-01
1.880704563650920988e+02 4.193810063368809127e-01
1.884307445956765434e+02 4.192042718471334917e-01
1.887910328262610165e+02 4.190198903731895408e-01
1.891513210568454610e+02 4.188278710812731731e-01
1.895116092874299625e+02 4.186282235437916444e-01
1.898718975180144071e+02 4.184209577423388393e-01
1.902321857485988801e+02 4.182060840708664018e-01
1.905924739791833815e+02 4.179836133390279485e-01
1.909527622097678261e+02 4.177535567757055812e-01
1.913130504403522707e+02 4.175159260327205302e-01
1.916733386709367437e+02 4.172707331887419158e-01
1.920336269015212451e+02 4.170179907533958508e-01
1.923939151321056897e+02 4.167577116715920904e-01
1.927542033626901343e+02 4.164899093280634013e-01
1.931144915932746073e+02 4.162145975521409635e-01
1.934747798238591088e+02 4.159317906227738004e-01
1.938350680544435534e+02 4.156415032737941218e-01
1.941953562850280264e+02 4.153437506994486217e-01
1.945556445156124710e+02 4.150385485602110514e-01
1.949159327461969724e+02 4.147259129888807849e-01
1.952762209767814170e+02 4.144058605969817011e-01
1.956365092073658900e+02 4.140784084814932431e-01
1.959967974379503914e+02 4.137435742318998355e-01
1.963570856685348360e+02 4.134013759376093389e-01
1.967173738991192806e+02 4.130518321957274974e-01
1.970776621297037536e+02 4.126949621192349538e-01
1.974379503602882551e+02 4.123307853455640548e-01
1.977982385908726997e+02 4.119593220456183036e-01
1.981585268214571443e+02 4.115805929332385649e-01
1.985188150520416457e+02 4.111946192751591567e-01
1.988791032826261187e+02 4.108014229014642638e-01
1.992393915132105633e+02 4.104010262165822542e-01
1.995996797437950079e+02 4.099934522108522050e-01
1.999599679743795377e+02 4.095787244726787901e-01
2.003202562049639823e+02 4.091568672013299879e-01
2.006805444355484269e+02 4.087279052203964813e-01
2.010408326661329284e+02 4.082918639919692061e-01
2.014011208967174014e+02 4.078487696315586386e-01
2.017614091273018460e+02 4.073986489238217157e-01
2.021216973578862905e+02 4.069415293391213662e-01
2.024819855884707920e+02 4.064774390509918178e-01
2.028422738190552650e+02 4.060064069545527010e-01
2.032025620496397096e+02 4.055284626859295694e-01
2.035628502802241542e+02 4.050436366427535018e-01
2.039231385108086556e+02 4.045519600058031795e-01
2.042834267413931286e+02 4.040534647618546638e-01
2.046437149719775732e+02 4.035481837278322437e-01
2.050040032025620178e+02 4.030361505763310204e-01
2.053642914331465477e+02 4.025173998626112581e-01
2.057245796637309923e+02 4.019919670531495459e-01
2.060848678943154368e+02 4.014598885558698371e-01
2.064451561248999383e+02 4.009212017521434634e-01
2.068054443554844113e+02 4.003759450306978440e-01
2.071657325860688559e+02 3.998241578235563476e-01
2.075260208166533005e+02 3.992658806441483077e-01
2.078863090472378019e+02 3.987011551277439558e-01
2.082465972778222749e+02 3.981300240743749774e-01
2.086068855084067195e+02 3.975525314944199362e-01
2.089671737389911641e+02 3.969687226570388083e-01
2.093274619695756655e+02 3.963786441416700668e-01
2.096877502001601385e+02 3.957823438928106397e-01
2.100480384307445831e+02 3.951798712783104461e-01
2.104083266613290562e+02 3.945712771514612860e-01
2.107686148919135292e+02 3.939566139171374881e-01
2.111289031224980022e+02 3.933359356023184428e-01
2.114891913530824468e+02 3.927092979313099863e-01
2.118494795836669482e+02 3.920767584060293465e-01
2.122097678142514212e+02 3.914383763917465009e-01
2.125700560448358658e+02 3.907942132086999476e-01
2.129303442754203388e+02 3.901443322300629513e-01
2.132906325060048118e+02 3.894887989867514277e-01
2.136509207365892848e+02 3.888276812796198079e-01
2.140112089671737294e+02 3.881610492996525053e-01
2.143714971977582024e+02 3.874889757567892556e-01
2.147317854283426755e+02 3.868115360181003104e-01
2.150920736589271485e+02 3.861288082560819235e-01
2.154523618895116215e+02 3.854408736079104059e-01
2.158126501200960661e+02 3.847478163465946621e-01
2.161729383506805391e+02 3.840497240650089794e-01
2.165332265812650405e+02 3.833466878739328343e-01
2.168935148118494851e+02 3.826388026152816590e-01
2.172538030424339297e+02 3.819261670918643325e-01
2.176140912730184311e+02 3.812088843151022477e-01
2.179743795036029042e+02 3.804870617722965753e-01
2.183346677341873487e+02 3.797608117151687335e-01
2.186949559647718218e+02 3.790302514715887527e-01
2.190552441953563232e+02 3.782955037825577183e-01
2.194155324259407678e+02 3.775566971667407845e-01
2.197758206565252124e+02 3.768139663150533725e-01
2.201361088871096854e+02 3.760674525180374150e-01
2.204963971176941868e+02 3.753173041290546741e-01
2.208566853482786314e+02 3.745636770665897730e-01
2.212169735788630760e+02 3.738067353592872677e-01
2.215772618094475490e+02 3.730466517376867519e-01
2.219375500400320504e+02 3.722836082769996890e-01
2.222978382706164950e+02 3.715177970956747289e-01
2.226581265012009396e+02 3.707494211149499619e-01
2.230184147317854695e+02 3.699786948850442569e-01
2.233787029623699141e+02 3.692058454841731785e-01
2.237389911929543587e+02 3.684311134970884583e-01
2.240992794235388317e+02 3.676547540804122605e-01
2.244595676541233331e+02 3.668770381226436061e-01
2.248198558847077777e+02 3.660982535072878075e-01
2.251801441152922223e+02 3.653187064881897039e-01
2.255404323458766953e+02 3.645387231867288635e-01
2.259007205764611967e+02 3.637586512210975731e-01
2.262610088070456413e+02 3.629788614783634459e-01
2.266212970376300859e+02 3.621997500404005588e-01
2.269815852682145589e+02 3.614217402749689834e-01
2.273418734987990604e+02 3.606452851032228013e-01
2.277021617293835050e+02 3.598708694545483255e-01
2.280624499599679496e+02 3.590990129188578739e-01
2.284227381905524226e+02 3.583302726050671128e-01
2.287830264211369240e+02 3.575652462123172781e-01
2.291433146517213686e+02 3.568045753173497148e-01
2.295036028823058132e+02 3.560489488769851274e-01
2.298638911128903146e+02 3.552991069385819101e-01
2.302241793434747592e+02 3.545558445432953620e-01
2.305844675740592606e+02 3.538200157963661829e-01
2.309447558046437337e+02 3.530925380651289136e-01
2.313050440352282067e+02 3.523743962482769887e-01
2.316653322658126513e+02 3.516666470386141108e-01
2.320256204963970958e+02 3.509704230754371324e-01
2.323859087269815973e+02 3.502869368513894521e-01
2.327461969575660419e+02 3.496174842017732431e-01
2.331064851881505433e+02 3.489634471619727507e-01
2.334667734187350163e+02 3.483262959314768481e-01
2.338270616493194609e+02 3.477075896323499338e-01
2.341873498799039339e+02 3.471089754985219322e-01
2.345476381104883785e+02 3.465321860838858070e-01
2.349079263410728231e+02 3.459790340377119633e-01
2.352682145716573245e+02 3.454514039730510744e-01
2.356285028022417691e+02 3.449512409572578764e-01
2.359887910328262990e+02 3.444805351947413108e-01
2.363490792634107436e+02 3.440413025623009768e-01
2.367093674939952166e+02 3.436355608073938805e-01
2.370696557245796612e+02 3.432653014364906441e-01
2.374299439551641058e+02 3.429324576042727668e-01
2.377902321857486072e+02 3.426388686551297691e-01
2.381505204163330518e+02 3.423862423436675462e-01
2.385108086469175817e+02 3.421761161347701696e-01
2.388710968775020262e+02 3.420098193085420735e-01
2.392313851080864708e+02 3.418884378176839656e-01
2.395916733386709438e+02 3.418127839137671820e-01
2.399519615692553884e+02 3.417833724381420524e-01
2.403122497998398330e+02 3.418004053509861029e-01
2.406725380304243345e+02 3.418637655679874210e-01
2.410328262610088643e+02 3.419730205399595380e-01
2.413931144915933089e+02 3.421274353219359576e-01
2.417534027221777535e+02 3.423259942214133544e-01
2.421136909527622265e+02 3.425674295704650985e-01
2.424739791833466711e+02 3.428502557924418825e-01
2.428342674139311157e+02 3.431728067594235765e-01
2.431945556445156171e+02 3.435332744576737873e-01
2.435548438751000617e+02 3.439297471642382420e-01
2.439151321056845916e+02 3.443602456405727152e-01
2.442754203362690362e+02 3.448227562148798997e-01
2.446357085668534808e+02 3.453152600037640574e-01
2.449959967974379538e+02 3.458357578764683637e-01
2.453562850280224268e+02 3.463822910652792908e-01
2.457165732586068714e+02 3.469529575605884708e-01
2.460768614891913444e+02 3.475459245964926946e-01
2.464371497197758174e+02 3.481594376380425793e-01
2.467974379503603188e+02 3.487918263342409952e-01
2.471577261809447634e+02 3.494415079131999446e-01
2.475180144115292364e+02 3.501069884790419806e-01
2.478783026421137095e+02 3.507868626342264262e-01
2.482385908726981540e+02 3.514798118043512276e-01
2.485988791032826271e+02 3.521846015913557282e-01
2.489591673338670716e+02 3.529000784298840787e-01
2.493194555644516015e+02 3.536251657733047171e-01
2.496797437950360461e+02 3.543588599921656535e-01
2.500400320256204907e+02 3.551002261295240214e-01
2.504003202562049921e+02 3.558483936248281188e-01
2.507606084867894367e+02 3.566025520905853896e-01
2.511208967173738813e+02 3.573619472035297062e-01
2.514811849479583543e+02 3.581258767538058607e-01
2.518414731785428557e+02 3.588936868812199754e-01
2.522017614091273288e+02 3.596647685163094632e-01
2.525620496397117734e+02 3.604385540352916806e-01
2.529223378702962748e+02 3.612145141313687358e-01
2.532826261008807194e+02 3.619921549000522099e-01
2.536429143314651640e+02 3.627710151326680732e-01
2.540032025620496370e+02 3.635506638098056076e-01
2.543634907926340816e+02 3.643306977849002926e-01
2.547237790232186114e+02 3.651107396471978683e-01
2.550840672538030560e+02 3.658904357528909301e-01
2.554443554843875006e+02 3.666694544131252620e-01
2.558046437149720020e+02 3.674474842277039577e-01
2.561649319455564182e+02 3.682242325536954630e-01
2.565252201761408628e+02 3.689994240985704499e-01
2.568855084067253642e+02 3.697727996280620322e-01
2.572457966373098657e+02 3.705441147795160428e-01
2.576060848678943671e+02 3.713131389721029407e-01
2.579663730984788117e+02 3.720796544058653232e-01
2.583266613290632563e+02 3.728434551421792587e-01
2.586869495596477009e+02 3.736043462587650410e-01
2.590472377902321455e+02 3.743621430729396904e-01
2.594075260208166469e+02 3.751166704273165564e-01
2.597678142514010915e+02 3.758677620326299484e-01
2.601281024819856498e+02 3.766152598628320636e-01
2.604883907125700944e+02 3.773590135980058879e-01
2.608486789431545390e+02 3.780988801110334308e-01
2.612089671737389835e+02 3.788347229943107020e-01
2.615692554043234281e+02 3.795664121231226429e-01
2.619295436349079296e+02 3.802938232525953643e-01
2.622898318654923742e+02 3.810168376454005634e-01
2.626501200960768756e+02 3.817353417276619920e-01
2.630104083266613770e+02 3.824492267707004234e-01
2.633706965572458216e+02 3.831583885965063052e-01
2.637309847878302662e+02 3.838627273049719513e-01
2.640912730184147676e+02 3.845621470211230686e-01
2.644515612489992122e+02 3.852565556607191466e-01
2.648118494795836568e+02 3.859458647127447795e-01
2.651721377101681014e+02 3.866299890374482184e-01
2.655324259407526597e+02 3.873088466786764328e-01
2.658927141713371043e+02 3.879823586893981213e-01
2.662530024019215489e+02 3.886504489693664577e-01
2.666132906325060503e+02 3.893130441139876496e-01
2.669735788630904949e+02 3.899700732735246200e-01
2.673338670936749395e+02 3.906214680218500490e-01
2.676941553242593841e+02 3.912671622340230249e-01
2.680544435548438855e+02 3.919070919720140656e-01
2.684147317854283870e+02 3.925411953779859298e-01
2.687750200160128315e+02 3.931694125745560653e-01
2.691353082465972761e+02 3.937916855715321574e-01
2.694955964771817776e+02 3.944079581786467115e-01
2.698558847077662222e+02 3.950181759238569068e-01
2.702161729383506668e+02 3.956222859768095956e-01
2.705764611689351113e+02 3.962202370771010229e-01
2.709367493995196696e+02 3.968119794669959233e-01
2.712970376301041142e+02 3.973974648282885824e-01
2.716573258606885588e+02 3.979766462230220903e-01
2.720176140912730602e+02 3.985494780377942248e-01
2.723779023218575048e+02 3.991159159314107141e-01
2.727381905524419494e+02 3.996759167856525630e-01
2.730984787830263940e+02 4.002294386589493880e-01
2.734587670136108954e+02 4.007764407427672482e-01
2.738190552441953969e+02 4.013168833205281172e-01
2.741793434747798415e+02 4.018507277288929092e-01
2.745396317053642861e+02 4.023779363212584559e-01
2.748999199359487875e+02 4.028984724333217748e-01
2.752602081665332321e+02 4.034123003505788452e-01
2.756204963971176767e+02 4.039193852776381544e-01
2.759807846277021213e+02 4.044196933092295554e-01
2.763410728582866227e+02 4.049131914028046286e-01
2.767013610888711241e+02 4.053998473526294610e-01
2.770616493194555687e+02 4.058796297652816354e-01
2.774219375500400702e+02 4.063525080364532860e-01
2.777822257806245148e+02 4.068184523290013788e-01
2.781425140112089593e+02 4.072774335521475719e-01
2.785028022417934608e+02 4.077294233417760316e-01
2.788630904723779054e+02 4.081743940417558725e-01
2.792233787029624068e+02 4.086123186862327672e-01
2.795836669335468514e+02 4.090431709828273310e-01
2.799439551641312960e+02 4.094669252966947059e-01
2.803042433947157974e+02 4.098835566353933313e-01
2.806645316253002420e+02 4.102930406345145498e-01
2.810248198558846866e+02 4.106953535440349135e-01
2.813851080864691880e+02 4.110904722153456148e-01
2.817453963170536326e+02 4.114783740889292885e-01
2.821056845476381341e+02 4.118590371826417740e-01
2.824659727782225787e+02 4.122324400805674194e-01
2.828262610088070801e+02 4.125985619224192824e-01
2.831865492393915247e+02 4.129573823934559185e-01
2.835468374699759693e+02 4.133088817148871108e-01
2.839071257005604707e+02 4.136530406347332933e-01
2.842674139311449153e+02 4.139898404191383885e-01
2.846277021617294167e+02 4.143192628440856562e-01
2.849879903923138613e+02 4.146412901875165535e-01
2.853482786228983059e+02 4.149559052218216859e-01
2.857085668534828073e+02 4.152630912066938573e-01
2.860688550840672519e+02 4.155628318823108014e-01
2.864291433146516965e+02 4.158551114628560863e-01
2.867894315452361980e+02 4.161399146303348950e-01
2.871497197758206426e+02 4.164172265286885111e-01
2.875100080064051440e+02 4.166870327581940758e-01
2.878702962369895886e+02 4.169493193701220846e-01
2.882305844675740332e+02 4.172040728616556171e-01
2.885908726981585346e+02 4.174512801710534293e-01
2.889511609287429792e+02 4.176909286730451920e-01
2.893114491593274238e+02 4.179230061744503844e-01
2.896717373899119252e+02 4.181475009100122930e-01
2.900320256204964267e+02 4.183644015384355708e-01
2.903923138510808712e+02 4.185736971386252447e-01
2.907526020816653158e+02 4.187753772061092450e-01
2.911128903122498173e+02 4.189694316496495041e-01
2.914731785428342619e+02 4.191558507880228102e-01
2.918334667734187065e+02 4.193346253469728557e-01
2.921937550040032079e+02 4.195057464563275995e-01
2.925540432345876525e+02 4.196692056472686172e-01
2.929143314651721539e+02 4.198249948497551620e-01
2.932746196957565985e+02 4.199731063900992156e-01
2.936349079263410431e+02 4.201135329886720449e-01
2.939951961569255445e+02 4.202462677577629147e-01
2.943554843875099891e+02 4.203713041995583155e-01
2.947157726180944337e+02 4.204886362042608572e-01
2.950760608486789351e+02 4.205982580483325073e-01
2.954363490792634366e+02 4.207001643928575674e-01
2.957966373098478812e+02 4.207943502820307158e-01
2.961569255404323258e+02 4.208808111417621234e-01
2.965172137710168272e+02 4.209595427783976995e-01
2.968775020016012718e+02 4.210305413775499717e-01
2.972377902321857164e+02 4.210938035030449278e-01
2.975980784627702178e+02 4.211493260959713325e-01
2.979583666933547192e+02 4.211971064738450621e-01
2.983186549239391638e+02 4.212371423298749695e-01
2.986789431545236084e+02 4.212694317323316118e-01
2.990392313851080530e+02 4.212939731240260555e-01
2.993995196156925545e+02 4.213107653218861604e-01
2.997598078462769990e+02 4.213198075166345036e-01
3.001200960768614436e+02 4.213210992725721638e-01
3.004803843074460019e+02 4.213146405274600381e-01
3.008406725380304465e+02 4.213004315925027443e-01
3.012009607686148911e+02 4.212784731524324422e-01
3.015612489991993357e+02 4.212487662656907994e-01
3.019215372297838371e+02 4.212113123647210355e-01
3.022818254603682817e+02 4.211661132563526699e-01
3.026421136909527263e+02 4.211131711222900198e-01
3.030024019215372846e+02 4.210524885197109435e-01
3.033626901521217292e+02 4.209840683819624507e-01
3.037229783827061738e+02 4.209079140193656698e-01
3.040832666132906184e+02 4.208240291201222338e-01
3.044435548438750629e+02 4.207324177513432351e-01
3.048038430744595644e+02 4.206330843601686076e-01
3.051641313050440090e+02 4.205260337750152955e-01
3.055244195356284536e+02 4.204112712069335567e-01
3.058847077662130118e+02 4.202888022510783417e-01
3.062449959967974564e+02 4.201586328883069044e-01
3.066052842273819010e+02 4.200207694868864916e-01
3.069655724579663456e+02 4.198752188043496925e-01
3.073258606885508470e+02 4.197219879894506511e-01
3.076861489191352916e+02 4.195610845842783210e-01
3.080464371497197362e+02 4.193925165264931199e-01
3.084067253803042945e+02 4.192162921517069707e-01
3.087670136108887391e+02 4.190324201960152206e-01
3.091273018414731837e+02 4.188409097986635077e-01
3.094875900720576283e+02 4.186417705048907090e-01
3.098478783026421297e+02 4.184350122689148854e-01
3.102081665332265743e+02 4.182206454570932541e-01
3.105684547638110189e+02 4.179986808512601293e-01
3.109287429943954635e+02 4.177691296522343944e-01
3.112890312249800218e+02 4.175320034835227068e-01
3.116493194555644664e+02 4.172873143952111619e-01
3.120096076861489109e+02 4.170350748680649589e-01
3.123698959167334124e+02 4.167752978178345669e-01
3.127301841473178570e+02 4.165079965997856015e-01
3.130904723779023016e+02 4.162331850134568523e-01
3.134507606084867462e+02 4.159508773076606158e-01
3.138110488390713044e+02 4.156610881857356055e-01
3.141713370696557490e+02 4.153638328110558775e-01
3.145316253002401936e+02 4.150591268128270284e-01
3.148919135308246950e+02 4.147469862921630002e-01
3.152522017614091396e+02 4.144274278284699742e-01
3.156124899919935842e+02 4.141004684861451235e-01
3.159727782225780288e+02 4.137661258216149274e-01
3.163330664531624734e+02 4.134244178907200418e-01
3.166933546837470317e+02 4.130753632564694300e-01
3.170536429143314763e+02 4.127189809971905654e-01
3.174139311449159777e+02 4.123552907150767610e-01
3.177742193755004223e+02 4.119843125451762567e-01
3.181345076060848669e+02 4.116060671648310576e-01
3.184947958366693115e+02 4.112205758035963887e-01
3.188550840672537561e+02 4.108278602536620805e-01
3.192153722978383144e+02 4.104279428808162988e-01
3.195756605284227589e+02 4.100208466359647752e-01
3.199359487590072604e+02 4.096065950672491129e-01
3.202962369895917050e+02 4.091852123328024726e-01
3.206565252201761496e+02 4.087567232141616769e-01
3.210168134507605942e+02 4.083211531303951314e-01
3.213771016813450387e+02 4.078785281529710982e-01
3.217373899119295402e+02 4.074288750214323795e-01
3.220976781425140416e+02 4.069722211598939543e-01
3.224579663730984862e+02 4.065085946944509421e-01
3.228182546036829876e+02 4.060380244715232068e-01
3.231785428342674322e+02 4.055605400772114844e-01
3.235388310648518768e+02 4.050761718577194914e-01
3.238991192954363214e+02 4.045849509409186751e-01
3.242594075260208228e+02 4.040869092591153344e-01
3.246196957566053243e+02 4.035820795731118737e-01
3.249799839871897689e+02 4.030704954976366272e-01
3.253402722177742703e+02 4.025521915282337937e-01
3.257005604483587149e+02 4.020272030697116805e-01
3.260608486789431595e+02 4.014955664662553381e-01
3.264211369095276041e+02 4.009573190333065584e-01
3.267814251401121055e+02 4.004124990913411342e-01
3.271417133706965501e+02 3.998611460016681662e-01
3.275020016012810515e+02 3.993033002043916979e-01
3.278622898318654961e+02 3.987390032586858868e-01
3.282225780624499407e+02 3.981682978855444199e-01
3.285828662930344422e+02 3.975912280131802534e-01
3.289431545236188867e+02 3.970078388252682999e-01
3.293034427542033882e+02 3.964181768122294613e-01
3.296637309847878328e+02 3.958222898257816591e-01
3.300240192153723342e+02 3.952202271369980036e-01
3.303843074459567788e+02 3.946120394981280644e-01
3.307445956765412234e+02 3.939977792084644048e-01
3.311048839071256680e+02 3.933775001845594699e-01
3.314651721377101694e+02 3.927512580351248395e-01
3.318254603682946708e+02 3.921191101409648438e-01
3.321857485988791154e+02 3.914811157403421671e-01
3.325460368294635600e+02 3.908373360201900515e-01
3.329063250600480615e+02 3.901878342136379518e-01
3.332666132906325061e+02 3.895326757043451327e-01
3.336269015212169506e+02 3.888719281381900483e-01
3.339871897518014521e+02 3.882056615429061996e-01
3.343474779823859535e+02 3.875339484563111725e-01
3.347077662129703981e+02 3.868568640638369027e-01
3.350680544435548427e+02 3.861744863461212263e-01
3.354283426741393441e+02 3.854868962375081476e-01
3.357886309047237887e+02 3.847941777963737042e-01
3.361489191353082333e+02 3.840964183882684679e-01
3.365092073658926779e+02 3.833937088829842410e-01
3.368694955964772362e+02 3.826861438667364945e-01
3.372297838270616808e+02 3.819738218707751098e-01
3.375900720576461254e+02 3.812568456178586085e-01
3.379503602882305699e+02 3.805353222881623920e-01
3.383106485188150714e+02 3.798093638063504973e-01
3.386709367493995160e+02 3.790790871516888094e-01
3.390312249799839606e+02 3.783446146932805121e-01
3.393915132105684052e+02 3.776060745526843565e-01
3.397518014411529634e+02 3.768636009964134170e-01
3.401120896717374080e+02 3.761173348610368228e-01
3.404723779023218526e+02 3.753674240138864526e-01
3.408326661329063541e+02 3.746140238526420307e-01
3.411929543634907986e+02 3.738572978473998498e-01
3.415532425940752432e+02 3.730974181291653036e-01
3.419135308246596878e+02 3.723345661290811126e-01
3.422738190552442461e+02 3.715689332731214600e-01
3.426341072858286907e+02 3.708007217374027498e-01
3.429943955164131353e+02 3.700301452697495885e-01
3.433546837469976367e+02 3.692574300836526380e-01
3.437149719775820813e+02 3.684828158312831725e-01
3.440752602081665259e+02 3.677065566628085480e-01
3.444355484387509705e+02 3.669289223798262167e-01
3.447958366693354151e+02 3.661501996913446022e-01
3.451561248999199734e+02 3.653706935813412771e-01
3.455164131305044179e+02 3.645907287975218014e-01
3.458767013610888625e+02 3.638106514714647965e-01
3.462369895916733640e+02 3.630308308808251061e-01
3.465972778222578086e+02 3.622516613646529215e-01
3.469575660528422532e+02 3.614735644031171757e-01
3.473178542834266977e+02 3.606969908728995811e-01
3.476781425140112560e+02 3.599224234892247631e-01
3.480384307445957006e+02 3.591503794446948006e-01
3.483987189751801452e+02 3.583814132537880837e-01
3.487590072057646466e+02 3.576161198097536631e-01
3.491192954363490912e+02 3.568551376575515022e-01
3.494795836669335358e+02 3.560991524821316978e-01
3.498398718975179804e+02 3.553489008054053766e-01
3.502001601281024250e+02 3.546051738773138284e-01
3.505604483586869833e+02 3.538688217360396182e-01
3.509207365892714279e+02 3.531407573990476001e-01
3.512810248198558725e+02 3.524219611297572663e-01
3.516413130504403739e+02 3.517134847036452738e-01
3.520016012810248185e+02 3.510164555718138790e-01
3.523618895116092631e+02 3.503320807891283084e-01
3.527221777421937077e+02 3.496616505375362283e-01
3.530824659727782660e+02 3.490065410332108820e-01
3.534427542033627105e+02 3.483682165592688063e-01
3.538030424339471551e+02 3.477482303153659471e-01
3.541633306645316566e+02 3.471482237239102986e-01
3.545236188951161012e+02 3.465699237839212632e-01
3.548839071257005457e+02 3.460151380232444063e-01
3.552441953562849903e+02 3.454857465756160373e-01
3.556044835868694918e+02 3.449836909104425642e-01
3.559647718174539932e+02 3.445109587812734131e-01
3.563250600480384378e+02 3.440695650455271037e-01
3.566853482786228824e+02 3.436615281538269451e-01
3.570456365092073838e+02 3.432888423194874195e-01
3.574059247397918284e+02 3.429534456580707324e-01
3.577662129703762730e+02 3.426571849243653656e-01
3.581265012009607744e+02 3.424017778480371588e-01
3.584867894315452759e+02 3.421887744445439306e-01
3.588470776621297205e+02 3.420195190075702163e-01
3.592073658927141651e+02 3.418951147199775220e-01
3.595676541232986665e+02 3.418163929007543289e-01
3.599279423538831111e+02 3.417838887980514384e-01
3.602882305844675557e+02 3.417978255293238621e-01
3.606485188150520571e+02 3.418581072764750317e-01
3.610088070456365017e+02 3.419643222161832252e-01
3.613690952762210031e+02 3.421157549778603424e-01
3.617293835068054477e+02 3.423114077600115657e-01
3.620896717373898923e+02 3.425500286812395712e-01
3.624499599679743937e+02 3.428301455554659816e-01
3.628102481985588383e+02 3.431501030928972851e-01
3.631705364291433398e+02 3.435081015369769175e-01
3.635308246597277844e+02 3.439022349238616827e-01
3.638911128903122858e+02 3.443305274475707556e-01
3.642514011208967304e+02 3.447909667771816289e-01
3.646116893514811750e+02 3.452815335518651940e-01
3.649719775820656764e+02 3.458002266349451403e-01
3.653322658126501210e+02 3.463450840124764341e-01
3.656925540432346224e+02 3.469141994613186841e-01
3.660528422738190670e+02 3.475057352834340363e-01
3.664131305044035116e+02 3.481179315122643891e-01
3.667734187349880131e+02 3.487491120531478472e-01
3.671337069655724576e+02 3.493976882343894919e-01
3.674939951961569022e+02 3.500621602303972124e-01
3.678542834267414037e+02 3.507411167833626164e-01
3.682145716573259051e+02 3.514332336038524796e-01
3.685748598879103497e+02 3.521372707796789348e-01
3.689351481184947943e+02 3.528520694711612116e-01
3.692954363490792389e+02 3.535765481223601125e-01
3.696557245796637403e+02 3.543096983738156514e-01
3.700160128102481849e+02 3.550505808236088523e-01
3.703763010408326863e+02 3.557983207504478163e-01
3.707365892714171878e+02 3.565521038846678481e-01
3.710968775020016324e+02 3.573111722902329035e-01
3.714571657325860770e+02 3.580748204023411208e-01
3.718174539631705215e+02 3.588423912505403490e-01
3.721777421937550230e+02 3.596132728857809324e-01
3.725380304243394676e+02 3.603868950209601074e-01
3.728983186549239122e+02 3.611627258878364333e-01
3.732586068855084704e+02 3.619402693082333089e-01
3.736188951160929150e+02 3.627190619738983046e-01
3.739791833466773596e+02 3.634986709269167338e-01
3.743394715772618042e+02 3.642786912309454173e-01
3.746997598078462488e+02 3.650587438225621484e-01
3.750600480384307502e+02 3.658384735315458047e-01
3.754203362690151948e+02 3.666175472587699935e-01
3.757806244995997531e+02 3.673956523005408314e-01
3.761409127301841977e+02 3.681724948085353666e-01
3.765012009607686423e+02 3.689477983749478440e-01
3.768614891913530869e+02 3.697213027329993018e-01
3.772217774219375315e+02 3.704927625635265898e-01
3.775820656525220329e+02 3.712619463989928481e-01
3.779423538831064775e+02 3.720286356168542863e-01
3.783026421136909221e+02 3.727926235148094070e-01
3.786629303442754804e+02 3.735537144610440174e-01
3.790232185748599250e+02 3.743117231131189437e-01
3.793835068054443695e+02 3.750664736996784376e-01
3.797437950360288141e+02 3.758177993596212296e-01
3.801040832666132587e+02 3.765655415338561851e-01
3.804643714971977602e+02 3.773095494051588172e-01
3.808246597277822048e+02 3.780496793820392609e-01
3.811849479583667630e+02 3.787857946228977979e-01
3.815452361889512076e+02 3.795177645970559954e-01
3.819055244195356522e+02 3.802454646795578874e-01
3.822658126501200968e+02 3.809687757769112948e-01
3.826261008807045414e+02 3.816875839811829096e-01
3.829863891112890428e+02 3.824017802500975782e-01
3.833466773418734874e+02 3.831112601109831206e-01
3.837069655724579320e+02 3.838159233866144104e-01
3.840672538030424903e+02 3.845156739411631497e-01
3.844275420336269349e+02 3.852104194446182572e-01
3.847878302642113795e+02 3.859000711541997197e-01
3.851481184947958241e+02 3.865845437113930583e-01
3.855084067253802687e+02 3.872637549533748946e-01
3.858686949559647701e+02 3.879376257376856985e-01
3.862289831865492147e+02 3.886060797791135446e-01
3.865892714171337730e+02 3.892690434978436920e-01
3.869495596477182175e+02 3.899264458780018483e-01
3.873098478783026621e+02 3.905782183357889847e-01
3.876701361088871067e+02 3.912242945964928831e-01
3.880304243394715513e+02 3.918646105796911305e-01
3.883907125700560528e+02 3.924991042920445428e-01
3.887510008006404973e+02 3.931277157271104161e-01
3.891112890312249419e+02 3.937503867716631856e-01
3.894715772618095002e+02 3.943670611180402075e-01
3.898318654923939448e+02 3.949776841820880069e-01
3.901921537229783894e+02 3.955822030262892697e-01
3.905524419535628340e+02 3.961805662877193601e-01
3.909127301841472786e+02 3.967727241104719305e-01
3.912730184147317800e+02 3.973586280822601347e-01
3.916333066453162246e+02 3.979382311748786427e-01
3.919935948759007829e+02 3.985114876882885349e-01
3.923538831064852275e+02 3.990783531980457988e-01
3.927141713370696721e+02 3.996387845058708144e-01
3.930744595676541167e+02 4.001927395931381692e-01
3.934347477982385612e+02 4.007401775770812469e-01
3.937950360288230627e+02 4.012810586695559345e-01
3.941553242594075073e+02 4.018153441381671076e-01
3.945156124899920087e+02 4.023429962696207229e-01
3.948759007205765101e+02 4.028639783351599668e-01
3.952361889511609547e+02 4.033782545579364109e-01
3.955964771817453993e+02 4.038857900822030444e-01
3.959567654123298439e+02 4.043865509442178263e-01
3.963170536429142885e+02 4.048805040447393533e-01
3.966773418734987899e+02 4.053676171230236047e-01
3.970376301040832914e+02 4.058478587322296161e-01
3.973979183346677928e+02 4.063211982161401559e-01
3.977582065652522374e+02 4.067876056871244650e-01
3.981184947958366820e+02 4.072470520052723919e-01
3.984787830264211266e+02 4.076995087586161581e-01
3.988390712570055712e+02 4.081449482443885723e-01
3.991993594875900158e+02 4.085833434512460283e-01
3.995596477181745740e+02 4.090146680424186498e-01
3.999199359487590755e+02 4.094388963397050940e-01
4.002802241793435201e+02 4.098560033082914167e-01
4.006405124099279647e+02 4.102659645423327728e-01
4.010008006405124092e+02 4.106687562512572609e-01
4.013610888710968538e+02 4.110643552467521666e-01
4.017213771016812984e+02 4.114527389303996863e-01
4.020816653322658567e+02 4.118338852819156681e-01
4.024419535628503013e+02 4.122077728479712766e-01
4.028022417934348027e+02 4.125743807315578326e-01
4.031625300240192473e+02 4.129336885818677971e-01
4.035228182546036919e+02 4.132856765846693037e-01
4.038831064851881365e+02 4.136303254531392692e-01
4.042433947157725811e+02 4.139676164191396501e-01
4.046036829463570257e+02 4.142975312249153608e-01
4.049639711769415840e+02 4.146200521151808260e-01
4.053242594075260854e+02 4.149351618295914479e-01
4.056845476381105300e+02 4.152428435955653474e-01
4.060448358686949746e+02 4.155430811214563258e-01
4.064051240992794192e+02 4.158358585900430171e-01
4.067654123298638638e+02 4.161211606523276263e-01
4.071257005604483084e+02 4.163989724216333732e-01
4.074859887910328666e+02 4.166692794679832668e-01
4.078462770216173112e+02 4.169320678127429458e-01
4.082065652522018127e+02 4.171873239235222575e-01
4.085668534827862572e+02 4.174350347093195857e-01
4.089271417133707018e+02 4.176751875159060989e-01
4.092874299439551464e+02 4.179077701214258256e-01
4.096477181745395910e+02 4.181327707322199383e-01
4.100080064051240356e+02 4.183501779788479369e-01
4.103682946357085939e+02 4.185599809123158876e-01
4.107285828662930953e+02 4.187621690004830199e-01
4.110888710968775399e+02 4.189567321246659426e-01
4.114491593274619845e+02 4.191436605764017886e-01
4.118094475580464291e+02 4.193229450543964343e-01
4.121697357886308737e+02 4.194945766616238192e-01
4.125300240192153183e+02 4.196585469025911896e-01
4.128903122497998766e+02 4.198148476807502250e-01
4.132506004803843211e+02 4.199634712960609306e-01
4.136108887109688226e+02 4.201044104426941983e-01
4.139711769415532672e+02 4.202376582068740318e-01
4.143314651721377118e+02 4.203632080648547764e-01
4.146917534027221564e+02 4.204810538810258569e-01
4.150520416333066009e+02 4.205911899061522408e-01
4.154123298638910455e+02 4.206936107757233700e-01
4.157726180944756038e+02 4.207883115084408154e-01
4.161329063250601052e+02 4.208752875048063502e-01
4.164931945556445498e+02 4.209545345458409193e-01
4.168534827862289944e+02 4.210260487919073591e-01
4.172137710168134390e+02 4.210898267816478024e-01
4.175740592473978836e+02 4.211458654310259453e-01
4.179343474779823282e+02 4.211941620324893276e-01
4.182946357085668865e+02 4.212347142542191003e-01
4.186549239391513311e+02 4.212675201395007507e-01
4.190152121697358325e+02 4.212925781061890862e-01
4.193755004003202771e+02 4.213098869462824081e-01
4.197357886309047217e+02 4.213194458255916652e-01
4.200960768614891663e+02 4.213212542835169661e-01
4.204563650920736109e+02 4.213153122329247324e-01
4.208166533226581123e+02 4.213016199601198886e-01
4.211769415532426137e+02 4.212801781249297384e-01
4.215372297838270583e+02 4.212509877608733855e-01
4.218975180144115598e+02 4.212140502754505023e-01
4.222578062449960044e+02 4.211693674505155860e-01
4.226180944755804489e+02 4.211169414427665125e-01
4.229783827061648935e+02 4.210567747843273478e-01
4.233386709367493950e+02 4.209888703834439583e-01
4.236989591673338964e+02 4.209132315252778200e-01
4.240592473979183410e+02 4.208298618728095186e-01
4.244195356285028424e+02 4.207387654678534927e-01
4.247798238590872870e+02 4.206399467321794705e-01
4.251401120896717316e+02 4.205334104687430963e-01
4.255004003202561762e+02 4.204191618630426786e-01
4.258606885508406776e+02 4.202972064845770794e-01
4.262209767814251222e+02 4.201675502884368862e-01
4.265812650120096237e+02 4.200301996170095475e-01
4.269415532425940683e+02 4.198851612018125734e-01
4.273018414731785697e+02 4.197324421654569648e-01
4.276621297037630143e+02 4.195720500237417050e-01
4.280224179343474589e+02 4.194039926878824764e-01
4.283827061649319603e+02 4.192282784668851514e-01
4.287429943955164049e+02 4.190449160700613351e-01
4.291032826261008495e+02 4.188539146096980081e-01
4.294635708566853509e+02 4.186552836038742731e-01
4.298238590872698524e+02 4.184490329794454122e-01
4.301841473178542969e+02 4.182351730751926455e-01
4.305444355484387984e+02 4.180137146451443630e-01
4.309047237790232430e+02 4.177846688620747151e-01
4.312650120096076876e+02 4.175480473211902743e-01
4.316253002401921322e+02 4.173038620440147617e-01
4.319855884707766336e+02 4.170521254824697821e-01
4.323458767013610782e+02 4.167928505231673908e-01
4.327061649319455796e+02 4.165260504919282569e-01
4.330664531625300810e+02 4.162517391585192628e-01
4.334267413931145256e+02 4.159699307416414582e-01
4.337870296236989702e+02 4.156806399141598773e-01
4.341473178542834148e+02 4.153838818086068030e-01
4.345076060848678594e+02 4.150796720229449344e-01
4.348678943154523608e+02 4.147680266266317028e-01
4.352281825460368623e+02 4.144489621669831814e-01
4.355884707766213637e+02 4.141224956758493003e-01
4.359487590072058083e+02 4.137886446766271265e-01
4.363090472377902529e+02 4.134474271916263044e-01
4.366693354683746975e+02 4.130988617497970972e-01
4.370296236989591421e+02 4.127429673948491695e-01
4.373899119295436435e+02 4.123797636937772126e-01
4.377502001601280881e+02 4.120092707458177794e-01
4.381104883907126464e+02 4.116315091918567592e-01
4.384707766212970910e+02 4.112465002243169132e-01
4.388310648518815356e+02 4.108542655975436220e-01
4.391913530824659802e+02 4.104548276387331995e-01
4.395516413130504247e+02 4.100482092594123218e-01
4.399119295436348693e+02 4.096344339675195845e-01
4.402722177742193708e+02 4.092135258801096742e-01
4.406325060048039290e+02 4.087855097367301682e-01
4.409927942353883736e+02 4.083504109134912796e-01
4.413530824659728182e+02 4.079082554378915537e-01
4.417133706965572628e+02 4.074590700044284919e-01
4.420736589271417074e+02 4.070028819910508910e-01
4.424339471577261520e+02 4.065397194764930888e-01
4.427942353883106534e+02 4.060696112585627238e-01
4.431545236188950980e+02 4.055925868734270856e-01
4.435148118494796563e+02 4.051086766159563979e-01
4.438751000800641009e+02 4.046179115612174026e-01
4.442353883106485455e+02 4.041203235871538291e-01
4.445956765412329901e+02 4.036159453985585510e-01
4.449559647718174347e+02 4.031048105524113190e-01
4.453162530024018793e+02 4.025869534846698294e-01
4.456765412329863807e+02 4.020624095386055585e-01
4.460368294635709390e+02 4.015312149948067622e-01
4.463971176941553836e+02 4.009934071029357949e-01
4.467574059247398282e+02 4.004490241153747521e-01
4.471176941553242727e+02 3.998981053228891080e-01
4.474779823859087173e+02 3.993406910924364728e-01
4.478382706164931619e+02 3.987768229072831683e-01
4.481985588470776634e+02 3.982065434095869438e-01
4.485588470776621079e+02 3.976298964456115859e-01
4.489191353082466662e+02 3.970469271137732625e-01
4.492794235388311108e+02 3.964576818157165561e-01
4.496397117694155554e+02 3.958622083106407841e-01
4.500000000000000000e+02 3.952605557731153629e-01
