Theta (degrees)	Normalized Energy
0.000000000000000000e+00 4.365545845501936582e-16
1.801801801801801717e-01 1.014326677528890198e-06
3.603603603603603434e-01 4.057293806362391901e-06
5.405405405405404595e-01 9.128862678587914021e-06
7.207207207207206867e-01 1.622896877980516104e-05
9.009009009009008029e-01 2.535752178461505194e-05
1.081081081081080919e+00 3.651440555458248020e-05
1.261261261261261035e+00 4.969947813641734016e-05
1.441441441441441373e+00 6.491257175026030025e-05
1.621621621621621712e+00 8.215349279048314070e-05
1.801801801801801606e+00 1.014220218114280086e-04
1.981981981981981944e+00 1.227179135252245935e-04
2.162162162162161838e+00 1.460408967873839134e-04
2.342342342342341954e+00 1.713906745900316188e-04
2.522522522522522070e+00 1.987669240463375625e-04
2.702702702702702631e+00 2.281692963825851582e-04
2.882882882882882747e+00 2.595974169215821393e-04
3.063063063063062419e+00 2.930508850686909658e-04
3.243243243243243423e+00 3.285292742973497382e-04
3.423423423423423095e+00 3.660321321302274626e-04
3.603603603603603212e+00 4.055589801245995728e-04
3.783783783783783328e+00 4.471093138489923725e-04
3.963963963963963888e+00 4.906826028681944823e-04
4.144144144144143560e+00 5.362782907185914029e-04
4.324324324324323676e+00 5.838957948874294980e-04
4.504504504504503792e+00 6.335345067903333819e-04
4.684684684684683909e+00 6.851937917448939954e-04
4.864864864864864913e+00 7.388729889465857651e-04
5.045045045045044141e+00 7.945714114412635387e-04
5.225225225225224257e+00 8.522883460978048029e-04
5.405405405405405261e+00 9.120230535790796282e-04
5.585585585585585378e+00 9.737747683119003794e-04
5.765765765765765494e+00 1.037542698450424038e-03
5.945945945945945610e+00 1.103326025854834292e-03
6.126126126126124838e+00 1.171123906043538198e-03
6.306306306306305842e+00 1.240935468168428155e-03
6.486486486486486847e+00 1.312759814971008795e-03
6.666666666666666075e+00 1.386596022748999872e-03
6.846846846846846191e+00 1.462443141314645218e-03
7.027027027027027195e+00 1.540300193953823144e-03
7.207207207207206423e+00 1.620166177385081807e-03
7.387387387387387427e+00 1.702040061715402470e-03
7.567567567567566655e+00 1.785920790392541650e-03
7.747747747747746772e+00 1.871807280164432957e-03
7.927927927927927776e+00 1.959698421023669656e-03
8.108108108108107004e+00 2.049593076163996712e-03
8.288288288288287120e+00 2.141490081925376873e-03
8.468468468468467236e+00 2.235388247742550044e-03
8.648648648648647352e+00 2.331286356089663520e-03
8.828828828828829245e+00 2.429183162425411352e-03
9.009009009009007585e+00 2.529077395133518587e-03
9.189189189189187701e+00 2.630967755463804909e-03
9.369369369369367817e+00 2.734852917471068158e-03
9.549549549549547933e+00 2.840731527951928254e-03
9.729729729729729826e+00 2.948602206379054725e-03
9.909909909909908166e+00 3.058463544833644326e-03
1.009009009009008828e+01 3.170314107939138561e-03
1.027027027027027017e+01 3.284152432786645315e-03
1.045045045045044851e+01 3.399977028864436222e-03
1.063063063063063041e+01 3.517786377981766289e-03
1.081081081081081052e+01 3.637578934192186534e-03
1.099099099099099064e+01 3.759353123714819639e-03
1.117117117117117076e+01 3.883107344851775833e-03
1.135135135135134909e+01 4.008839967903536985e-03
1.153153153153153099e+01 4.136549335085645644e-03
1.171171171171171110e+01 4.266233760436811094e-03
1.189189189189189122e+01 4.397891529730506115e-03
1.207207207207207311e+01 4.531520900380599758e-03
1.225225225225224968e+01 4.667120101343495524e-03
1.243243243243243157e+01 4.804687333022888106e-03
1.261261261261261168e+01 4.944220767165287064e-03
1.279279279279279180e+01 5.085718546758945767e-03
1.297297297297297369e+01 5.229178785922474794e-03
1.315315315315315381e+01 5.374599569799409782e-03
1.333333333333333215e+01 5.521978954443836768e-03
1.351351351351351227e+01 5.671314966702520333e-03
1.369369369369369238e+01 5.822605604099143767e-03
1.387387387387387427e+01 5.975848834710766402e-03
1.405405405405405439e+01 6.131042597040492308e-03
1.423423423423423273e+01 6.288184799892401929e-03
1.441441441441441285e+01 6.447273322234829858e-03
1.459459459459459296e+01 6.608306013069335100e-03
1.477477477477477485e+01 6.771280691285830843e-03
1.495495495495495497e+01 6.936195145525218646e-03
1.513513513513513331e+01 7.103047134025135961e-03
1.531531531531531520e+01 7.271834384476553483e-03
1.549549549549549354e+01 7.442554593863406898e-03
1.567567567567567544e+01 7.615205428304935679e-03
1.585585585585585555e+01 7.789784522892259123e-03
1.603603603603603744e+01 7.966289481520161947e-03
1.621621621621621401e+01 8.144717876715234367e-03
1.639639639639639412e+01 8.325067249457179103e-03
1.657657657657657424e+01 8.507335109000258022e-03
1.675675675675675791e+01 8.691518932681351062e-03
1.693693693693693447e+01 8.877616165733556719e-03
1.711711711711711814e+01 9.065624221086747425e-03
1.729729729729729470e+01 9.255540479163271161e-03
1.747747747747747482e+01 9.447362287675313205e-03
1.765765765765765849e+01 9.641086961405890762e-03
1.783783783783783861e+01 9.836711781992905912e-03
1.801801801801801517e+01 1.003423399770519454e-02
1.819819819819819884e+01 1.023365082320634549e-02
1.837837837837837540e+01 1.043495943932238462e-02
1.855855855855855907e+01 1.063815699279613801e-02
1.873873873873873563e+01 1.084324059603337768e-02
1.891891891891891930e+01 1.105020732684976366e-02
1.909909909909909587e+01 1.125905422820338252e-02
1.927927927927927598e+01 1.146977830792437168e-02
1.945945945945945965e+01 1.168237653843327666e-02
1.963963963963963977e+01 1.189684585645713402e-02
1.981981981981981633e+01 1.211318316273174954e-02
2.000000000000000000e+01 1.233138532169792724e-02
2.018018018018017656e+01 1.255144916119275110e-02
2.036036036036036023e+01 1.277337147212602268e-02
2.054054054054054035e+01 1.299714900815445405e-02
2.072072072072071691e+01 1.322277848533802078e-02
2.090090090090089703e+01 1.345025658179631670e-02
2.108108108108108070e+01 1.367957993734884338e-02
2.126126126126126081e+01 1.391074515314691222e-02
2.144144144144144093e+01 1.414374879129654330e-02
2.162162162162162105e+01 1.437858737446621148e-02
2.180180180180180116e+01 1.461525738548972997e-02
2.198198198198198128e+01 1.485375526695495267e-02
2.216216216216215784e+01 1.509407742077695236e-02
2.234234234234234151e+01 1.533622020776446299e-02
2.252252252252251807e+01 1.558017994717400892e-02
2.270270270270269819e+01 1.582595291624445955e-02
2.288288288288288186e+01 1.607353534972475601e-02
2.306306306306306197e+01 1.632292343938664125e-02
2.324324324324324209e+01 1.657411333352152780e-02
2.342342342342342221e+01 1.682710113642282498e-02
2.360360360360360232e+01 1.708188290785493321e-02
2.378378378378378244e+01 1.733845466250464804e-02
2.396396396396396256e+01 1.759681236941523785e-02
2.414414414414414622e+01 1.785695195141099104e-02
2.432432432432431924e+01 1.811886928449374726e-02
2.450450450450449935e+01 1.838256019723005785e-02
2.468468468468468302e+01 1.864802047011540967e-02
2.486486486486486314e+01 1.891524583492354417e-02
2.504504504504504325e+01 1.918423197403110181e-02
2.522522522522522337e+01 1.945497451972409003e-02
2.540540540540540349e+01 1.972746905348672988e-02
2.558558558558558360e+01 2.000171110526215851e-02
2.576576576576576372e+01 2.027769615269637421e-02
2.594594594594594739e+01 2.055541962035485268e-02
2.612612612612612040e+01 2.083487687891761794e-02
2.630630630630630762e+01 2.111606324434969068e-02
2.648648648648648418e+01 2.139897397704227169e-02
2.666666666666666430e+01 2.168360428093174877e-02
2.684684684684684441e+01 2.196994930258826251e-02
2.702702702702702453e+01 2.225800413027709951e-02
2.720720720720720465e+01 2.254776379298911379e-02
2.738738738738738476e+01 2.283922325944370835e-02
2.756756756756756488e+01 2.313237743705331279e-02
2.774774774774774855e+01 2.342722117086535119e-02
2.792792792792792156e+01 2.372374924245918351e-02
2.810810810810810878e+01 2.402195636881748059e-02
2.828828828828828534e+01 2.432183720115240269e-02
2.846846846846846546e+01 2.462338632370135796e-02
2.864864864864864558e+01 2.492659825247795294e-02
2.882882882882882569e+01 2.523146743398757552e-02
2.900900900900900581e+01 2.553798824389210895e-02
2.918918918918918592e+01 2.584615498564454827e-02
2.936936936936936249e+01 2.615596188906270034e-02
2.954954954954954971e+01 2.646740310886716227e-02
2.972972972972972983e+01 2.678047272316573871e-02
2.990990990990990994e+01 2.709516473188747221e-02
3.009009009009008651e+01 2.741147305516518015e-02
3.027027027027026662e+01 2.772939153166077697e-02
3.045045045045044674e+01 2.804891391683848184e-02
3.063063063063063041e+01 2.837003388117260300e-02
3.081081081081081408e+01 2.869274500830180236e-02
3.099099099099098709e+01 2.901704079310976972e-02
3.117117117117117076e+01 2.934291463975302605e-02
3.135135135135135087e+01 2.967035985960510269e-02
3.153153153153152743e+01 2.999936966914151446e-02
3.171171171171171110e+01 3.032993718774404032e-02
3.189189189189189122e+01 3.066205543542903020e-02
3.207207207207207489e+01 3.099571733049546682e-02
3.225225225225224790e+01 3.133091568709168995e-02
3.243243243243242802e+01 3.166764321269015248e-02
3.261261261261260813e+01 3.200589250547722364e-02
3.279279279279278825e+01 3.234565605164464730e-02
3.297297297297297547e+01 3.268692622258586450e-02
3.315315315315314848e+01 3.302969527198893612e-02
3.333333333333332860e+01 3.337395533282098287e-02
3.351351351351351582e+01 3.371969841420652952e-02
3.369369369369368883e+01 3.406691639818867218e-02
3.387387387387386894e+01 3.441560103636584489e-02
3.405405405405405617e+01 3.476574394641045868e-02
3.423423423423423628e+01 3.511733660845135080e-02
3.441441441441441640e+01 3.547037036132336119e-02
3.459459459459458941e+01 3.582483639867109493e-02
3.477477477477476953e+01 3.618072576490999337e-02
3.495495495495494964e+01 3.653802935102742205e-02
3.513513513513512976e+01 3.689673789022565598e-02
3.531531531531531698e+01 3.725684195339614563e-02
3.549549549549549710e+01 3.761833194441594613e-02
3.567567567567567721e+01 3.798119809526462332e-02
3.585585585585585022e+01 3.834543046094382457e-02
3.603603603603603034e+01 3.871101891420491298e-02
3.621621621621621046e+01 3.907795314005628462e-02
3.639639639639639768e+01 3.944622263006324764e-02
3.657657657657657779e+01 3.981581667641231892e-02
3.675675675675675080e+01 4.018672436573925144e-02
3.693693693693693803e+01 4.055893457270716429e-02
3.711711711711711814e+01 4.093243595332168860e-02
3.729729729729729115e+01 4.130721693797635014e-02
3.747747747747747127e+01 4.168326572420840564e-02
3.765765765765765849e+01 4.206057026915672320e-02
3.783783783783783861e+01 4.243911828170854328e-02
3.801801801801801162e+01 4.281889721431399176e-02
3.819819819819819173e+01 4.319989425446009446e-02
3.837837837837837185e+01 4.358209631578435078e-02
3.855855855855855197e+01 4.396549002881287860e-02
3.873873873873873919e+01 4.435006173129710239e-02
3.891891891891891930e+01 4.473579745814726394e-02
3.909909909909909942e+01 4.512268293092119159e-02
3.927927927927927954e+01 4.551070354686410913e-02
3.945945945945945255e+01 4.589984436746987612e-02
3.963963963963963266e+01 4.629009010654104583e-02
3.981981981981981988e+01 4.668142511772362113e-02
4.000000000000000000e+01 4.707383338148980745e-02
4.018018018018018012e+01 4.746729849154301961e-02
4.036036036036035313e+01 4.786180364061781711e-02
4.054054054054054035e+01 4.825733160563234342e-02
4.072072072072072046e+01 4.865386473218679536e-02
4.090090090090090058e+01 4.905138491834259984e-02
4.108108108108108070e+01 4.944987359766785801e-02
4.126126126126126081e+01 4.984931172151224610e-02
4.144144144144143382e+01 5.024967974045246172e-02
4.162162162162162105e+01 5.065095758489190220e-02
4.180180180180179406e+01 5.105312464474717760e-02
4.198198198198197417e+01 5.145615974819434807e-02
4.216216216216216139e+01 5.186004113940859139e-02
4.234234234234234151e+01 5.226474645526343193e-02
4.252252252252252163e+01 5.267025270091494488e-02
4.270270270270269464e+01 5.307653622423342404e-02
4.288288288288288186e+01 5.348357268900430506e-02
4.306306306306305487e+01 5.389133704684898746e-02
4.324324324324324209e+01 5.429980350778451648e-02
4.342342342342342931e+01 5.470894550936408057e-02
4.360360360360360232e+01 5.511873568431095716e-02
4.378378378378377533e+01 5.552914582657755144e-02
4.396396396396396256e+01 5.594014685573511086e-02
4.414414414414414267e+01 5.635170877961959146e-02
4.432432432432431568e+01 5.676380065512577622e-02
4.450450450450450290e+01 5.717639054706970259e-02
4.468468468468468302e+01 5.758944548499771859e-02
4.486486486486486314e+01 5.800293141785065054e-02
4.504504504504503615e+01 5.841681316636288673e-02
4.522522522522522337e+01 5.883105437307501601e-02
4.540540540540539638e+01 5.924561744984082473e-02
4.558558558558558360e+01 5.966046352269281650e-02
4.576576576576576372e+01 6.007555237393375630e-02
4.594594594594594383e+01 6.049084238130692653e-02
4.612612612612612395e+01 6.090629045409166192e-02
4.630630630630629696e+01 6.132185196598034793e-02
4.648648648648648418e+01 6.173748068455559013e-02
4.666666666666665719e+01 6.215312869721126288e-02
4.684684684684684441e+01 6.256874633333528446e-02
4.702702702702703164e+01 6.298428208256895422e-02
4.720720720720720465e+01 6.339968250895519630e-02
4.738738738738738476e+01 6.381489216078166382e-02
4.756756756756756488e+01 6.422985347591518568e-02
4.774774774774774500e+01 6.464450668241927822e-02
4.792792792792792511e+01 6.505878969425107905e-02
4.810810810810810523e+01 6.547263800181660209e-02
4.828828828828829245e+01 6.588598455717362135e-02
4.846846846846846546e+01 6.629875965366459345e-02
4.864864864864863847e+01 6.671089079976395830e-02
4.882882882882882569e+01 6.712230258692923612e-02
4.900900900900899870e+01 6.753291655125137627e-02
4.918918918918918592e+01 6.794265102870498951e-02
4.936936936936936604e+01 6.835142100381735863e-02
4.954954954954954616e+01 6.875913795158627995e-02
4.972972972972972627e+01 6.916570967250747215e-02
4.990990990990989928e+01 6.957104012058565323e-02
5.009009009009008651e+01 6.997502922424672644e-02
5.027027027027027373e+01 7.037757270012277855e-02
5.045045045045044674e+01 7.077856185969612357e-02
5.063063063063063396e+01 7.117788340889061316e-02
5.081081081081080697e+01 7.157541924074407869e-02
5.099099099099098709e+01 7.197104622138873753e-02
5.117117117117116720e+01 7.236463596966603851e-02
5.135135135135135442e+01 7.275605463082525370e-02
5.153153153153152743e+01 7.314516264487144759e-02
5.171171171171170755e+01 7.353181451030828264e-02
5.189189189189189477e+01 7.391585854417746793e-02
5.207207207207206778e+01 7.429713663951674485e-02
5.225225225225224079e+01 7.467548402157002385e-02
5.243243243243242802e+01 7.505072900436456085e-02
5.261261261261261524e+01 7.542269274953844471e-02
5.279279279279278825e+01 7.579118902964734894e-02
5.297297297297296836e+01 7.615602399851892357e-02
5.315315315315314848e+01 7.651699597162678335e-02
5.333333333333332860e+01 7.687389521989745900e-02
5.351351351351350161e+01 7.722650378080390954e-02
5.369369369369368883e+01 7.757459529112308017e-02
5.387387387387387605e+01 7.791793484624971733e-02
5.405405405405404906e+01 7.825627889151415273e-02
5.423423423423423628e+01 7.858937515152811248e-02
5.441441441441440929e+01 7.891696260414578223e-02
5.459459459459458941e+01 7.923877150620306509e-02
5.477477477477476953e+01 7.955452347874021612e-02
5.495495495495495675e+01 7.986393165990547660e-02
5.513513513513512976e+01 8.016670093416214393e-02
5.531531531531530987e+01 8.046252824674496318e-02
5.549549549549549710e+01 8.075110301249041611e-02
5.567567567567567011e+01 8.103210762818985335e-02
5.585585585585584312e+01 8.130521809739427175e-02
5.603603603603603034e+01 8.157010477614375088e-02
5.621621621621621756e+01 8.182643324731472823e-02
5.639639639639639057e+01 8.207386533016582109e-02
5.657657657657657069e+01 8.231206023015069650e-02
5.675675675675675080e+01 8.254067583214057258e-02
5.693693693693693092e+01 8.275937013782880269e-02
5.711711711711711814e+01 8.296780284529178817e-02
5.729729729729729115e+01 8.316563706542012824e-02
5.747747747747747837e+01 8.335254116632724586e-02
5.765765765765765138e+01 8.352819073288586527e-02
5.783783783783783150e+01 8.369227062435526110e-02
5.801801801801801162e+01 8.384447710882284022e-02
5.819819819819819173e+01 8.398452004892680012e-02
5.837837837837837185e+01 8.411212510940280218e-02
5.855855855855855197e+01 8.422703595343858374e-02
5.873873873873872498e+01 8.432901639194453902e-02
5.891891891891891930e+01 8.441785244783153730e-02
5.909909909909909942e+01 8.449335429638193951e-02
5.927927927927927954e+01 8.455535804300592928e-02
5.945945945945945965e+01 8.460372730115242601e-02
5.963963963963963266e+01 8.463835453596731118e-02
5.981981981981981988e+01 8.465916214340579726e-02
5.999999999999999289e+01 8.466610323982082242e-02
6.018018018018017301e+01 8.465916214340564461e-02
6.036036036036035313e+01 8.463835453596738057e-02
6.054054054054053324e+01 8.460372730115213458e-02
6.072072072072070625e+01 8.455535804300556846e-02
6.090090090090089348e+01 8.449335429638193951e-02
6.108108108108106649e+01 8.441785244783132913e-02
6.126126126126126081e+01 8.432901639194433085e-02
6.144144144144144093e+01 8.422703595343829230e-02
6.162162162162162815e+01 8.411212510940280218e-02
6.180180180180180116e+01 8.398452004892636991e-02
6.198198198198197417e+01 8.384447710882297899e-02
6.216216216216216139e+01 8.369227062435519171e-02
6.234234234234234151e+01 8.352819073288536567e-02
6.252252252252251452e+01 8.335254116632724586e-02
6.270270270270270174e+01 8.316563706541976742e-02
6.288288288288287475e+01 8.296780284529185756e-02
6.306306306306305487e+01 8.275937013782866392e-02
6.324324324324323499e+01 8.254067583214043380e-02
6.342342342342342221e+01 8.231206023015105733e-02
6.360360360360360943e+01 8.207386533016575170e-02
6.378378378378378244e+01 8.182643324731495027e-02
6.396396396396396256e+01 8.157010477614382027e-02
6.414414414414414978e+01 8.130521809739398031e-02
6.432432432432432279e+01 8.103210762818963131e-02
6.450450450450449580e+01 8.075110301249056877e-02
6.468468468468468302e+01 8.046252824674532400e-02
6.486486486486485603e+01 8.016670093416214393e-02
6.504504504504502904e+01 7.986393165990511578e-02
6.522522522522521626e+01 7.955452347874000796e-02
6.540540540540538927e+01 7.923877150620306509e-02
6.558558558558557650e+01 7.891696260414585162e-02
6.576576576576576372e+01 7.858937515152825126e-02
6.594594594594595094e+01 7.825627889151363925e-02
6.612612612612612395e+01 7.791793484624898181e-02
6.630630630630629696e+01 7.757459529112287200e-02
6.648648648648648418e+01 7.722650378080354872e-02
6.666666666666665719e+01 7.687389521989737573e-02
6.684684684684684441e+01 7.651699597162640865e-02
6.702702702702703164e+01 7.615602399851842397e-02
6.720720720720720465e+01 7.579118902964770976e-02
6.738738738738737766e+01 7.542269274953801450e-02
6.756756756756756488e+01 7.505072900436426941e-02
6.774774774774773789e+01 7.467548402156987120e-02
6.792792792792791090e+01 7.429713663951674485e-02
6.810810810810811233e+01 7.391585854417746793e-02
6.828828828828828534e+01 7.353181451030763038e-02
6.846846846846847257e+01 7.314516264487115615e-02
6.864864864864864558e+01 7.275605463082504554e-02
6.882882882882883280e+01 7.236463596966567768e-02
6.900900900900900581e+01 7.197104622138822405e-02
6.918918918918917882e+01 7.157541924074385664e-02
6.936936936936936604e+01 7.117788340889040499e-02
6.954954954954953905e+01 7.077856185969583214e-02
6.972972972972972627e+01 7.037757270012270916e-02
6.990990990990989928e+01 6.997502922424665706e-02
7.009009009009008651e+01 6.957104012058500098e-02
7.027027027027025952e+01 6.916570967250747215e-02
7.045045045045044674e+01 6.875913795158576647e-02
7.063063063063063396e+01 6.835142100381649821e-02
7.081081081081080697e+01 6.794265102870462869e-02
7.099099099099099419e+01 6.753291655125129300e-02
7.117117117117116720e+01 6.712230258692916673e-02
7.135135135135135442e+01 6.671089079976359748e-02
7.153153153153152743e+01 6.629875965366459345e-02
7.171171171171170045e+01 6.588598455717332991e-02
7.189189189189188767e+01 6.547263800181660209e-02
7.207207207207206068e+01 6.505878969425094027e-02
7.225225225225223369e+01 6.464450668241891740e-02
7.243243243243242091e+01 6.422985347591475547e-02
7.261261261261259392e+01 6.381489216078121973e-02
7.279279279279279535e+01 6.339968250895483548e-02
7.297297297297296836e+01 6.298428208256859340e-02
7.315315315315315559e+01 6.256874633333528446e-02
7.333333333333332860e+01 6.215312869721104777e-02
7.351351351351350161e+01 6.173748068455522237e-02
7.369369369369368883e+01 6.132185196598005650e-02
7.387387387387387605e+01 6.090629045409159253e-02
7.405405405405404906e+01 6.049084238130656571e-02
7.423423423423423628e+01 6.007555237393382569e-02
7.441441441441440929e+01 5.966046352269230996e-02
7.459459459459458230e+01 5.924561744984024186e-02
7.477477477477476953e+01 5.883105437307480090e-02
7.495495495495494254e+01 5.841681316636267163e-02
7.513513513513514397e+01 5.800293141785021339e-02
7.531531531531531698e+01 5.758944548499735777e-02
7.549549549549548999e+01 5.717639054706948748e-02
7.567567567567567721e+01 5.676380065512556111e-02
7.585585585585585022e+01 5.635170877961893920e-02
7.603603603603602323e+01 5.594014685573511086e-02
7.621621621621621046e+01 5.552914582657733633e-02
7.639639639639638347e+01 5.511873568431081144e-02
7.657657657657657069e+01 5.470894550936364342e-02
7.675675675675674370e+01 5.429980350778407933e-02
7.693693693693693092e+01 5.389133704684818948e-02
7.711711711711710393e+01 5.348357268900401362e-02
7.729729729729729115e+01 5.307653622423306322e-02
7.747747747747747837e+01 5.267025270091472283e-02
7.765765765765765138e+01 5.226474645526284907e-02
7.783783783783783861e+01 5.186004113940836935e-02
7.801801801801801162e+01 5.145615974819361949e-02
7.819819819819819884e+01 5.105312464474688616e-02
7.837837837837837185e+01 5.065095758489161076e-02
7.855855855855855907e+01 5.024967974045217028e-02
7.873873873873873208e+01 4.984931172151167017e-02
7.891891891891890509e+01 4.944987359766778168e-02
7.909909909909909231e+01 4.905138491834201697e-02
7.927927927927926532e+01 4.865386473218694108e-02
7.945945945945943834e+01 4.825733160563219770e-02
7.963963963963963977e+01 4.786180364061701220e-02
7.981981981981981278e+01 4.746729849154294328e-02
8.000000000000000000e+01 4.707383338148937030e-02
8.018018018018017301e+01 4.668142511772318398e-02
8.036036036036036023e+01 4.629009010654112216e-02
8.054054054054053324e+01 4.589984436746965407e-02
8.072072072072070625e+01 4.551070354686367891e-02
8.090090090090089348e+01 4.512268293092060872e-02
8.108108108108108070e+01 4.473579745814718761e-02
8.126126126126125371e+01 4.435006173129724810e-02
8.144144144144144093e+01 4.396549002881251778e-02
8.162162162162161394e+01 4.358209631578435078e-02
8.180180180180180116e+01 4.319989425445943526e-02
8.198198198198198838e+01 4.281889721431340889e-02
8.216216216216216139e+01 4.243911828170832123e-02
8.234234234234233440e+01 4.206057026915620972e-02
8.252252252252252163e+01 4.168326572420767706e-02
8.270270270270270885e+01 4.130721693797605870e-02
8.288288288288286765e+01 4.093243595332139717e-02
8.306306306306305487e+01 4.055893457270701857e-02
8.324324324324324209e+01 4.018672436573925144e-02
8.342342342342341510e+01 3.981581667641246464e-02
8.360360360360358811e+01 3.944622263006287988e-02
8.378378378378377533e+01 3.907795314005577808e-02
8.396396396396394834e+01 3.871101891420469787e-02
8.414414414414413557e+01 3.834543046094382457e-02
8.432432432432432279e+01 3.798119809526404739e-02
8.450450450450449580e+01 3.761833194441586981e-02
8.468468468468468302e+01 3.725684195339585419e-02
8.486486486486485603e+01 3.689673789022551026e-02
8.504504504504504325e+01 3.653802935102690858e-02
8.522522522522523047e+01 3.618072576490963255e-02
8.540540540540538927e+01 3.582483639867066472e-02
8.558558558558557650e+01 3.547037036132299342e-02
8.576576576576576372e+01 3.511733660845098998e-02
8.594594594594595094e+01 3.476574394640979948e-02
8.612612612612610974e+01 3.441560103636511631e-02
8.630630630630629696e+01 3.406691639818808931e-02
8.648648648648648418e+01 3.371969841420623809e-02
8.666666666666667140e+01 3.337395533282062204e-02
8.684684684684685863e+01 3.302969527198842264e-02
8.702702702702701743e+01 3.268692622258571878e-02
8.720720720720720465e+01 3.234565605164457791e-02
8.738738738738739187e+01 3.200589250547650200e-02
8.756756756756755067e+01 3.166764321268963900e-02
8.774774774774773789e+01 3.133091568709125974e-02
8.792792792792792511e+01 3.099571733049510253e-02
8.810810810810809812e+01 3.066205543542859305e-02
8.828828828828828534e+01 3.032993718774353378e-02
8.846846846846845835e+01 2.999936966914136874e-02
8.864864864864863137e+01 2.967035985960488412e-02
8.882882882882883280e+01 2.934291463975273462e-02
8.900900900900900581e+01 2.901704079310940890e-02
8.918918918918919303e+01 2.869274500830085520e-02
8.936936936936936604e+01 2.837003388117238442e-02
8.954954954954953905e+01 2.804891391683768040e-02
8.972972972972972627e+01 2.772939153166012471e-02
8.990990990990991349e+01 2.741147305516474300e-02
9.009009009009007229e+01 2.709516473188696220e-02
9.027027027027025952e+01 2.678047272316537442e-02
9.045045045045044674e+01 2.646740310886701655e-02
9.063063063063061975e+01 2.615596188906255462e-02
9.081081081081079276e+01 2.584615498564425684e-02
9.099099099099097998e+01 2.553798824389181751e-02
9.117117117117116720e+01 2.523146743398691980e-02
9.135135135135135442e+01 2.492659825247781069e-02
9.153153153153152743e+01 2.462338632370113939e-02
9.171171171171170045e+01 2.432183720115203840e-02
9.189189189189188767e+01 2.402195636881689772e-02
9.207207207207206068e+01 2.372374924245918351e-02
9.225225225225224790e+01 2.342722117086476832e-02
9.243243243243243512e+01 2.313237743705294849e-02
9.261261261261259392e+01 2.283922325944319834e-02
9.279279279279278114e+01 2.254776379298911379e-02
9.297297297297296836e+01 2.225800413027673522e-02
9.315315315315312716e+01 2.196994930258833537e-02
9.333333333333331439e+01 2.168360428093131162e-02
9.351351351351351582e+01 2.139897397704190740e-02
9.369369369369368883e+01 2.111606324434903495e-02
9.387387387387387605e+01 2.083487687891739937e-02
9.405405405405406327e+01 2.055541962035412756e-02
9.423423423423422207e+01 2.027769615269571848e-02
9.441441441441440929e+01 2.000171110526150278e-02
9.459459459459459651e+01 1.972746905348622334e-02
9.477477477477476953e+01 1.945497451972387146e-02
9.495495495495494254e+01 1.918423197403051894e-02
9.513513513513512976e+01 1.891524583492332559e-02
9.531531531531530277e+01 1.864802047011526395e-02
9.549549549549548999e+01 1.838256019722940213e-02
9.567567567567567721e+01 1.811886928449316439e-02
9.585585585585585022e+01 1.785695195141069960e-02
9.603603603603603744e+01 1.759681236941487703e-02
9.621621621621621046e+01 1.733845466250385006e-02
9.639639639639639768e+01 1.708188290785435035e-02
9.657657657657658490e+01 1.682710113642260641e-02
9.675675675675674370e+01 1.657411333352116350e-02
9.693693693693693092e+01 1.632292343938583981e-02
9.711711711711711814e+01 1.607353534972431885e-02
9.729729729729727694e+01 1.582595291624402239e-02
9.747747747747746416e+01 1.558017994717408178e-02
9.765765765765765138e+01 1.533622020776468156e-02
9.783783783783782440e+01 1.509407742077658807e-02
9.801801801801799741e+01 1.485375526695458838e-02
9.819819819819818463e+01 1.461525738548972997e-02
9.837837837837837185e+01 1.437858737446570147e-02
9.855855855855855907e+01 1.414374879129581646e-02
9.873873873873873208e+01 1.391074515314676650e-02
9.891891891891890509e+01 1.367957993734847909e-02
9.909909909909909231e+01 1.345025658179566097e-02
9.927927927927926532e+01 1.322277848533743791e-02
9.945945945945945255e+01 1.299714900815394578e-02
9.963963963963963977e+01 1.277337147212587697e-02
9.981981981981979857e+01 1.255144916119231395e-02
9.999999999999998579e+01 1.233138532169749009e-02
1.001801801801801730e+02 1.211318316273160382e-02
1.003603603603603602e+02 1.189684585645727974e-02
1.005405405405405475e+02 1.168237653843283951e-02
1.007207207207207205e+02 1.146977830792379055e-02
1.009009009009008935e+02 1.125905422820323680e-02
1.010810810810810807e+02 1.105020732684939937e-02
1.012612612612612679e+02 1.084324059603308625e-02
1.014414414414414267e+02 1.063815699279577372e-02
1.016216216216216139e+02 1.043495943932245748e-02
1.018018018018018012e+02 1.023365082320612691e-02
1.019819819819819742e+02 1.003423399770461341e-02
1.021621621621621472e+02 9.836711781992761930e-03
1.023423423423423344e+02 9.641086961405236772e-03
1.025225225225225074e+02 9.447362287674803197e-03
1.027027027027027088e+02 9.255540479162981463e-03
1.028828828828828819e+02 9.065624221086239151e-03
1.030630630630630549e+02 8.877616165733483861e-03
1.032432432432432421e+02 8.691518932680988505e-03
1.034234234234234151e+02 8.507335108999820872e-03
1.036036036036036023e+02 8.325067249457033386e-03
1.037837837837837895e+02 8.144717876714505783e-03
1.039639639639639483e+02 7.966289481519724797e-03
1.041441441441441356e+02 7.789784522891749982e-03
1.043243243243243228e+02 7.615205428304571388e-03
1.045045045045044816e+02 7.442554593863116331e-03
1.046846846846846688e+02 7.271834384476043474e-03
1.048648648648648560e+02 7.103047134024699678e-03
1.050450450450450433e+02 6.936195145524563788e-03
1.052252252252252305e+02 6.771280691285757984e-03
1.054054054054053893e+02 6.608306013068753100e-03
1.055855855855855765e+02 6.447273322234539292e-03
1.057657657657657637e+02 6.288184799892110495e-03
1.059459459459459367e+02 6.131042597039765459e-03
1.061261261261261239e+02 5.975848834710257261e-03
1.063063063063062970e+02 5.822605604098852333e-03
1.064864864864864700e+02 5.671314966702011191e-03
1.066666666666666572e+02 5.521978954443036193e-03
1.068468468468468444e+02 5.374599569799336923e-03
1.070270270270270032e+02 5.229178785922037644e-03
1.072072072072071904e+02 5.085718546758508617e-03
1.073873873873873777e+02 4.944220767164995631e-03
1.075675675675675649e+02 4.804687333022306106e-03
1.077477477477477521e+02 4.667120101343058373e-03
1.079279279279279109e+02 4.531520900379726324e-03
1.081081081081080981e+02 4.397891529729996973e-03
1.082882882882882853e+02 4.266233760436446802e-03
1.084684684684684726e+02 4.136549335084845069e-03
1.086486486486486314e+02 4.008839967903172694e-03
1.088288288288288186e+02 3.883107344851120975e-03
1.090090090090090058e+02 3.759353123714164781e-03
1.091891891891891788e+02 3.637578934192114109e-03
1.093693693693693518e+02 3.517786377981038572e-03
1.095495495495495391e+02 3.399977028863854223e-03
1.097297297297297263e+02 3.284152432786136173e-03
1.099099099099099135e+02 3.170314107938847561e-03
1.100900900900900865e+02 3.058463544833789610e-03
1.102702702702702595e+02 2.948602206378545584e-03
1.104504504504504467e+02 2.840731527951200971e-03
1.106306306306306197e+02 2.734852917470631441e-03
1.108108108108108070e+02 2.630967755463077193e-03
1.109909909909909942e+02 2.529077395132718446e-03
1.111711711711711530e+02 2.429183162424829352e-03
1.113513513513513402e+02 2.331286356089590662e-03
1.115315315315315274e+02 2.235388247742259044e-03
1.117117117117116862e+02 2.141490081925158731e-03
1.118918918918919019e+02 2.049593076163341854e-03
1.120720720720720607e+02 1.959698421023378656e-03
1.122522522522522479e+02 1.871807280163778099e-03
1.124324324324324351e+02 1.785920790392469008e-03
1.126126126126125939e+02 1.702040061714747612e-03
1.127927927927927811e+02 1.620166177385081807e-03
1.129729729729729684e+02 1.540300193953896002e-03
1.131531531531531414e+02 1.462443141314208718e-03
1.133333333333333286e+02 1.386596022748927013e-03
1.135135135135135016e+02 1.312759814971008795e-03
1.136936936936936746e+02 1.240935468168282655e-03
1.138738738738738618e+02 1.171123906043683698e-03
1.140540540540540491e+02 1.103326025854615934e-03
1.142342342342342363e+02 1.037542698450642396e-03
1.144144144144144093e+02 9.737747683108817715e-04
1.145945945945945823e+02 9.120230535788613783e-04
1.147747747747747553e+02 8.522883460975138031e-04
1.149549549549549567e+02 7.945714114407541806e-04
1.151351351351351155e+02 7.388729889460037654e-04
1.153153153153153028e+02 6.851937917442392457e-04
1.154954954954955042e+02 6.335345067901151320e-04
1.156756756756756630e+02 5.838957948874294980e-04
1.158558558558558644e+02 5.362782907184459030e-04
1.160360360360360232e+02 4.906826028679033740e-04
1.162162162162162105e+02 4.471093138486285684e-04
1.163963963963963835e+02 4.055589801242357687e-04
1.165765765765765849e+02 3.660321321301547126e-04
1.167567567567567437e+02 3.285292742969859341e-04
1.169369369369369309e+02 2.930508850683271617e-04
1.171171171171171039e+02 2.595974169207817812e-04
1.172972972972972912e+02 2.281692963818575501e-04
1.174774774774774500e+02 1.987669240459737855e-04
1.176576576576576514e+02 1.713906745893767878e-04
1.178378378378378386e+02 1.460408967875294404e-04
1.180180180180180116e+02 1.227179135250063165e-04
1.181981981981981988e+02 1.014220218109914546e-04
1.183783783783783576e+02 8.215349278990105965e-05
1.185585585585585591e+02 6.491257174996925973e-05
1.187387387387387321e+02 4.969947813576250915e-05
1.189189189189189193e+02 3.651440555421868971e-05
1.190990990990990781e+02 2.535752178381470067e-05
1.192792792792792653e+02 1.622896877951412391e-05
1.194594594594594383e+02 9.128862678878951154e-06
1.196396396396396398e+02 4.057293805925837050e-06
1.198198198198198128e+02 1.014326677165094630e-06
1.199999999999999858e+02 0.000000000000000000e+00
1.201801801801801730e+02 1.014326677310612984e-06
1.203603603603603460e+02 4.057293806144114052e-06
1.205405405405405475e+02 9.128862678733432588e-06
1.207207207207207063e+02 1.622896877944136378e-05
1.209009009009008935e+02 2.535752178410573780e-05
1.210810810810810665e+02 3.651440555458248020e-05
1.212612612612612537e+02 4.969947813605354967e-05
1.214414414414414125e+02 6.491257174996925973e-05
1.216216216216216139e+02 8.215349278975554617e-05
1.218018018018017870e+02 1.014220218113552450e-04
1.219819819819819742e+02 1.227179135250063165e-04
1.221621621621621330e+02 1.460408967873839134e-04
1.223423423423423202e+02 1.713906745892312608e-04
1.225225225225225216e+02 1.987669240459010085e-04
1.227027027027026946e+02 2.281692963820758271e-04
1.228828828828828819e+02 2.595974169208545312e-04
1.230630630630630407e+02 2.930508850682544118e-04
1.232432432432432563e+02 3.285292742969859341e-04
1.234234234234234009e+02 3.660321321303002125e-04
1.236036036036036023e+02 4.055589801243813229e-04
1.237837837837837753e+02 4.471093138489923725e-04
1.239639639639639483e+02 4.906826028679761240e-04
1.241441441441441214e+02 5.362782907181547947e-04
1.243243243243243228e+02 5.838957948872839981e-04
1.245045045045044958e+02 6.335345067900423821e-04
1.246846846846846830e+02 6.851937917443847456e-04
1.248648648648648560e+02 7.388729889460037654e-04
1.250450450450450290e+02 7.945714114407541806e-04
1.252252252252252305e+02 8.522883460975138031e-04
1.254054054054054035e+02 9.120230535788613783e-04
1.255855855855855907e+02 9.737747683111000214e-04
1.257657657657657495e+02 1.037542698450424038e-03
1.259459459459459367e+02 1.103326025854397792e-03
1.261261261261261097e+02 1.171123906043683698e-03
1.263063063063063112e+02 1.240935468168355297e-03
1.264864864864864700e+02 1.312759814970644937e-03
1.266666666666666572e+02 1.386596022748781513e-03
1.268468468468468444e+02 1.462443141314572577e-03
1.270270270270270174e+02 1.540300193953677644e-03
1.272072072072072189e+02 1.620166177385081807e-03
1.273873873873873777e+02 1.702040061714820253e-03
1.275675675675675649e+02 1.785920790392469008e-03
1.277477477477477379e+02 1.871807280163850741e-03
1.279279279279279251e+02 1.959698421023378656e-03
1.281081081081080981e+02 2.049593076163851429e-03
1.282882882882882996e+02 2.141490081925304014e-03
1.284684684684684441e+02 2.235388247742331903e-03
1.286486486486486456e+02 2.331286356089663520e-03
1.288288288288288186e+02 2.429183162424974635e-03
1.290090090090089916e+02 2.529077395132645588e-03
1.291891891891891930e+02 2.630967755463150051e-03
1.293693693693693660e+02 2.734852917470486158e-03
1.295495495495495391e+02 2.840731527951637254e-03
1.297297297297297121e+02 2.948602206378545584e-03
1.299099099099099135e+02 3.058463544833498610e-03
1.300900900900900581e+02 3.170314107938847561e-03
1.302702702702702595e+02 3.284152432786718173e-03
1.304504504504504325e+02 3.399977028863708940e-03
1.306306306306306340e+02 3.517786377980893289e-03
1.308108108108107785e+02 3.637578934191968393e-03
1.309909909909909800e+02 3.759353123714673922e-03
1.311711711711711530e+02 3.883107344850829975e-03
1.313513513513513544e+02 4.008839967902954986e-03
1.315315315315315274e+02 4.136549335084845069e-03
1.317117117117117004e+02 4.266233760436156236e-03
1.318918918918919019e+02 4.397891529730287540e-03
1.320720720720720749e+02 4.531520900380090616e-03
1.322522522522522479e+02 4.667120101343058373e-03
1.324324324324324209e+02 4.804687333022524681e-03
1.326126126126125939e+02 4.944220767165214206e-03
1.327927927927927669e+02 5.085718546758508617e-03
1.329729729729729684e+02 5.229178785922110502e-03
1.331531531531531414e+02 5.374599569799264065e-03
1.333333333333333144e+02 5.521978954443327627e-03
1.335135135135134874e+02 5.671314966702228899e-03
1.336936936936936888e+02 5.822605604098488909e-03
1.338738738738738903e+02 5.975848834710111544e-03
1.340540540540540633e+02 6.131042597040128883e-03
1.342342342342342363e+02 6.288184799892183353e-03
1.344144144144144093e+02 6.447273322235048433e-03
1.345945945945945823e+02 6.608306013069117392e-03
1.347747747747747553e+02 6.771280691286049418e-03
1.349549549549549567e+02 6.936195145524418071e-03
1.351351351351351298e+02 7.103047134024626820e-03
1.353153153153153028e+02 7.271834384476262049e-03
1.354954954954954758e+02 7.442554593863043473e-03
1.356756756756756488e+02 7.615205428304644246e-03
1.358558558558558218e+02 7.789784522891967690e-03
1.360360360360360232e+02 7.966289481519870513e-03
1.362162162162162247e+02 8.144717876714651500e-03
1.363963963963963977e+02 8.325067249457179103e-03
1.365765765765765707e+02 8.507335108999966589e-03
1.367567567567567437e+02 8.691518932680842788e-03
1.369369369369369451e+02 8.877616165733629577e-03
1.371171171171171181e+02 9.065624221086312010e-03
1.372972972972972912e+02 9.255540479163054321e-03
1.374774774774774642e+02 9.447362287675021772e-03
1.376576576576576656e+02 9.641086961405453612e-03
1.378378378378378102e+02 9.836711781992761930e-03
1.380180180180180116e+02 1.003423399770439484e-02
1.381981981981981846e+02 1.023365082320619977e-02
1.383783783783783576e+02 1.043495943932238462e-02
1.385585585585585591e+02 1.063815699279548228e-02
1.387387387387387321e+02 1.084324059603308625e-02
1.389189189189189335e+02 1.105020732684954508e-02
1.390990990990990781e+02 1.125905422820316394e-02
1.392792792792792795e+02 1.146977830792415311e-02
1.394594594594594525e+02 1.168237653843327666e-02
1.396396396396396540e+02 1.189684585645735260e-02
1.398198198198197986e+02 1.211318316273138525e-02
1.400000000000000000e+02 1.233138532169749009e-02
1.401801801801801730e+02 1.255144916119231395e-02
1.403603603603603460e+02 1.277337147212624126e-02
1.405405405405405190e+02 1.299714900815401863e-02
1.407207207207207205e+02 1.322277848533772934e-02
1.409009009009008935e+02 1.345025658179624384e-02
1.410810810810810665e+02 1.367957993734833337e-02
1.412612612612612679e+02 1.391074515314683936e-02
1.414414414414414125e+02 1.414374879129610615e-02
1.416216216216216139e+02 1.437858737446570147e-02
1.418018018018017870e+02 1.461525738548972997e-02
1.419819819819819884e+02 1.485375526695509839e-02
1.421621621621621330e+02 1.509407742077658807e-02
1.423423423423423344e+02 1.533622020776460870e-02
1.425225225225225074e+02 1.558017994717422749e-02
1.427027027027027088e+02 1.582595291624416811e-02
1.428828828828828534e+02 1.607353534972431885e-02
1.430630630630630549e+02 1.632292343938627696e-02
1.432432432432432279e+02 1.657411333352152780e-02
1.434234234234234009e+02 1.682710113642289784e-02
1.436036036036036023e+02 1.708188290785500607e-02
1.437837837837837753e+02 1.733845466250392292e-02
1.439639639639639483e+02 1.759681236941516499e-02
1.441441441441441214e+02 1.785695195141099104e-02
1.443243243243243228e+02 1.811886928449352868e-02
1.445045045045044674e+02 1.838256019722983928e-02
1.446846846846846688e+02 1.864802047011526395e-02
1.448648648648648418e+02 1.891524583492339845e-02
1.450450450450450433e+02 1.918423197403081037e-02
1.452252252252251878e+02 1.945497451972387146e-02
1.454054054054054177e+02 1.972746905348600477e-02
1.455855855855855907e+02 2.000171110526179422e-02
1.457657657657657637e+02 2.027769615269564563e-02
1.459459459459459367e+02 2.055541962035449186e-02
1.461261261261261097e+02 2.083487687891732651e-02
1.463063063063063112e+02 2.111606324434918067e-02
1.464864864864864842e+02 2.139897397704219884e-02
1.466666666666666572e+02 2.168360428093167591e-02
1.468468468468468302e+02 2.196994930258797107e-02
1.470270270270270032e+02 2.225800413027680807e-02
1.472072072072071762e+02 2.254776379298882236e-02
1.473873873873873777e+02 2.283922325944334406e-02
1.475675675675675507e+02 2.313237743705316707e-02
1.477477477477477521e+02 2.342722117086498690e-02
1.479279279279279251e+02 2.372374924245925637e-02
1.481081081081080981e+02 2.402195636881733487e-02
1.482882882882882996e+02 2.432183720115218412e-02
1.484684684684684726e+02 2.462338632370106653e-02
1.486486486486486456e+02 2.492659825247788008e-02
1.488288288288288186e+02 2.523146743398699265e-02
1.490090090090089916e+02 2.553798824389210895e-02
1.491891891891891646e+02 2.584615498564432970e-02
1.493693693693693660e+02 2.615596188906270034e-02
1.495495495495495391e+02 2.646740310886716227e-02
1.497297297297297121e+02 2.678047272316566585e-02
1.499099099099098851e+02 2.709516473188732649e-02
1.500900900900900581e+02 2.741147305516481586e-02
1.502702702702702879e+02 2.772939153166048554e-02
1.504504504504504325e+02 2.804891391683782612e-02
1.506306306306306340e+02 2.837003388117216585e-02
1.508108108108108070e+02 2.869274500830100091e-02
1.509909909909909800e+02 2.901704079310962400e-02
1.511711711711711530e+02 2.934291463975280748e-02
1.513513513513513544e+02 2.967035985960495698e-02
1.515315315315315274e+02 2.999936966914144160e-02
1.517117117117117004e+02 3.032993718774389461e-02
1.518918918918918735e+02 3.066205543542881162e-02
1.520720720720720465e+02 3.099571733049553968e-02
1.522522522522522479e+02 3.133091568709147484e-02
1.524324324324324209e+02 3.166764321268971533e-02
1.526126126126126223e+02 3.200589250547693221e-02
1.527927927927927669e+02 3.234565605164450158e-02
1.529729729729729684e+02 3.268692622258601022e-02
1.531531531531531414e+02 3.302969527198885979e-02
1.533333333333333428e+02 3.337395533282054572e-02
1.535135135135134874e+02 3.371969841420652952e-02
1.536936936936936888e+02 3.406691639818831135e-02
1.538738738738738618e+02 3.441560103636511631e-02
1.540540540540540633e+02 3.476574394640994520e-02
1.542342342342342079e+02 3.511733660845098998e-02
1.544144144144144093e+02 3.547037036132299342e-02
1.545945945945945823e+02 3.582483639867073411e-02
1.547747747747747553e+02 3.618072576491013909e-02
1.549549549549549567e+02 3.653802935102727634e-02
1.551351351351351298e+02 3.689673789022573230e-02
1.553153153153153028e+02 3.725684195339585419e-02
1.554954954954954758e+02 3.761833194441586981e-02
1.556756756756756772e+02 3.798119809526404739e-02
1.558558558558558218e+02 3.834543046094403967e-02
1.560360360360360232e+02 3.871101891420455215e-02
1.562162162162161962e+02 3.907795314005614584e-02
1.563963963963963977e+02 3.944622263006310192e-02
1.565765765765765423e+02 3.981581667641217320e-02
1.567567567567567437e+02 4.018672436573925144e-02
1.569369369369369451e+02 4.055893457270701857e-02
1.571171171171171181e+02 4.093243595332154289e-02
1.572972972972972912e+02 4.130721693797613503e-02
1.574774774774774642e+02 4.168326572420803788e-02
1.576576576576576372e+02 4.206057026915643177e-02
1.578378378378378102e+02 4.243911828170825185e-02
1.580180180180180116e+02 4.281889721431362400e-02
1.581981981981981846e+02 4.319989425445958098e-02
1.583783783783783576e+02 4.358209631578471854e-02
1.585585585585585306e+02 4.396549002881244145e-02
1.587387387387387321e+02 4.435006173129731749e-02
1.589189189189188767e+02 4.473579745814718761e-02
1.590990990990991065e+02 4.512268293092090016e-02
1.592792792792792795e+02 4.551070354686389402e-02
1.594594594594594525e+02 4.589984436746973040e-02
1.596396396396396256e+02 4.629009010654097644e-02
1.598198198198197986e+02 4.668142511772326031e-02
1.600000000000000000e+02 4.707383338148930091e-02
1.601801801801801730e+02 4.746729849154301961e-02
1.603603603603603460e+02 4.786180364061708853e-02
1.605405405405405190e+02 4.825733160563234342e-02
1.607207207207207205e+02 4.865386473218715618e-02
1.609009009009008935e+02 4.905138491834216269e-02
1.610810810810810665e+02 4.944987359766792739e-02
1.612612612612612395e+02 4.984931172151188528e-02
1.614414414414414125e+02 5.024967974045246172e-02
1.616216216216216424e+02 5.065095758489175648e-02
1.618018018018017870e+02 5.105312464474717760e-02
1.619819819819819884e+02 5.145615974819398725e-02
1.621621621621621614e+02 5.186004113940844568e-02
1.623423423423423344e+02 5.226474645526314050e-02
1.625225225225225074e+02 5.267025270091494488e-02
1.627027027027027088e+02 5.307653622423342404e-02
1.628828828828828819e+02 5.348357268900415934e-02
1.630630630630630264e+02 5.389133704684862664e-02
1.632432432432432279e+02 5.429980350778422504e-02
1.634234234234234009e+02 5.470894550936364342e-02
1.636036036036036023e+02 5.511873568431110287e-02
1.637837837837837753e+02 5.552914582657762776e-02
1.639639639639639768e+02 5.594014685573511086e-02
1.641441441441441214e+02 5.635170877961923064e-02
1.643243243243243228e+02 5.676380065512556111e-02
1.645045045045044958e+02 5.717639054706948748e-02
1.646846846846846688e+02 5.758944548499757288e-02
1.648648648648648418e+02 5.800293141785035911e-02
1.650450450450450433e+02 5.841681316636267163e-02
1.652252252252252163e+02 5.883105437307501601e-02
1.654054054054054177e+02 5.924561744984038758e-02
1.655855855855855623e+02 5.966046352269252506e-02
1.657657657657657353e+02 6.007555237393375630e-02
1.659459459459459367e+02 6.049084238130671143e-02
1.661261261261261097e+02 6.090629045409195336e-02
1.663063063063063112e+02 6.132185196598042426e-02
1.664864864864864842e+02 6.173748068455529869e-02
1.666666666666666572e+02 6.215312869721126288e-02
1.668468468468468302e+02 6.256874633333564528e-02
1.670270270270270316e+02 6.298428208256888483e-02
1.672072072072071762e+02 6.339968250895476609e-02
1.673873873873873777e+02 6.381489216078151117e-02
1.675675675675675507e+02 6.422985347591475547e-02
1.677477477477477521e+02 6.464450668241891740e-02
1.679279279279278967e+02 6.505878969425085701e-02
1.681081081081081265e+02 6.547263800181653270e-02
1.682882882882882711e+02 6.588598455717370461e-02
1.684684684684684441e+02 6.629875965366474611e-02
1.686486486486486456e+02 6.671089079976418035e-02
1.688288288288288186e+02 6.712230258692916673e-02
1.690090090090089916e+02 6.753291655125115422e-02
1.691891891891891930e+02 6.794265102870478135e-02
1.693693693693693660e+02 6.835142100381685903e-02
1.695495495495495106e+02 6.875913795158598851e-02
1.697297297297297121e+02 6.916570967250776358e-02
1.699099099099098851e+02 6.957104012058529241e-02
1.700900900900900865e+02 6.997502922424650440e-02
1.702702702702702595e+02 7.037757270012241773e-02
1.704504504504504609e+02 7.077856185969591540e-02
1.706306306306306055e+02 7.117788340889047438e-02
1.708108108108107785e+02 7.157541924074385664e-02
1.709909909909910084e+02 7.197104622138851548e-02
1.711711711711711530e+02 7.236463596966603851e-02
1.713513513513513260e+02 7.275605463082511493e-02
1.715315315315315274e+02 7.314516264487108677e-02
1.717117117117117004e+02 7.353181451030792182e-02
1.718918918918919019e+02 7.391585854417746793e-02
1.720720720720720749e+02 7.429713663951703628e-02
1.722522522522522195e+02 7.467548402156994058e-02
1.724324324324324209e+02 7.505072900436433880e-02
1.726126126126125939e+02 7.542269274953822267e-02
1.727927927927927669e+02 7.579118902964764037e-02
1.729729729729729684e+02 7.615602399851871540e-02
1.731531531531531414e+02 7.651699597162656130e-02
1.733333333333333428e+02 7.687389521989723695e-02
1.735135135135134874e+02 7.722650378080361810e-02
1.736936936936937173e+02 7.757459529112278873e-02
1.738738738738738618e+02 7.791793484624905120e-02
1.740540540540540349e+02 7.825627889151415273e-02
1.742342342342342363e+02 7.858937515152811248e-02
1.744144144144144093e+02 7.891696260414614306e-02
1.745945945945945539e+02 7.923877150620299570e-02
1.747747747747747837e+02 7.955452347874000796e-02
1.749549549549549283e+02 7.986393165990496312e-02
1.751351351351351013e+02 8.016670093416221332e-02
1.753153153153153028e+02 8.046252824674510196e-02
1.754954954954954758e+02 8.075110301249070754e-02
1.756756756756756772e+02 8.103210762818978397e-02
1.758558558558558502e+02 8.130521809739420236e-02
1.760360360360360517e+02 8.157010477614388966e-02
1.762162162162161962e+02 8.182643324731495027e-02
1.763963963963963693e+02 8.207386533016575170e-02
1.765765765765765707e+02 8.231206023015090467e-02
1.767567567567567437e+02 8.254067583214043380e-02
1.769369369369369167e+02 8.275937013782888596e-02
1.771171171171171181e+02 8.296780284529192695e-02
1.772972972972972627e+02 8.316563706542012824e-02
1.774774774774774357e+02 8.335254116632724586e-02
1.776576576576576656e+02 8.352819073288558771e-02
1.778378378378378102e+02 8.369227062435563580e-02
1.780180180180180116e+02 8.384447710882304838e-02
1.781981981981981846e+02 8.398452004892636991e-02
1.783783783783783861e+02 8.411212510940264953e-02
1.785585585585585306e+02 8.422703595343837557e-02
1.787387387387387321e+02 8.432901639194462229e-02
1.789189189189189051e+02 8.441785244783146791e-02
1.790990990990990781e+02 8.449335429638157868e-02
1.792792792792792511e+02 8.455535804300579050e-02
1.794594594594594525e+02 8.460372730115227335e-02
1.796396396396395971e+02 8.463835453596738057e-02
1.798198198198198270e+02 8.465916214340557522e-02
1.800000000000000000e+02 8.466610323982075303e-02
