Theta (degrees)	Normalized Energy
0.000000000000000000e+00 2.910363945489087256e-16
7.207207207207206867e-01 1.622896905004058403e-05
1.441441441441441373e+00 6.491257283158350939e-05
2.162162162162161838e+00 1.460408992203366513e-04
2.882882882882882747e+00 2.595974212464307240e-04
3.603603603603603212e+00 4.055589868812246716e-04
4.324324324324323676e+00 5.838958046152154576e-04
5.045045045045044141e+00 7.945714246789872814e-04
5.765765765765765494e+00 1.037542715736144202e-03
6.486486486486486847e+00 1.312759836841953303e-03
7.207207207207206423e+00 1.620166204377536086e-03
7.927927927927927776e+00 1.959698453672863334e-03
8.648648648648647352e+00 2.331286394929656808e-03
9.369369369369367817e+00 2.734852963034637569e-03
1.009009009009008828e+01 3.170314160757661121e-03
1.081081081081081052e+01 3.637578994795523553e-03
1.153153153153153099e+01 4.136549404002023457e-03
1.225225225225224968e+01 4.667120179099389261e-03
1.297297297297297369e+01 5.229178873042484785e-03
1.369369369369369238e+01 5.822605701105876275e-03
1.441441441441441285e+01 6.447273429648770447e-03
1.513513513513513331e+01 7.103047252364522862e-03
1.585585585585585555e+01 7.789784652672958332e-03
1.657657657657657424e+01 8.507335250735629725e-03
1.729729729729729470e+01 9.255540633364036165e-03
1.801801801801801517e+01 1.003423416487929723e-02
1.873873873873873563e+01 1.084324077668584463e-02
1.945945945945945965e+01 1.168237673306607612e-02
2.018018018018017656e+01 1.255144937030463863e-02
2.090090090090089703e+01 1.345025680588268595e-02
2.162162162162162105e+01 1.437858761401893289e-02
2.234234234234234151e+01 1.533622046327172243e-02
2.306306306306306197e+01 1.632292371133275966e-02
2.378378378378378244e+01 1.733845495136991308e-02
2.450450450450449935e+01 1.838256050349052623e-02
2.522522522522522337e+01 1.945497484385139836e-02
2.594594594594594739e+01 2.055541996281600933e-02
2.666666666666666430e+01 2.168360464218889797e-02
2.738738738738738476e+01 2.283922363995391849e-02
2.810810810810810878e+01 2.402195676903248756e-02
2.882882882882882569e+01 2.523146785435350856e-02
2.954954954954954971e+01 2.646740354982426296e-02
3.027027027027026662e+01 2.772939199364310089e-02
3.099099099099098709e+01 2.901704127654482906e-02
3.171171171171171110e+01 3.032993769305246737e-02
3.243243243243242802e+01 3.166764374028527979e-02
3.315315315315314848e+01 3.302969582227638368e-02
3.387387387387386894e+01 3.441560160974301702e-02
3.459459459459458941e+01 3.582483699552668766e-02
3.531531531531531698e+01 3.725684257410950134e-02
3.603603603603603034e+01 3.871101955914542370e-02
3.675675675675675080e+01 4.018672503526559553e-02
3.747747747747747127e+01 4.168326641866770821e-02
3.819819819819819173e+01 4.319989497418701835e-02
3.891891891891891930e+01 4.473579820346293423e-02
3.963963963963963266e+01 4.629009087775184245e-02
4.036036036036035313e+01 4.786180443801396622e-02
4.108108108108108070e+01 4.944987442152187079e-02
4.180180180180179406e+01 5.105312549531197674e-02
4.252252252252252163e+01 5.267025357842172739e-02
4.324324324324324209e+01 5.429980441244025569e-02
4.396396396396396256e+01 5.594014778771960739e-02
4.468468468468468302e+01 5.758944644446017253e-02
4.540540540540539638e+01 5.924561843689574864e-02
4.612612612612612395e+01 6.090629146881404443e-02
4.684684684684684441e+01 6.256874737575482404e-02
4.756756756756756488e+01 6.422985454600942112e-02
4.828828828828829245e+01 6.588598565485964675e-02
4.900900900900899870e+01 6.753291767637592535e-02
4.972972972972972627e+01 6.916571082483499722e-02
5.045045045045044674e+01 7.077856303889440426e-02
5.117117117117116720e+01 7.236463717528893169e-02
5.189189189189189477e+01 7.391585977564431309e-02
5.261261261261261524e+01 7.542269400610975005e-02
5.333333333333332860e+01 7.687389650064635482e-02
5.405405405405404906e+01 7.825628019529409785e-02
5.477477477477476953e+01 7.955452480414942906e-02
5.549549549549549710e+01 8.075110435783511287e-02
5.621621621621621756e+01 8.182643461057484413e-02
5.693693693693693092e+01 8.275937151663201319e-02
5.765765765765765138e+01 8.352819212449792696e-02
5.837837837837837185e+01 8.411212651074342905e-02
5.909909909909909942e+01 8.449335570407399965e-02
5.981981981981981988e+01 8.465916355386027270e-02
6.054054054054053324e+01 8.460372871068304323e-02
6.126126126126126081e+01 8.432901779689844224e-02
6.198198198198197417e+01 8.384447850570449223e-02
6.270270270270270174e+01 8.316563845099153585e-02
6.342342342342342221e+01 8.231206160150189577e-02
6.414414414414414978e+01 8.130521945197044520e-02
6.486486486486485603e+01 8.016670226977047620e-02
6.558558558558557650e+01 7.891696391893304741e-02
6.630630630630629696e+01 7.757459658354570742e-02
6.702702702702703164e+01 7.615602526730730348e-02
6.774774774774773789e+01 7.467548526569238454e-02
6.846846846846847257e+01 7.314516386349792509e-02
6.918918918918917882e+01 7.157542043321808711e-02
6.990990990990989928e+01 6.997503039005775749e-02
7.063063063063063396e+01 6.835142214257765303e-02
7.135135135135135442e+01 6.671089191119287942e-02
7.207207207207206068e+01 6.505879077815557299e-02
7.279279279279279535e+01 6.339968356521810677e-02
7.351351351351350161e+01 6.173748171312556238e-02
7.423423423423423628e+01 6.007555337481579327e-02
7.495495495495494254e+01 5.841681413960939095e-02
7.567567567567567721e+01 5.676380160083244891e-02
7.639639639639638347e+01 5.511873660261028263e-02
7.711711711711710393e+01 5.348357358006102652e-02
7.783783783783783861e+01 5.186004200341671339e-02
7.855855855855855907e+01 5.024968057763126716e-02
7.927927927927926532e+01 4.865386554277913167e-02
8.000000000000000000e+01 4.707383416575763174e-02
8.072072072072070625e+01 4.551070430508958459e-02
8.144144144144144093e+01 4.396549076129456501e-02
8.216216216216216139e+01 4.243911898876042560e-02
8.288288288288286765e+01 4.093243663527158099e-02
8.360360360360358811e+01 3.944622328725217592e-02
8.432432432432432279e+01 3.798119872804545799e-02
8.504504504504504325e+01 3.653802995976457302e-02
8.576576576576576372e+01 3.511733719351935179e-02
8.648648648648648418e+01 3.371969897598940669e-02
8.720720720720720465e+01 3.234565659053566244e-02
8.792792792792792511e+01 3.099571784689568454e-02
8.864864864864863137e+01 2.967036035392449367e-02
8.936936936936936604e+01 2.837003435382805597e-02
9.009009009009007229e+01 2.709516518330281828e-02
9.081081081081079276e+01 2.584615541625112298e-02
9.153153153153152743e+01 2.462338673393620406e-02
9.225225225225224790e+01 2.342722156117125684e-02
9.297297297297296836e+01 2.225800450110361137e-02
9.369369369369368883e+01 2.111606359615073036e-02
9.441441441441440929e+01 2.000171143849765673e-02
9.513513513513512976e+01 1.891524615005854559e-02
9.585585585585585022e+01 1.785695224891433244e-02
9.657657657657658490e+01 1.682710141676851956e-02
9.729729729729727694e+01 1.582595317991042014e-02
9.801801801801799741e+01 1.485375551442379323e-02
9.873873873873873208e+01 1.391074538490505615e-02
9.945945945945945255e+01 1.299714922469136572e-02
1.001801801801801730e+02 1.211318336454180952e-02
1.009009009009008935e+02 1.125905441578332021e-02
1.016216216216216139e+02 1.043495961317280132e-02
1.023423423423423344e+02 9.641087122029354944e-03
1.030630630630630549e+02 8.877616313637882658e-03
1.037837837837837895e+02 8.144718012408534713e-03
1.045045045045044816e+02 7.442554717858829334e-03
1.052252252252252305e+02 6.771280804097787667e-03
1.059459459459459367e+02 6.131042699185178246e-03
1.066666666666666572e+02 5.521979046441211764e-03
1.073873873873873777e+02 4.944220849537494210e-03
1.081081081081080981e+02 4.397891603000437903e-03
1.088288288288288186e+02 3.883107409545056513e-03
1.095495495495495391e+02 3.399977085508650715e-03
1.102702702702702595e+02 2.948602255503261597e-03
1.109909909909909942e+02 2.529077437267987678e-03
1.117117117117116862e+02 2.141490117603072479e-03
1.124324324324324351e+02 1.785920820146459729e-03
1.131531531531531414e+02 1.462443165678935751e-03
1.138738738738738618e+02 1.171123925554918774e-03
1.145945945945945823e+02 9.120230687733753196e-04
1.153153153153153028e+02 6.851938031596892112e-04
1.160360360360360232e+02 4.906826110427211845e-04
1.167567567567567437e+02 3.285292797702661291e-04
1.174774774774774500e+02 1.987669273573626548e-04
1.181981981981981988e+02 1.014220235005763279e-04
1.189189189189189193e+02 3.651440616241738890e-05
1.196396396396396398e+02 4.057293873376414034e-06
1.203603603603603460e+02 4.057293873594691883e-06
1.210810810810810665e+02 3.651440616278118617e-05
1.218018018018017870e+02 1.014220235009401320e-04
1.225225225225225216e+02 1.987669273572899048e-04
1.232432432432432563e+02 3.285292797702661291e-04
1.239639639639639483e+02 4.906826110427939345e-04
1.246846846846846830e+02 6.851938031598347112e-04
1.254054054054054035e+02 9.120230687733753196e-04
1.261261261261261097e+02 1.171123925554918774e-03
1.268468468468468444e+02 1.462443165679299609e-03
1.275675675675675649e+02 1.785920820146459729e-03
1.282882882882882996e+02 2.141490117603217763e-03
1.290090090090089916e+02 2.529077437267914820e-03
1.297297297297297121e+02 2.948602255503261597e-03
1.304504504504504325e+02 3.399977085508504998e-03
1.311711711711711530e+02 3.883107409544765513e-03
1.318918918918919019e+02 4.397891603000728469e-03
1.326126126126125939e+02 4.944220849537712785e-03
1.333333333333333144e+02 5.521979046441503197e-03
1.340540540540540633e+02 6.131042699185541671e-03
1.347747747747747553e+02 6.771280804098078233e-03
1.354954954954954758e+02 7.442554717858757343e-03
1.362162162162162247e+02 8.144718012408680430e-03
1.369369369369369451e+02 8.877616313638028375e-03
1.376576576576576656e+02 9.641087122029573520e-03
1.383783783783783576e+02 1.043495961317272847e-02
1.390990990990990781e+02 1.125905441578324735e-02
1.398198198198197986e+02 1.211318336454159095e-02
1.405405405405405190e+02 1.299714922469143857e-02
1.412612612612612679e+02 1.391074538490512900e-02
1.419819819819819884e+02 1.485375551442430150e-02
1.427027027027027088e+02 1.582595317991056585e-02
1.434234234234234009e+02 1.682710141676881099e-02
1.441441441441441214e+02 1.785695224891462041e-02
1.448648648648648418e+02 1.891524615005861498e-02
1.455855855855855907e+02 2.000171143849794816e-02
1.463063063063063112e+02 2.111606359615087608e-02
1.470270270270270032e+02 2.225800450110368423e-02
1.477477477477477521e+02 2.342722156117147542e-02
1.484684684684684726e+02 2.462338673393613120e-02
1.491891891891891646e+02 2.584615541625119584e-02
1.499099099099098851e+02 2.709516518330318258e-02
1.506306306306306340e+02 2.837003435382783739e-02
1.513513513513513544e+02 2.967036035392456653e-02
1.520720720720720465e+02 3.099571784689612169e-02
1.527927927927927669e+02 3.234565659053559306e-02
1.535135135135134874e+02 3.371969897598969812e-02
1.542342342342342079e+02 3.511733719351935179e-02
1.549549549549549567e+02 3.653802995976493384e-02
1.556756756756756772e+02 3.798119872804545799e-02
1.563963963963963977e+02 3.944622328725239102e-02
1.571171171171171181e+02 4.093243663527172671e-02
1.578378378378378102e+02 4.243911898876034927e-02
1.585585585585585306e+02 4.396549076129448869e-02
1.592792792792792795e+02 4.551070430508979969e-02
1.600000000000000000e+02 4.707383416575756235e-02
1.607207207207207205e+02 4.865386554277935371e-02
1.614414414414414125e+02 5.024968057763155860e-02
1.621621621621621614e+02 5.186004200341678971e-02
1.628828828828828819e+02 5.348357358006117224e-02
1.636036036036036023e+02 5.511873660261057406e-02
1.643243243243243228e+02 5.676380160083244891e-02
1.650450450450450433e+02 5.841681413960939095e-02
1.657657657657657353e+02 6.007555337481571694e-02
1.664864864864864842e+02 6.173748171312563177e-02
1.672072072072071762e+02 6.339968356521803738e-02
1.679279279279278967e+02 6.505879077815550360e-02
1.686486486486486456e+02 6.671089191119346229e-02
1.693693693693693660e+02 6.835142214257801385e-02
1.700900900900900865e+02 6.997503039005761871e-02
1.708108108108107785e+02 7.157542043321808711e-02
1.715315315315315274e+02 7.314516386349785571e-02
1.722522522522522195e+02 7.467548526569245393e-02
1.729729729729729684e+02 7.615602526730759492e-02
1.736936936936937173e+02 7.757459658354562415e-02
1.744144144144144093e+02 7.891696391893333884e-02
1.751351351351351013e+02 8.016670226977054559e-02
1.758558558558558502e+02 8.130521945197066724e-02
1.765765765765765707e+02 8.231206160150175699e-02
1.772972972972972627e+02 8.316563845099189667e-02
1.780180180180180116e+02 8.384447850570456162e-02
1.787387387387387321e+02 8.432901779689873367e-02
1.794594594594594525e+02 8.460372871068318201e-02
1.801801801801801446e+02 8.465916355386013392e-02
1.809009009009008935e+02 8.449335570407422169e-02
1.816216216216215855e+02 8.411212651074342905e-02
1.823423423423423344e+02 8.352819212449756614e-02
1.830630630630630549e+02 8.275937151663194380e-02
1.837837837837837753e+02 8.182643461057534373e-02
1.845045045045044958e+02 8.075110435783547369e-02
1.852252252252251878e+02 7.955452480414922090e-02
1.859459459459459367e+02 7.825628019529395907e-02
1.866666666666666288e+02 7.687389650064628543e-02
1.873873873873873777e+02 7.542269400610959740e-02
1.881081081081081265e+02 7.391585977564460452e-02
1.888288288288288186e+02 7.236463717528884843e-02
1.895495495495495391e+02 7.077856303889440426e-02
1.902702702702702595e+02 6.916571082483558008e-02
1.909909909909909800e+02 6.753291767637614740e-02
1.917117117117117004e+02 6.588598565485986880e-02
1.924324324324324209e+02 6.422985454600906030e-02
1.931531531531531698e+02 6.256874737575504608e-02
1.938738738738738618e+02 6.090629146881441219e-02
1.945945945945945539e+02 5.924561843689538088e-02
1.953153153153153028e+02 5.758944644445981170e-02
1.960360360360359948e+02 5.594014778771975310e-02
1.967567567567567437e+02 5.429980441244003364e-02
1.974774774774774642e+02 5.267025357842143596e-02
1.981981981981981846e+02 5.105312549531197674e-02
1.989189189189189051e+02 4.944987442152216223e-02
1.996396396396395971e+02 4.786180443801316131e-02
2.003603603603603460e+02 4.629009087775198816e-02
2.010810810810810949e+02 4.473579820346314934e-02
2.018018018018017870e+02 4.319989497418658120e-02
2.025225225225225358e+02 4.168326641866727106e-02
2.032432432432432279e+02 4.018672503526602574e-02
2.039639639639639483e+02 3.871101955914520859e-02
2.046846846846846688e+02 3.725684257410950134e-02
2.054054054054054177e+02 3.582483699552654194e-02
2.061261261261261097e+02 3.441560160974265620e-02
2.068468468468468302e+02 3.302969582227623796e-02
2.075675675675675791e+02 3.166764374028513407e-02
2.082882882882882711e+02 3.032993769305239451e-02
2.090090090090089632e+02 2.901704127654490192e-02
2.097297297297297121e+02 2.772939199364295518e-02
2.104504504504504609e+02 2.646740354982455440e-02
2.111711711711711530e+02 2.523146785435307141e-02
2.118918918918918735e+02 2.402195676903226898e-02
2.126126126126125939e+02 2.283922363995369992e-02
2.133333333333333144e+02 2.168360464218904368e-02
2.140540540540540064e+02 2.055541996281542647e-02
2.147747747747747553e+02 1.945497484385117978e-02
2.154954954954955042e+02 1.838256050349038051e-02
2.162162162162161962e+02 1.733845495136940307e-02
2.169369369369369451e+02 1.632292371133239536e-02
2.176576576576576372e+02 1.533622046327208499e-02
2.183783783783783576e+02 1.437858761401842288e-02
2.190990990990990781e+02 1.345025680588239451e-02
2.198198198198198270e+02 1.255144937030434719e-02
2.205405405405405190e+02 1.168237673306643867e-02
2.212612612612612395e+02 1.084324077668548034e-02
2.219819819819819884e+02 1.003423416487835181e-02
2.227027027027026804e+02 9.255540633364036165e-03
2.234234234234233725e+02 8.507335250735265433e-03
2.241441441441441214e+02 7.789784652672376332e-03
2.248648648648648702e+02 7.103047252364013721e-03
2.255855855855855623e+02 6.447273429648915297e-03
2.263063063063062827e+02 5.822605701105730558e-03
2.270270270270270032e+02 5.229178873042266210e-03
2.277477477477477237e+02 4.667120179099316403e-03
2.284684684684684726e+02 4.136549404001295741e-03
2.291891891891891646e+02 3.637578994795232553e-03
2.299099099099099135e+02 3.170314160757661121e-03
2.306306306306306055e+02 2.734852963034055569e-03
2.313513513513513260e+02 2.331286394929802525e-03
2.320720720720720465e+02 1.959698453672572335e-03
2.327927927927927669e+02 1.620166204377608728e-03
2.335135135135134874e+02 1.312759836841880445e-03
2.342342342342342079e+02 1.037542715735707485e-03
2.349549549549548999e+02 7.945714246785506732e-04
2.356756756756756772e+02 5.838958046152882076e-04
2.363963963963963977e+02 4.055589868807153676e-04
2.371171171171171181e+02 2.595974212457031159e-04
2.378378378378378386e+02 1.460408992202639014e-04
2.385585585585585306e+02 6.491257283129248242e-05
2.392792792792792795e+02 1.622896904974954689e-05
2.399999999999999716e+02 1.455181972744543628e-16
2.407207207207206920e+02 1.622896904974954689e-05
2.414414414414414125e+02 6.491257283136523239e-05
2.421621621621621330e+02 1.460408992204094013e-04
2.428828828828828250e+02 2.595974212457031159e-04
2.436036036036035739e+02 4.055589868805698677e-04
2.443243243243242659e+02 5.838958046150699577e-04
2.450450450450450433e+02 7.945714246783324233e-04
2.457657657657657637e+02 1.037542715736071344e-03
2.464864864864865126e+02 1.312759836841516804e-03
2.472072072072072046e+02 1.620166204377608728e-03
2.479279279279278967e+02 1.959698453672281335e-03
2.486486486486486456e+02 2.331286394929583949e-03
2.493693693693693660e+02 2.734852963033764569e-03
2.500900900900900581e+02 3.170314160757515404e-03
2.508108108108108070e+02 3.637578994795232553e-03
2.515315315315314990e+02 4.136549404000859458e-03
2.522522522522522195e+02 4.667120179098879253e-03
2.529729729729729399e+02 5.229178873041757068e-03
2.536936936936936888e+02 5.822605701105511983e-03
2.544144144144144377e+02 6.447273429648770447e-03
2.551351351351351298e+02 7.103047252364232296e-03
2.558558558558558502e+02 7.789784652672740624e-03
2.565765765765765991e+02 8.507335250734901141e-03
2.572972972972972912e+02 9.255540633363817590e-03
2.580180180180179832e+02 1.003423416487871610e-02
2.587387387387387321e+02 1.084324077668533462e-02
2.594594594594594241e+02 1.168237673306607612e-02
2.601801801801801162e+02 1.255144937030420148e-02
2.609009009009008651e+02 1.345025680588261309e-02
2.616216216216215571e+02 1.437858761401820604e-02
2.623423423423423060e+02 1.533622046327150386e-02
2.630630630630630549e+02 1.632292371133203107e-02
2.637837837837838038e+02 1.733845495136889306e-02
2.645045045045044958e+02 1.838256050348987050e-02
2.652252252252251878e+02 1.945497484385081896e-02
2.659459459459459367e+02 2.055541996281549932e-02
2.666666666666666288e+02 2.168360464218853367e-02
2.673873873873873777e+02 2.283922363995333563e-02
2.681081081081081265e+02 2.402195676903205040e-02
2.688288288288288186e+02 2.523146785435285283e-02
2.695495495495495106e+02 2.646740354982389867e-02
2.702702702702702595e+02 2.772939199364302804e-02
2.709909909909909516e+02 2.901704127654446824e-02
2.717117117117116436e+02 3.032993769305181164e-02
2.724324324324324493e+02 3.166764374028476631e-02
2.731531531531531414e+02 3.302969582227587020e-02
2.738738738738738903e+02 3.441560160974251048e-02
2.745945945945945823e+02 3.582483699552639622e-02
2.753153153153153312e+02 3.725684257410927930e-02
2.760360360360360232e+02 3.871101955914491716e-02
2.767567567567567153e+02 4.018672503526537348e-02
2.774774774774774642e+02 4.168326641866727106e-02
2.781981981981981562e+02 4.319989497418628976e-02
2.789189189189189051e+02 4.473579820346278851e-02
2.796396396396395971e+02 4.629009087775147469e-02
2.803603603603603460e+02 4.786180443801330703e-02
2.810810810810810381e+02 4.944987442152150997e-02
2.818018018018017870e+02 5.105312549531124816e-02
2.825225225225225358e+02 5.267025357842158167e-02
2.832432432432432279e+02 5.429980441243974221e-02
2.839639639639639768e+02 5.594014778771931595e-02
2.846846846846846688e+02 5.758944644445988109e-02
2.854054054054054177e+02 5.924561843689487434e-02
2.861261261261261097e+02 6.090629146881397504e-02
2.868468468468468018e+02 6.256874737575468526e-02
2.875675675675675507e+02 6.422985454600869948e-02
2.882882882882882427e+02 6.588598565485936920e-02
2.890090090090089348e+02 6.753291767637556453e-02
2.897297297297296836e+02 6.916571082483492783e-02
2.904504504504503757e+02 7.077856303889418221e-02
2.911711711711711814e+02 7.236463717528877904e-02
2.918918918918918735e+02 7.391585977564410492e-02
2.926126126126126223e+02 7.542269400610901453e-02
2.933333333333333144e+02 7.687389650064591073e-02
2.940540540540540064e+02 7.825628019529387580e-02
2.947747747747747553e+02 7.955452480414892946e-02
2.954954954954955042e+02 8.075110435783518226e-02
2.962162162162161962e+02 8.182643461057484413e-02
2.969369369369369451e+02 8.275937151663194380e-02
2.976576576576576372e+02 8.352819212449741348e-02
2.983783783783783292e+02 8.411212651074299884e-02
2.990990990990990781e+02 8.449335570407399965e-02
2.998198198198197701e+02 8.465916355386034209e-02
3.005405405405405759e+02 8.460372871068340406e-02
3.012612612612612679e+02 8.432901779689859489e-02
3.019819819819819600e+02 8.384447850570471428e-02
3.027027027027027088e+02 8.316563845099146646e-02
3.034234234234234009e+02 8.231206160150175699e-02
3.041441441441440929e+02 8.130521945197087541e-02
3.048648648648648418e+02 8.016670226977054559e-02
3.055855855855855339e+02 7.891696391893340823e-02
3.063063063063062827e+02 7.757459658354591558e-02
3.070270270270269748e+02 7.615602526730803901e-02
3.077477477477477237e+02 7.467548526569267597e-02
3.084684684684684157e+02 7.314516386349814714e-02
3.091891891891891646e+02 7.157542043321851732e-02
3.099099099099099135e+02 6.997503039005782688e-02
3.106306306306306055e+02 6.835142214257801385e-02
3.113513513513513544e+02 6.671089191119330963e-02
3.120720720720720465e+02 6.505879077815564238e-02
3.127927927927927954e+02 6.339968356521824555e-02
3.135135135135134874e+02 6.173748171312592320e-02
3.142342342342342363e+02 6.007555337481593899e-02
3.149549549549549283e+02 5.841681413960989749e-02
3.156756756756756204e+02 5.676380160083259463e-02
3.163963963963963693e+02 5.511873660261078917e-02
3.171171171171170613e+02 5.348357358006160939e-02
3.178378378378377533e+02 5.186004200341708115e-02
3.185585585585585591e+02 5.024968057763191942e-02
3.192792792792792511e+02 4.865386554277956882e-02
3.200000000000000000e+02 4.707383416575842972e-02
3.207207207207206920e+02 4.551070430509002174e-02
3.214414414414414409e+02 4.396549076129500216e-02
3.221621621621621330e+02 4.243911898876042560e-02
3.228828828828828250e+02 4.093243663527216386e-02
3.236036036036035739e+02 3.944622328725246735e-02
3.243243243243243228e+02 3.798119872804640168e-02
3.250450450450450148e+02 3.653802995976566242e-02
3.257657657657657637e+02 3.511733719351957383e-02
3.264864864864864558e+02 3.371969897598969812e-02
3.272072072072072046e+02 3.234565659053617592e-02
3.279279279279279535e+02 3.099571784689583026e-02
3.286486486486486456e+02 2.967036035392522225e-02
3.293693693693693376e+02 2.837003435382849312e-02
3.300900900900900865e+02 2.709516518330340115e-02
3.308108108108108354e+02 2.584615541625148727e-02
3.315315315315314706e+02 2.462338673393656835e-02
3.322522522522522195e+02 2.342722156117169399e-02
3.329729729729729684e+02 2.225800450110368423e-02
3.336936936936936604e+02 2.111606359615145895e-02
3.344144144144143524e+02 2.000171143849823960e-02
3.351351351351351013e+02 1.891524615005919785e-02
3.358558558558557934e+02 1.785695224891469327e-02
3.365765765765765423e+02 1.682710141676873813e-02
3.372972972972972912e+02 1.582595317991034728e-02
3.380180180180179832e+02 1.485375551442401180e-02
3.387387387387387321e+02 1.391074538490556442e-02
3.394594594594594241e+02 1.299714922469165715e-02
3.401801801801801730e+02 1.211318336454180952e-02
3.409009009009009219e+02 1.125905441578390308e-02
3.416216216216215571e+02 1.043495961317338419e-02
3.423423423423423060e+02 9.641087122029573520e-03
3.430630630630630549e+02 8.877616313638319809e-03
3.437837837837838038e+02 8.144718012409188704e-03
3.445045045045044390e+02 7.442554717859266485e-03
3.452252252252251878e+02 6.771280804098296809e-03
3.459459459459459367e+02 6.131042699185614529e-03
3.466666666666666856e+02 5.521979046442085197e-03
3.473873873873874345e+02 4.944220849538294785e-03
3.481081081081080697e+02 4.397891603001165620e-03
3.488288288288288186e+02 3.883107409545202230e-03
3.495495495495495675e+02 3.399977085509087431e-03
3.502702702702702027e+02 2.948602255503988880e-03
3.509909909909909516e+02 2.529077437268860678e-03
3.517117117117117004e+02 2.141490117603508762e-03
3.524324324324323925e+02 1.785920820146605229e-03
3.531531531531531414e+02 1.462443165679954468e-03
3.538738738738738334e+02 1.171123925555209774e-03
3.545945945945945255e+02 9.120230687739573194e-04
3.553153153153153312e+02 6.851938031604168193e-04
3.560360360360360232e+02 4.906826110430122928e-04
3.567567567567567721e+02 3.285292797705571832e-04
3.574774774774774642e+02 1.987669273577992088e-04
3.581981981981981562e+02 1.014220235010856455e-04
3.589189189189189051e+02 3.651440616321774017e-05
3.596396396396396540e+02 4.057293874322283020e-06
3.603603603603602892e+02 4.057293874176764454e-06
3.610810810810810381e+02 3.651440616278118617e-05
3.618018018018017870e+02 1.014220235008673685e-04
3.625225225225224790e+02 1.987669273573626548e-04
3.632432432432431710e+02 3.285292797704116290e-04
3.639639639639639199e+02 4.906826110427939345e-04
3.646846846846846688e+02 6.851938031603440693e-04
3.654054054054054177e+02 9.120230687738845694e-04
3.661261261261261097e+02 1.171123925555355274e-03
3.668468468468468018e+02 1.462443165679445109e-03
3.675675675675675507e+02 1.785920820146532370e-03
3.682882882882882427e+02 2.141490117603581621e-03
3.690090090090089916e+02 2.529077437268642536e-03
3.697297297297297405e+02 2.948602255503625456e-03
3.704504504504503757e+02 3.399977085509378431e-03
3.711711711711711246e+02 3.883107409545347513e-03
3.718918918918918735e+02 4.397891603000655611e-03
3.726126126126125087e+02 4.944220849538149068e-03
3.733333333333332575e+02 5.521979046441939480e-03
3.740540540540540633e+02 6.131042699185905963e-03
3.747747747747747553e+02 6.771280804097932517e-03
3.754954954954955042e+02 7.442554717859120768e-03
3.762162162162162531e+02 8.144718012409261562e-03
3.769369369369368883e+02 8.877616313638465526e-03
3.776576576576576372e+02 9.641087122029864953e-03
3.783783783783783861e+02 1.043495961317287418e-02
3.790990990990990781e+02 1.125905441578332021e-02
3.798198198198197701e+02 1.211318336454217381e-02
3.805405405405405190e+02 1.299714922469158429e-02
3.812612612612612111e+02 1.391074538490556442e-02
3.819819819819819600e+02 1.485375551442415579e-02
3.827027027027027088e+02 1.582595317991034728e-02
3.834234234234234009e+02 1.682710141676895671e-02
3.841441441441441498e+02 1.785695224891447816e-02
3.848648648648648418e+02 1.891524615005890642e-02
3.855855855855855907e+02 2.000171143849823960e-02
3.863063063063063396e+02 2.111606359615109466e-02
3.870270270270269748e+02 2.225800450110397566e-02
3.877477477477477237e+02 2.342722156117125684e-02
3.884684684684684726e+02 2.462338673393642263e-02
3.891891891891891078e+02 2.584615541625134155e-02
3.899099099099098567e+02 2.709516518330310972e-02
3.906306306306306055e+02 2.837003435382834740e-02
3.913513513513512976e+02 2.967036035392449367e-02
3.920720720720719896e+02 3.099571784689604884e-02
3.927927927927927385e+02 3.234565659053551673e-02
3.935135135135134874e+02 3.371969897598984384e-02
3.942342342342342363e+02 3.511733719351971955e-02
3.949549549549549283e+02 3.653802995976515589e-02
3.956756756756756204e+02 3.798119872804611025e-02
3.963963963963963693e+02 3.944622328725217592e-02
3.971171171171170613e+02 4.093243663527172671e-02
3.978378378378378102e+02 4.243911898876034927e-02
3.985585585585585591e+02 4.396549076129485645e-02
3.992792792792791943e+02 4.551070430509009113e-02
3.999999999999999432e+02 4.707383416575748603e-02
4.007207207207206920e+02 4.865386554277891656e-02
4.014414414414414409e+02 5.024968057763148227e-02
4.021621621621621898e+02 5.186004200341671339e-02
4.028828828828828819e+02 5.348357358006168571e-02
4.036036036036035739e+02 5.511873660261057406e-02
4.043243243243243228e+02 5.676380160083259463e-02
4.050450450450450717e+02 5.841681413960960606e-02
4.057657657657657069e+02 6.007555337481557123e-02
4.064864864864864558e+02 6.173748171312548605e-02
4.072072072072072046e+02 6.339968356521817616e-02
4.079279279279278967e+02 6.505879077815593381e-02
4.086486486486485887e+02 6.671089191119339290e-02
4.093693693693693376e+02 6.835142214257808324e-02
4.100900900900900297e+02 6.997503039005782688e-02
4.108108108108108354e+02 7.157542043321844794e-02
4.115315315315315274e+02 7.314516386349806387e-02
4.122522522522522195e+02 7.467548526569260658e-02
4.129729729729729684e+02 7.615602526730766431e-02
4.136936936936936604e+02 7.757459658354620702e-02
4.144144144144144093e+02 7.891696391893290863e-02
4.151351351351351582e+02 8.016670226977032354e-02
4.158558558558557934e+02 8.130521945197109746e-02
4.165765765765765423e+02 8.231206160150146556e-02
4.172972972972972912e+02 8.316563845099182728e-02
4.180180180180179264e+02 8.384447850570427019e-02
4.187387387387386752e+02 8.432901779689852551e-02
4.194594594594594241e+02 8.460372871068318201e-02
4.201801801801801730e+02 8.465916355386020331e-02
4.209009009009009219e+02 8.449335570407386087e-02
4.216216216216215571e+02 8.411212651074306823e-02
4.223423423423423060e+02 8.352819212449756614e-02
4.230630630630630549e+02 8.275937151663186053e-02
4.237837837837837469e+02 8.182643461057506618e-02
4.245045045045044958e+02 8.075110435783533491e-02
4.252252252252251878e+02 7.955452480414884620e-02
4.259459459459458799e+02 7.825628019529395907e-02
4.266666666666666288e+02 7.687389650064635482e-02
4.273873873873873777e+02 7.542269400610952801e-02
4.281081081081080129e+02 7.391585977564439636e-02
4.288288288288287617e+02 7.236463717528877904e-02
4.295495495495495106e+02 7.077856303889411282e-02
4.302702702702702595e+02 6.916571082483506661e-02
4.309909909909910084e+02 6.753291767637563392e-02
4.317117117117116436e+02 6.588598565485964675e-02
4.324324324324323925e+02 6.422985454600892152e-02
4.331531531531531414e+02 6.256874737575489343e-02
4.338738738738738903e+02 6.090629146881412076e-02
4.345945945945945255e+02 5.924561843689538088e-02
4.353153153153152743e+02 5.758944644445973537e-02
4.360360360360360232e+02 5.594014778771946167e-02
4.367567567567567153e+02 5.429980441244003364e-02
4.374774774774774073e+02 5.267025357842180372e-02
4.381981981981981562e+02 5.105312549531168531e-02
4.389189189189189051e+02 4.944987442152201651e-02
4.396396396396396540e+02 4.786180443801338336e-02
4.403603603603603460e+02 4.629009087775162040e-02
4.410810810810810381e+02 4.473579820346293423e-02
4.418018018018017870e+02 4.319989497418665059e-02
4.425225225225224790e+02 4.168326641866727106e-02
4.432432432432432279e+02 4.018672503526574125e-02
4.439639639639639768e+02 3.871101955914491716e-02
4.446846846846846120e+02 3.725684257410920991e-02
4.454054054054053609e+02 3.582483699552639622e-02
4.461261261261261097e+02 3.441560160974257987e-02
4.468468468468467449e+02 3.302969582227623796e-02
4.475675675675676075e+02 3.166764374028484264e-02
4.482882882882882427e+02 3.032993769305195736e-02
4.490090090090089916e+02 2.901704127654468335e-02
4.497297297297297405e+02 2.772939199364310089e-02
4.504504504504503757e+02 2.646740354982411725e-02
4.511711711711711246e+02 2.523146785435285283e-02
4.518918918918918735e+02 2.402195676903219612e-02
4.526126126126125655e+02 2.283922363995369992e-02
4.533333333333333144e+02 2.168360464218867939e-02
4.540540540540540064e+02 2.055541996281535361e-02
4.547747747747746985e+02 1.945497484385117978e-02
4.554954954954954474e+02 1.838256050348994336e-02
4.562162162162161962e+02 1.733845495136918449e-02
4.569369369369369451e+02 1.632292371133224965e-02
4.576576576576576372e+02 1.533622046327186815e-02
4.583783783783783292e+02 1.437858761401849574e-02
4.590990990990990213e+02 1.345025680588246737e-02
4.598198198198198270e+02 1.255144937030434719e-02
4.605405405405404622e+02 1.168237673306622010e-02
4.612612612612612111e+02 1.084324077668548034e-02
4.619819819819820168e+02 1.003423416487835181e-02
4.627027027027026520e+02 9.255540633363817590e-03
4.634234234234234577e+02 8.507335250735192575e-03
4.641441441441440929e+02 7.789784652672449190e-03
4.648648648648648418e+02 7.103047252364013721e-03
4.655855855855855339e+02 6.447273429648697589e-03
4.663063063063063396e+02 5.822605701105511983e-03
4.670270270270269748e+02 5.229178873042048502e-03
4.677477477477477237e+02 4.667120179098952111e-03
4.684684684684684157e+02 4.136549404001368599e-03
4.691891891891891646e+02 3.637578994795159695e-03
4.699099099099097998e+02 3.170314160757515404e-03
4.706306306306306055e+02 2.734852963033764569e-03
4.713513513513513544e+02 2.331286394929292950e-03
4.720720720720720465e+02 1.959698453672717618e-03
4.727927927927927954e+02 1.620166204377536086e-03
4.735135135135134306e+02 1.312759836841953303e-03
4.742342342342342363e+02 1.037542715736216844e-03
4.749549549549549283e+02 7.945714246784051733e-04
4.756756756756756772e+02 5.838958046149972077e-04
4.763963963963963124e+02 4.055589868807153676e-04
4.771171171171170613e+02 2.595974212459214200e-04
4.778378378378377533e+02 1.460408992202639014e-04
4.785585585585585591e+02 6.491257283114695539e-05
4.792792792792792511e+02 1.622896904996782390e-05
4.799999999999999432e+02 2.182772959116815565e-16
4.807207207207206920e+02 1.622896905004058403e-05
4.814414414414413841e+02 6.491257283136523239e-05
4.821621621621621898e+02 1.460408992203366513e-04
4.828828828828828250e+02 2.595974212459941700e-04
4.836036036036035739e+02 4.055589868809336717e-04
4.843243243243242659e+02 5.838958046151427076e-04
4.850450450450450148e+02 7.945714246787690315e-04
4.857657657657656500e+02 1.037542715736362343e-03
4.864864864864864558e+02 1.312759836841807803e-03
4.872072072072071478e+02 1.620166204377245086e-03
4.879279279279278967e+02 1.959698453672499476e-03
4.886486486486485319e+02 2.331286394929365808e-03
4.893693693693692808e+02 2.734852963034273710e-03
4.900900900900900865e+02 3.170314160757515404e-03
4.908108108108107785e+02 3.637578994795305411e-03
4.915315315315315274e+02 4.136549404001368599e-03
4.922522522522521626e+02 4.667120179098661545e-03
4.929729729729730252e+02 5.229178873042411926e-03
4.936936936936936036e+02 5.822605701105511983e-03
4.944144144144144093e+02 6.447273429648406155e-03
4.951351351351351013e+02 7.103047252364086579e-03
4.958558558558557934e+02 7.789784652672522049e-03
4.965765765765764854e+02 8.507335250735265433e-03
4.972972972972972912e+02 9.255540633363963307e-03
4.980180180180179832e+02 1.003423416487849752e-02
4.987387387387387321e+02 1.084324077668569891e-02
4.994594594594594241e+02 1.168237673306629296e-02
5.001801801801801162e+02 1.255144937030442005e-02
5.009009009009009219e+02 1.345025680588268595e-02
5.016216216216216139e+02 1.437858761401827890e-02
5.023423423423423628e+02 1.533622046327186815e-02
5.030630630630629980e+02 1.632292371133224965e-02
5.037837837837837469e+02 1.733845495136947593e-02
5.045045045045044390e+02 1.838256050349023479e-02
5.052252252252252447e+02 1.945497484385096468e-02
5.059459459459458799e+02 2.055541996281535361e-02
5.066666666666666288e+02 2.168360464218882511e-02
5.073873873873873777e+02 2.283922363995362706e-02
5.081081081081080697e+02 2.402195676903234184e-02
5.088288288288288754e+02 2.523146785435292569e-02
5.095495495495495106e+02 2.646740354982426296e-02
5.102702702702702595e+02 2.772939199364288232e-02
5.109909909909909516e+02 2.901704127654461049e-02
5.117117117117117004e+02 3.032993769305224879e-02
5.124324324324323925e+02 3.166764374028469692e-02
5.131531531531531982e+02 3.302969582227594653e-02
5.138738738738737766e+02 3.441560160974251048e-02
5.145945945945945823e+02 3.582483699552646561e-02
5.153153153153152743e+02 3.725684257410920991e-02
5.160360360360359664e+02 3.871101955914499348e-02
5.167567567567567721e+02 4.018672503526581063e-02
5.174774774774774642e+02 4.168326641866727106e-02
5.181981981981981562e+02 4.319989497418650487e-02
5.189189189189188482e+02 4.473579820346285790e-02
5.196396396396396540e+02 4.629009087775176612e-02
5.203603603603602323e+02 4.786180443801309192e-02
5.210810810810810381e+02 4.944987442152187079e-02
5.218018018018017301e+02 5.105312549531190736e-02
5.225225225225225358e+02 5.267025357842143596e-02
5.232432432432431142e+02 5.429980441243996425e-02
5.239639639639639199e+02 5.594014778771939228e-02
5.246846846846846120e+02 5.758944644445981170e-02
5.254054054054054177e+02 5.924561843689508944e-02
5.261261261261261097e+02 6.090629146881433587e-02
5.268468468468468018e+02 6.256874737575460199e-02
5.275675675675676075e+02 6.422985454600883826e-02
5.282882882882882996e+02 6.588598565485943859e-02
5.290090090090089916e+02 6.753291767637563392e-02
5.297297297297296836e+02 6.916571082483506661e-02
5.304504504504503757e+02 7.077856303889411282e-02
5.311711711711710677e+02 7.236463717528864026e-02
5.318918918918918735e+02 7.391585977564417431e-02
5.326126126126125655e+02 7.542269400610916719e-02
5.333333333333332575e+02 7.687389650064620217e-02
5.340540540540539496e+02 7.825628019529373702e-02
5.347747747747747553e+02 7.955452480414906824e-02
5.354954954954955610e+02 8.075110435783540430e-02
5.362162162162162531e+02 8.182643461057491352e-02
5.369369369369369451e+02 8.275937151663201319e-02
5.376576576576576372e+02 8.352819212449756614e-02
5.383783783783783292e+02 8.411212651074320701e-02
5.390990990990990213e+02 8.449335570407415230e-02
5.398198198198198270e+02 8.465916355386005065e-02
5.405405405405405190e+02 8.460372871068333467e-02
5.412612612612612111e+02 8.432901779689866428e-02
5.419819819819819031e+02 8.384447850570485306e-02
5.427027027027025952e+02 8.316563845099175789e-02
5.434234234234232872e+02 8.231206160150182638e-02
5.441441441441440929e+02 8.130521945197087541e-02
5.448648648648648987e+02 8.016670226977054559e-02
5.455855855855855907e+02 7.891696391893356088e-02
5.463063063063062827e+02 7.757459658354570742e-02
5.470270270270269748e+02 7.615602526730774757e-02
5.477477477477477805e+02 7.467548526569245393e-02
5.484684684684684726e+02 7.314516386349814714e-02
5.491891891891891646e+02 7.157542043321851732e-02
5.499099099099098567e+02 6.997503039005827097e-02
5.506306306306306624e+02 6.835142214257794446e-02
5.513513513513512407e+02 6.671089191119346229e-02
5.520720720720720465e+02 6.505879077815572564e-02
5.527927927927927385e+02 6.339968356521853698e-02
5.535135135135134306e+02 6.173748171312592320e-02
5.542342342342342363e+02 6.007555337481579327e-02
5.549549549549549283e+02 5.841681413960968239e-02
5.556756756756757341e+02 5.676380160083274035e-02
5.563963963963963124e+02 5.511873660261101121e-02
5.571171171171171181e+02 5.348357358006146367e-02
5.578378378378378102e+02 5.186004200341722686e-02
5.585585585585586159e+02 5.024968057763155860e-02
5.592792792792791943e+02 4.865386554277964515e-02
5.600000000000000000e+02 4.707383416575799950e-02
5.607207207207206920e+02 4.551070430509009113e-02
5.614414414414413841e+02 4.396549076129492584e-02
5.621621621621620761e+02 4.243911898876071703e-02
5.628828828828828819e+02 4.093243663527201814e-02
5.636036036036035739e+02 3.944622328725224530e-02
5.643243243243242659e+02 3.798119872804618657e-02
5.650450450450450717e+02 3.653802995976478812e-02
5.657657657657656500e+02 3.511733719351964322e-02
5.664864864864864558e+02 3.371969897598955240e-02
5.672072072072071478e+02 3.234565659053551673e-02
5.679279279279279535e+02 3.099571784689604884e-02
5.686486486486485319e+02 2.967036035392434795e-02
5.693693693693693376e+02 2.837003435382812883e-02
5.700900900900900297e+02 2.709516518330391116e-02
5.708108108108108354e+02 2.584615541625141441e-02
5.715315315315314137e+02 2.462338673393656835e-02
5.722522522522522195e+02 2.342722156117169399e-02
5.729729729729729115e+02 2.225800450110412138e-02
5.736936936936936036e+02 2.111606359615109466e-02
5.744144144144144093e+02 2.000171143849787531e-02
5.751351351351351013e+02 1.891524615005876070e-02
5.758558558558557934e+02 1.785695224891462041e-02
5.765765765765764854e+02 1.682710141676888385e-02
5.772972972972972912e+02 1.582595317991078443e-02
5.780180180180178695e+02 1.485375551442401180e-02
5.787387387387386752e+02 1.391074538490505615e-02
5.794594594594593673e+02 1.299714922469143857e-02
5.801801801801801730e+02 1.211318336454217381e-02
5.809009009009007514e+02 1.125905441578353879e-02
5.816216216216216708e+02 1.043495961317294704e-02
5.823423423423423628e+02 9.641087122029500661e-03
5.830630630630630549e+02 8.877616313638028375e-03
5.837837837837837469e+02 8.144718012409042987e-03
5.845045045045044390e+02 7.442554717859047909e-03
5.852252252252252447e+02 6.771280804098078233e-03
5.859459459459459367e+02 6.131042699185833104e-03
5.866666666666666288e+02 5.521979046441720905e-03
5.873873873873873208e+02 4.944220849537567068e-03
5.881081081081080129e+02 4.397891603000655611e-03
5.888288288288287049e+02 3.883107409545347513e-03
5.895495495495495106e+02 3.399977085508723573e-03
5.902702702702702027e+02 2.948602255503479739e-03
5.909909909909910084e+02 2.529077437267914820e-03
5.917117117117117004e+02 2.141490117603217763e-03
5.924324324324323925e+02 1.785920820146677870e-03
5.931531531531531982e+02 1.462443165679154109e-03
5.938738738738738903e+02 1.171123925554918774e-03
5.945945945945945823e+02 9.120230687734480696e-04
5.953153153153152743e+02 6.851938031599074611e-04
5.960360360360359664e+02 4.906826110428667929e-04
5.967567567567566584e+02 3.285292797704843790e-04
5.974774774774774642e+02 1.987669273570716278e-04
5.981981981981981562e+02 1.014220235007218414e-04
5.989189189189188482e+02 3.651440616263567268e-05
5.996396396396395403e+02 4.057293873594691883e-06
6.003603603603602323e+02 4.057293873667450319e-06
6.010810810810811518e+02 3.651440616234463216e-05
6.018018018018017301e+02 1.014220235005763279e-04
6.025225225225225358e+02 1.987669273573626548e-04
6.032432432432432279e+02 3.285292797701933791e-04
6.039639639639639199e+02 4.906826110424301847e-04
6.046846846846846120e+02 6.851938031597619612e-04
6.054054054054054177e+02 9.120230687730114614e-04
6.061261261261261097e+02 1.171123925554991415e-03
6.068468468468468018e+02 1.462443165679372251e-03
6.075675675675674938e+02 1.785920820146314229e-03
6.082882882882881859e+02 2.141490117603072479e-03
6.090090090090089916e+02 2.529077437267769103e-03
6.097297297297296836e+02 2.948602255502970598e-03
6.104504504504504894e+02 3.399977085508941715e-03
6.111711711711710677e+02 3.883107409544983655e-03
6.118918918918918735e+02 4.397891603000510762e-03
6.126126126126125655e+02 4.944220849537931360e-03
6.133333333333333712e+02 5.521979046441357480e-03
6.140540540540539496e+02 6.131042699185760246e-03
6.147747747747747553e+02 6.771280804097932517e-03
6.154954954954954474e+02 7.442554717858684485e-03
6.162162162162162531e+02 8.144718012408824412e-03
6.169369369369368314e+02 8.877616313637445508e-03
6.176576576576576372e+02 9.641087122029354944e-03
6.183783783783783292e+02 1.043495961317272847e-02
6.190990990990990213e+02 1.125905441578303051e-02
6.198198198198198270e+02 1.211318336454173666e-02
6.205405405405405190e+02 1.299714922469129286e-02
6.212612612612612111e+02 1.391074538490491043e-02
6.219819819819819031e+02 1.485375551442379323e-02
6.227027027027027088e+02 1.582595317991020156e-02
6.234234234234232872e+02 1.682710141676837384e-02
6.241441441441440929e+02 1.785695224891440530e-02
6.248648648648647850e+02 1.891524615005839988e-02
6.255855855855855907e+02 2.000171143849751101e-02
6.263063063063061691e+02 2.111606359615065751e-02
6.270270270270269748e+02 2.225800450110353851e-02
6.277477477477477805e+02 2.342722156117125684e-02
6.284684684684684726e+02 2.462338673393569405e-02
6.291891891891891646e+02 2.584615541625119584e-02
6.299099099099098567e+02 2.709516518330281828e-02
6.306306306306305487e+02 2.837003435382798311e-02
6.313513513513512407e+02 2.967036035392391080e-02
6.320720720720720465e+02 3.099571784689568454e-02
6.327927927927927385e+02 3.234565659053507958e-02
6.335135135135134306e+02 3.371969897598896954e-02
6.342342342342341226e+02 3.511733719351913668e-02
6.349549549549549283e+02 3.653802995976457302e-02
6.356756756756755067e+02 3.798119872804531227e-02
6.363963963963964261e+02 3.944622328725180815e-02
6.371171171171171181e+02 4.093243663527151160e-02
6.378378378378378102e+02 4.243911898876013417e-02
6.385585585585585022e+02 4.396549076129448869e-02
6.392792792792791943e+02 4.551070430508943887e-02
6.400000000000000000e+02 4.707383416575756235e-02
6.407207207207206920e+02 4.865386554277906228e-02
6.414414414414413841e+02 5.024968057763133655e-02
6.421621621621620761e+02 5.186004200341649828e-02
6.428828828828828819e+02 5.348357358006095713e-02
6.436036036036035739e+02 5.511873660261020630e-02
6.443243243243242659e+02 5.676380160083208115e-02
6.450450450450449580e+02 5.841681413960895380e-02
6.457657657657656500e+02 6.007555337481542551e-02
6.464864864864865694e+02 6.173748171312527094e-02
6.472072072072071478e+02 6.339968356521781534e-02
6.479279279279279535e+02 6.505879077815535094e-02
6.486486486486486456e+02 6.671089191119301820e-02
6.493693693693693376e+02 6.835142214257736160e-02
6.500900900900900297e+02 6.997503039005761871e-02
6.508108108108108354e+02 7.157542043321779568e-02
6.515315315315315274e+02 7.314516386349741162e-02
6.522522522522521058e+02 7.467548526569224576e-02
6.529729729729729115e+02 7.615602526730701205e-02
6.536936936936936036e+02 7.757459658354533272e-02
6.544144144144144093e+02 7.891696391893290863e-02
6.551351351351351013e+02 8.016670226977032354e-02
6.558558558558559071e+02 8.130521945197051459e-02
6.565765765765764854e+02 8.231206160150161821e-02
6.572972972972972912e+02 8.316563845099168850e-02
6.580180180180179832e+02 8.384447850570456162e-02
6.587387387387386752e+02 8.432901779689866428e-02
6.594594594594593673e+02 8.460372871068311262e-02
6.601801801801801730e+02 8.465916355385998127e-02
6.609009009009008651e+02 8.449335570407436047e-02
6.616216216216216708e+02 8.411212651074313762e-02
6.623423423423422491e+02 8.352819212449778818e-02
6.630630630630629412e+02 8.275937151663201319e-02
6.637837837837837469e+02 8.182643461057527434e-02
6.645045045045044390e+02 8.075110435783576512e-02
6.652252252252252447e+02 7.955452480414951233e-02
6.659459459459459367e+02 7.825628019529409785e-02
6.666666666666666288e+02 7.687389650064649360e-02
6.673873873873873208e+02 7.542269400610975005e-02
6.681081081081081265e+02 7.391585977564482657e-02
6.688288288288287049e+02 7.236463717528907047e-02
6.695495495495495106e+02 7.077856303889425160e-02
6.702702702702702027e+02 6.916571082483571886e-02
6.709909909909910084e+02 6.753291767637607801e-02
6.717117117117115868e+02 6.588598565486031289e-02
6.724324324324325062e+02 6.422985454600921296e-02
6.731531531531530845e+02 6.256874737575518486e-02
6.738738738738737766e+02 6.090629146881491873e-02
6.745945945945945823e+02 5.924561843689560292e-02
6.753153153153152743e+02 5.758944644446039457e-02
6.760360360360359664e+02 5.594014778771975310e-02
6.767567567567567721e+02 5.429980441244047079e-02
6.774774774774774642e+02 5.267025357842180372e-02
6.781981981981980425e+02 5.105312549531219185e-02
6.789189189189188482e+02 4.944987442152201651e-02
6.796396396396395403e+02 4.786180443801425766e-02
6.803603603603603460e+02 4.629009087775191184e-02
6.810810810810810381e+02 4.473579820346358649e-02
6.818018018018018438e+02 4.319989497418679630e-02
6.825225225225224222e+02 4.168326641866748616e-02
6.832432432432431142e+02 4.018672503526624779e-02
6.839639639639640336e+02 3.871101955914579146e-02
6.846846846846846120e+02 3.725684257410986217e-02
6.854054054054053040e+02 3.582483699552675704e-02
6.861261261261261097e+02 3.441560160974316274e-02
6.868468468468468018e+02 3.302969582227609224e-02
6.875675675675676075e+02 3.166764374028520346e-02
6.882882882882882996e+02 3.032993769305261308e-02
6.890090090090088779e+02 2.901704127654541193e-02
6.897297297297296836e+02 2.772939199364310089e-02
6.904504504504503757e+02 2.646740354982470012e-02
6.911711711711710677e+02 2.523146785435350856e-02
6.918918918918918735e+02 2.402195676903212326e-02
6.926126126126125655e+02 2.283922363995391849e-02
6.933333333333333712e+02 2.168360464218882511e-02
6.940540540540539496e+02 2.055541996281564504e-02
6.947747747747748690e+02 1.945497484385117978e-02
6.954954954954954474e+02 1.838256050349059909e-02
6.962162162162161394e+02 1.733845495136976736e-02
6.969369369369369451e+02 1.632292371133261394e-02
6.976576576576576372e+02 1.533622046327230357e-02
6.983783783783782155e+02 1.437858761401871431e-02
6.990990990990991349e+02 1.345025680588254023e-02
6.998198198198197133e+02 1.255144937030463863e-02
7.005405405405404053e+02 1.168237673306643867e-02
7.012612612612612111e+02 1.084324077668562605e-02
7.019819819819819031e+02 1.003423416487864324e-02
7.027027027027027088e+02 9.255540633364327599e-03
7.034234234234234009e+02 8.507335250735775442e-03
7.041441441441442066e+02 7.789784652672885473e-03
7.048648648648647850e+02 7.103047252364960013e-03
7.055855855855854770e+02 6.447273429649061013e-03
7.063063063063062827e+02 5.822605701106458274e-03
7.070270270270269748e+02 5.229178873042411926e-03
7.077477477477476668e+02 4.667120179098952111e-03
7.084684684684684726e+02 4.136549404001950599e-03
7.091891891891890509e+02 3.637578994795596411e-03
7.099099099099097430e+02 3.170314160757806404e-03
7.106306306306306624e+02 2.734852963034565144e-03
7.113513513513512407e+02 2.331286394929802525e-03
7.120720720720720465e+02 1.959698453672645193e-03
7.127927927927927385e+02 1.620166204377827086e-03
7.135135135135135442e+02 1.312759836842098803e-03
7.142342342342341226e+02 1.037542715736507843e-03
7.149549549549549283e+02 7.945714246789145315e-04
7.156756756756756204e+02 5.838958046156519574e-04
7.163963963963963124e+02 4.055589868812246716e-04
7.171171171171170045e+02 2.595974212461396699e-04
7.178378378378378102e+02 1.460408992206276783e-04
7.185585585585583885e+02 6.491257283151075942e-05
7.192792792792793080e+02 1.622896904974954689e-05
7.200000000000000000e+02 0.000000000000000000e+00
