Theta (degrees)	Normalized Energy
0.000000000000000000e+00 3.417829634158935925e-01
7.207207207207206867e-01 3.418757353657229658e-01
1.441441441441441373e+00 3.421515348198327922e-01
2.162162162162161838e+00 3.426031088736758989e-01
2.882882882882882747e+00 3.432192788816028628e-01
3.603603603603603212e+00 3.439860664492596642e-01
4.324324324324323676e+00 3.448878961130644183e-01
5.045045045045044141e+00 3.459086770084389695e-01
5.765765765765765494e+00 3.470326488386699104e-01
6.486486486486486847e+00 3.482449601189449573e-01
7.207207207207206423e+00 3.495320039936038459e-01
7.927927927927927776e+00 3.508815643034322029e-01
8.648648648648647352e+00 3.522828293553612045e-01
9.369369369369367817e+00 3.537263231973275524e-01
1.009009009009008828e+01 3.552037921431415723e-01
1.081081081081081052e+01 3.567080724830197225e-01
1.153153153153153099e+01 3.582329557336786929e-01
1.225225225225224968e+01 3.597730608211329728e-01
1.297297297297297369e+01 3.613237179170353253e-01
1.369369369369369238e+01 3.628808657164218632e-01
1.441441441441441285e+01 3.644409622253719783e-01
1.513513513513513331e+01 3.660009082040029949e-01
1.585585585585585555e+01 3.675579819829453143e-01
1.657657657657657424e+01 3.691097842372438875e-01
1.729729729729729470e+01 3.706541913300411273e-01
1.801801801801801517e+01 3.721893159488245395e-01
1.873873873873873563e+01 3.737134739015047780e-01
1.945945945945945965e+01 3.752251560912420736e-01
2.018018018018017656e+01 3.767230048332439463e-01
2.090090090090089703e+01 3.782057938071917702e-01
2.162162162162162105e+01 3.796724110530217966e-01
2.234234234234234151e+01 3.811218445155793444e-01
2.306306306306306197e+01 3.825531697263344633e-01
2.378378378378378244e+01 3.839655392796098021e-01
2.450450450450449935e+01 3.853581738184853611e-01
2.522522522522522337e+01 3.867303542933775429e-01
2.594594594594594739e+01 3.880814152959388141e-01
2.666666666666666430e+01 3.894107393036792542e-01
2.738738738738738476e+01 3.907177516978091458e-01
2.810810810810810878e+01 3.920019164391951305e-01
2.882882882882882569e+01 3.932627323058952018e-01
2.954954954954954971e+01 3.944997296111077967e-01
3.027027027027026662e+01 3.957124673331305353e-01
3.099099099099098709e+01 3.969005305995848554e-01
3.171171171171171110e+01 3.980635284769792337e-01
3.243243243243242802e+01 3.992010920241170213e-01
3.315315315315314848e+01 4.003128725740264793e-01
3.387387387387386894e+01 4.013985402143128711e-01
3.459459459459458941e+01 4.024577824401707749e-01
3.531531531531531698e+01 4.034903029580323985e-01
3.603603603603603034e+01 4.044958206208874030e-01
3.675675675675675080e+01 4.054740684789828187e-01
3.747747747747747127e+01 4.064247929318619001e-01
3.819819819819819173e+01 4.073477529695551658e-01
3.891891891891891930e+01 4.082427194924372338e-01
3.963963963963963266e+01 4.091094747005813992e-01
4.036036036036035313e+01 4.099478115446912874e-01
4.108108108108108070e+01 4.107575332316715788e-01
4.180180180180179406e+01 4.115384527788186197e-01
4.252252252252252163e+01 4.122903926113229978e-01
4.324324324324324209e+01 4.130131841984859276e-01
4.396396396396396256e+01 4.137066677245766488e-01
4.468468468468468302e+01 4.143706917907775678e-01
4.540540540540539638e+01 4.150051131450768760e-01
4.612612612612612395e+01 4.156097964373607345e-01
4.684684684684684441e+01 4.161846139972616987e-01
4.756756756756756488e+01 4.167294456326212093e-01
4.828828828828829245e+01 4.172441784466814352e-01
4.900900900900899870e+01 4.177287066723151532e-01
4.972972972972972627e+01 4.181829315218276721e-01
5.045045045045044674e+01 4.186067610510196824e-01
5.117117117117116720e+01 4.190001100363522357e-01
5.189189189189189477e+01 4.193628998641998895e-01
5.261261261261261524e+01 4.196950584312826305e-01
5.333333333333332860e+01 4.199965200555018097e-01
5.405405405405404906e+01 4.202672253964610527e-01
5.477477477477476953e+01 4.205071213850848921e-01
5.549549549549549710e+01 4.207161611617966090e-01
5.621621621621621756e+01 4.208943040227924870e-01
5.693693693693693092e+01 4.210415153740340033e-01
5.765765765765765138e+01 4.211577666926124563e-01
5.837837837837837185e+01 4.212430354952186318e-01
5.909909909909909942e+01 4.212973053134949075e-01
5.981981981981981988e+01 4.213205656760909967e-01
6.054054054054053324e+01 4.213128120973094748e-01
6.126126126126126081e+01 4.212740460722469438e-01
6.198198198198197417e+01 4.212042750784172340e-01
6.270270270270270174e+01 4.211035125838436532e-01
6.342342342342342221e+01 4.209717780617028837e-01
6.414414414414414978e+01 4.208090970115954677e-01
6.486486486486485603e+01 4.206155009876174633e-01
6.558558558558557650e+01 4.203910276334056895e-01
6.630630630630629696e+01 4.201357207244250658e-01
6.702702702702703164e+01 4.198496302177909256e-01
6.774774774774773789e+01 4.195328123099872353e-01
6.846846846846847257e+01 4.191853295029089321e-01
6.918918918918917882e+01 4.188072506787206550e-01
6.990990990990989928e+01 4.183986511840956934e-01
7.063063063063063396e+01 4.179596129244922964e-01
7.135135135135135442e+01 4.174902244692027531e-01
7.207207207207206068e+01 4.169905811680272856e-01
7.279279279279279535e+01 4.164607852805199406e-01
7.351351351351350161e+01 4.159009461189102086e-01
7.423423423423423628e+01 4.153111802059052948e-01
7.495495495495494254e+01 4.146916114487880778e-01
7.567567567567567721e+01 4.140423713313681198e-01
7.639639639639638347e+01 4.133635991255675268e-01
7.711711711711710393e+01 4.126554421246758642e-01
7.783783783783783861e+01 4.119180559005238274e-01
7.855855855855855907e+01 4.111516045872053438e-01
7.927927927927926532e+01 4.103562611942558891e-01
8.000000000000000000e+01 4.095322079526406700e-01
8.072072072072070625e+01 4.086796366973552974e-01
8.144144144144144093e+01 4.077987492909628253e-01
8.216216216216216139e+01 4.068897580930072033e-01
8.288288288288286765e+01 4.059528864809561766e-01
8.360360360360358811e+01 4.049883694291323555e-01
8.432432432432432279e+01 4.039964541530429720e-01
8.504504504504504325e+01 4.029774008276348352e-01
8.576576576576576372e+01 4.019314833892661532e-01
8.648648648648648418e+01 4.008589904327070075e-01
8.720720720720720465e+01 3.997602262162396336e-01
8.792792792792792511e+01 3.986355117899825218e-01
8.864864864864863137e+01 3.974851862650128353e-01
8.936936936936936604e+01 3.963096082437068679e-01
9.009009009009007229e+01 3.951091574351300872e-01
9.081081081081079276e+01 3.938842364832982335e-01
9.153153153153152743e+01 3.926352730409168323e-01
9.225225225225224790e+01 3.913627221268660139e-01
9.297297297297296836e+01 3.900670688124817098e-01
9.369369369369368883e+01 3.887488312897591780e-01
9.441441441441440929e+01 3.874085643843219740e-01
9.513513513513512976e+01 3.860468635876369015e-01
9.585585585585585022e+01 3.846643696969639370e-01
9.657657657657658490e+01 3.832617741684432033e-01
9.729729729729727694e+01 3.818398253090667938e-01
9.801801801801799741e+01 3.803993354579680575e-01
9.873873873873873208e+01 3.789411893372035545e-01
9.945945945945945255e+01 3.774663537882887998e-01
1.001801801801801730e+02 3.759758891542594461e-01
1.009009009009008935e+02 3.744709626196344732e-01
1.016216216216216139e+02 3.729528638838918719e-01
1.023423423423423344e+02 3.714230236198087232e-01
1.030630630630630549e+02 3.698830352580836367e-01
1.037837837837837895e+02 3.683346807454439542e-01
1.045045045045044816e+02 3.667799610458566950e-01
1.052252252252252305e+02 3.652211322922967462e-01
1.059459459459459367e+02 3.636607486457623661e-01
1.066666666666666572e+02 3.621017130686874919e-01
1.073873873873873777e+02 3.605473373518551794e-01
1.081081081081080981e+02 3.590014128109960123e-01
1.088288288288288186e+02 3.574682930291014360e-01
1.095495495495495391e+02 3.559529897599891801e-01
1.102702702702702595e+02 3.544612824643303406e-01
1.109909909909909942e+02 3.529998406727010707e-01
1.117117117117116862e+02 3.515763561038157126e-01
1.124324324324324351e+02 3.501996777339155820e-01
1.131531531531531414e+02 3.488799372600968063e-01
1.138738738738738618e+02 3.476286441411334249e-01
1.145945945945945823e+02 3.464587185799152813e-01
1.153153153153153028e+02 3.453844184891363689e-01
1.160360360360360232e+02 3.444211058392303570e-01
1.167567567567567437e+02 3.435847951495496488e-01
1.174774774774774500e+02 3.428914416936033049e-01
1.181981981981981988e+02 3.423559689232471004e-01
1.189189189189189193e+02 3.419911063334372670e-01
1.196396396396396398e+02 3.418061963266809666e-01
1.203603603603603460e+02 3.418061963266808556e-01
1.210810810810810665e+02 3.419911063334372670e-01
1.218018018018017870e+02 3.423559689232471004e-01
1.225225225225225216e+02 3.428914416936034160e-01
1.232432432432432563e+02 3.435847951495499264e-01
1.239639639639639483e+02 3.444211058392306901e-01
1.246846846846846830e+02 3.453844184891368130e-01
1.254054054054054035e+02 3.464587185799154478e-01
1.261261261261261097e+02 3.476286441411334249e-01
1.268468468468468444e+02 3.488799372600971394e-01
1.275675675675675649e+02 3.501996777339155820e-01
1.282882882882882996e+02 3.515763561038159901e-01
1.290090090090089916e+02 3.529998406727014593e-01
1.297297297297297121e+02 3.544612824643303406e-01
1.304504504504504325e+02 3.559529897599896242e-01
1.311711711711711530e+02 3.574682930291017136e-01
1.318918918918919019e+02 3.590014128109965674e-01
1.326126126126125939e+02 3.605473373518560676e-01
1.333333333333333144e+02 3.621017130686882135e-01
1.340540540540540633e+02 3.636607486457629212e-01
1.347747747747747553e+02 3.652211322922976344e-01
1.354954954954954758e+02 3.667799610458568060e-01
1.362162162162162247e+02 3.683346807454445093e-01
1.369369369369369451e+02 3.698830352580846359e-01
1.376576576576576656e+02 3.714230236198091673e-01
1.383783783783783576e+02 3.729528638838915389e-01
1.390990990990990781e+02 3.744709626196356389e-01
1.398198198198197986e+02 3.759758891542600567e-01
1.405405405405405190e+02 3.774663537882890774e-01
1.412612612612612679e+02 3.789411893372038875e-01
1.419819819819819884e+02 3.803993354579691122e-01
1.427027027027027088e+02 3.818398253090678485e-01
1.434234234234234009e+02 3.832617741684440915e-01
1.441441441441441214e+02 3.846643696969646586e-01
1.448648648648648418e+02 3.860468635876372345e-01
1.455855855855855907e+02 3.874085643843234172e-01
1.463063063063063112e+02 3.887488312897592890e-01
1.470270270270270032e+02 3.900670688124815988e-01
1.477477477477477521e+02 3.913627221268664580e-01
1.484684684684684726e+02 3.926352730409172764e-01
1.491891891891891646e+02 3.938842364832989551e-01
1.499099099099098851e+02 3.951091574351303648e-01
1.506306306306306340e+02 3.963096082437071455e-01
1.513513513513513544e+02 3.974851862650131129e-01
1.520720720720720465e+02 3.986355117899835765e-01
1.527927927927927669e+02 3.997602262162399112e-01
1.535135135135134874e+02 4.008589904327078957e-01
1.542342342342342079e+02 4.019314833892670413e-01
1.549549549549549567e+02 4.029774008276360009e-01
1.556756756756756772e+02 4.039964541530431386e-01
1.563963963963963977e+02 4.049883694291327441e-01
1.571171171171171181e+02 4.059528864809565651e-01
1.578378378378378102e+02 4.068897580930072033e-01
1.585585585585585306e+02 4.077987492909628253e-01
1.592792792792792795e+02 4.086796366973555750e-01
1.600000000000000000e+02 4.095322079526411141e-01
1.607207207207207205e+02 4.103562611942564997e-01
1.614414414414414125e+02 4.111516045872060654e-01
1.621621621621621614e+02 4.119180559005245490e-01
1.628828828828828819e+02 4.126554421246761972e-01
1.636036036036036023e+02 4.133635991255681374e-01
1.643243243243243228e+02 4.140423713313685639e-01
1.650450450450450433e+02 4.146916114487886884e-01
1.657657657657657353e+02 4.153111802059061275e-01
1.664864864864864842e+02 4.159009461189103751e-01
1.672072072072071762e+02 4.164607852805201071e-01
1.679279279279278967e+02 4.169905811680274521e-01
1.686486486486486456e+02 4.174902244692041964e-01
1.693693693693693660e+02 4.179596129244931291e-01
1.700900900900900865e+02 4.183986511840958600e-01
1.708108108108107785e+02 4.188072506787205440e-01
1.715315315315315274e+02 4.191853295029090987e-01
1.722522522522522195e+02 4.195328123099876794e-01
1.729729729729729684e+02 4.198496302177919803e-01
1.736936936936937173e+02 4.201357207244253988e-01
1.744144144144144093e+02 4.203910276334059670e-01
1.751351351351351013e+02 4.206155009876179074e-01
1.758558558558558502e+02 4.208090970115959117e-01
1.765765765765765707e+02 4.209717780617036054e-01
1.772972972972972627e+02 4.211035125838452631e-01
1.780180180180180116e+02 4.212042750784175116e-01
1.787387387387387321e+02 4.212740460722481095e-01
1.794594594594594525e+02 4.213128120973094748e-01
1.801801801801801446e+02 4.213205656760918849e-01
1.809009009009008935e+02 4.212973053134957957e-01
1.816216216216215855e+02 4.212430354952190759e-01
1.823423423423423344e+02 4.211577666926127339e-01
1.830630630630630549e+02 4.210415153740345584e-01
1.837837837837837753e+02 4.208943040227938193e-01
1.845045045045044958e+02 4.207161611617974972e-01
1.852252252252251878e+02 4.205071213850856138e-01
1.859459459459459367e+02 4.202672253964616633e-01
1.866666666666666288e+02 4.199965200555023648e-01
1.873873873873873777e+02 4.196950584312833521e-01
1.881081081081081265e+02 4.193628998642004446e-01
1.888288288288288186e+02 4.190001100363533459e-01
1.895495495495495391e+02 4.186067610510202375e-01
1.902702702702702595e+02 4.181829315218283938e-01
1.909909909909909800e+02 4.177287066723158748e-01
1.917117117117117004e+02 4.172441784466818238e-01
1.924324324324324209e+02 4.167294456326216534e-01
1.931531531531531698e+02 4.161846139972618097e-01
1.938738738738738618e+02 4.156097964373614562e-01
1.945945945945945539e+02 4.150051131450771535e-01
1.953153153153153028e+02 4.143706917907768461e-01
1.960360360360359948e+02 4.137066677245776480e-01
1.967567567567567437e+02 4.130131841984863716e-01
1.974774774774774642e+02 4.122903926113232753e-01
1.981981981981981846e+02 4.115384527788192304e-01
1.989189189189189051e+02 4.107575332316723005e-01
1.996396396396395971e+02 4.099478115446910098e-01
2.003603603603603460e+02 4.091094747005817323e-01
2.010810810810810949e+02 4.082427194924376779e-01
2.018018018018017870e+02 4.073477529695554433e-01
2.025225225225225358e+02 4.064247929318623442e-01
2.032432432432432279e+02 4.054740684789839844e-01
2.039639639639639483e+02 4.044958206208875140e-01
2.046846846846846688e+02 4.034903029580330092e-01
2.054054054054054177e+02 4.024577824401709414e-01
2.061261261261261097e+02 4.013985402143128711e-01
2.068468468468468302e+02 4.003128725740273675e-01
2.075675675675675791e+02 3.992010920241169103e-01
2.082882882882882711e+02 3.980635284769797888e-01
2.090090090090089632e+02 3.969005305995857436e-01
2.097297297297297121e+02 3.957124673331310905e-01
2.104504504504504609e+02 3.944997296111085183e-01
2.111711711711711530e+02 3.932627323058959790e-01
2.118918918918918735e+02 3.920019164391951305e-01
2.126126126126125939e+02 3.907177516978097565e-01
2.133333333333333144e+02 3.894107393036802534e-01
2.140540540540540064e+02 3.880814152959390917e-01
2.147747747747747553e+02 3.867303542933782645e-01
2.154954954954955042e+02 3.853581738184859717e-01
2.162162162162161962e+02 3.839655392796098021e-01
2.169369369369369451e+02 3.825531697263346298e-01
2.176576576576576372e+02 3.811218445155803991e-01
2.183783783783783576e+02 3.796724110530216301e-01
2.190990990990990781e+02 3.782057938071922143e-01
2.198198198198198270e+02 3.767230048332442793e-01
2.205405405405405190e+02 3.752251560912427952e-01
2.212612612612612395e+02 3.737134739015046669e-01
2.219819819819819884e+02 3.721893159488245395e-01
2.227027027027026804e+02 3.706541913300417379e-01
2.234234234234233725e+02 3.691097842372440541e-01
2.241441441441441214e+02 3.675579819829457584e-01
2.248648648648648702e+02 3.660009082040029949e-01
2.255855855855855623e+02 3.644409622253724224e-01
2.263063063063062827e+02 3.628808657164221962e-01
2.270270270270270032e+02 3.613237179170353253e-01
2.277477477477477237e+02 3.597730608211332504e-01
2.284684684684684726e+02 3.582329557336788595e-01
2.291891891891891646e+02 3.567080724830197225e-01
2.299099099099099135e+02 3.552037921431422940e-01
2.306306306306306055e+02 3.537263231973273858e-01
2.313513513513513260e+02 3.522828293553618151e-01
2.320720720720720465e+02 3.508815643034319254e-01
2.327927927927927669e+02 3.495320039936042900e-01
2.335135135135134874e+02 3.482449601189454014e-01
2.342342342342342079e+02 3.470326488386697439e-01
2.349549549549548999e+02 3.459086770084392470e-01
2.356756756756756772e+02 3.448878961130641407e-01
2.363963963963963977e+02 3.439860664492599418e-01
2.371171171171171181e+02 3.432192788816025852e-01
2.378378378378378386e+02 3.426031088736758989e-01
2.385585585585585306e+02 3.421515348198324591e-01
2.392792792792792795e+02 3.418757353657227993e-01
2.399999999999999716e+02 3.417829634158935925e-01
2.407207207207206920e+02 3.418757353657226883e-01
2.414414414414414125e+02 3.421515348198323481e-01
2.421621621621621330e+02 3.426031088736758989e-01
2.428828828828828250e+02 3.432192788816024187e-01
2.436036036036035739e+02 3.439860664492596642e-01
2.443243243243242659e+02 3.448878961130641407e-01
2.450450450450450433e+02 3.459086770084388029e-01
2.457657657657657637e+02 3.470326488386697439e-01
2.464864864864865126e+02 3.482449601189445132e-01
2.472072072072072046e+02 3.495320039936038459e-01
2.479279279279278967e+02 3.508815643034317588e-01
2.486486486486486456e+02 3.522828293553612045e-01
2.493693693693693660e+02 3.537263231973266642e-01
2.500900900900900581e+02 3.552037921431414058e-01
2.508108108108108070e+02 3.567080724830193339e-01
2.515315315315314990e+02 3.582329557336783044e-01
2.522522522522522195e+02 3.597730608211322512e-01
2.529729729729729399e+02 3.613237179170347146e-01
2.536936936936936888e+02 3.628808657164215856e-01
2.544144144144144377e+02 3.644409622253718672e-01
2.551351351351351298e+02 3.660009082040027173e-01
2.558558558558558502e+02 3.675579819829454253e-01
2.565765765765765991e+02 3.691097842372433324e-01
2.572972972972972912e+02 3.706541913300414048e-01
2.580180180180179832e+02 3.721893159488239289e-01
2.587387387387387321e+02 3.737134739015043339e-01
2.594594594594594241e+02 3.752251560912417405e-01
2.601801801801801162e+02 3.767230048332436687e-01
2.609009009009008651e+02 3.782057938071914927e-01
2.616216216216215571e+02 3.796724110530211860e-01
2.623423423423423060e+02 3.811218445155797885e-01
2.630630630630630549e+02 3.825531697263340192e-01
2.637837837837838038e+02 3.839655392796093580e-01
2.645045045045044958e+02 3.853581738184849170e-01
2.652252252252251878e+02 3.867303542933772653e-01
2.659459459459459367e+02 3.880814152959383700e-01
2.666666666666666288e+02 3.894107393036792542e-01
2.673873873873873777e+02 3.907177516978087017e-01
2.681081081081081265e+02 3.920019164391942423e-01
2.688288288288288186e+02 3.932627323058946467e-01
2.695495495495495106e+02 3.944997296111075191e-01
2.702702702702702595e+02 3.957124673331305353e-01
2.709909909909909516e+02 3.969005305995843003e-01
2.717117117117116436e+02 3.980635284769789006e-01
2.724324324324324493e+02 3.992010920241164662e-01
2.731531531531531414e+02 4.003128725740268123e-01
2.738738738738738903e+02 4.013985402143121495e-01
2.745945945945945823e+02 4.024577824401703308e-01
2.753153153153153312e+02 4.034903029580325651e-01
2.760360360360360232e+02 4.044958206208867924e-01
2.767567567567567153e+02 4.054740684789830962e-01
2.774774774774774642e+02 4.064247929318617891e-01
2.781981981981981562e+02 4.073477529695544441e-01
2.789189189189189051e+02 4.082427194924369562e-01
2.796396396396395971e+02 4.091094747005812882e-01
2.803603603603603460e+02 4.099478115446907323e-01
2.810810810810810381e+02 4.107575332316713013e-01
2.818018018018017870e+02 4.115384527788180646e-01
2.825225225225225358e+02 4.122903926113231643e-01
2.832432432432432279e+02 4.130131841984859276e-01
2.839639639639639768e+02 4.137066677245769264e-01
2.846846846846846688e+02 4.143706917907772902e-01
2.854054054054054177e+02 4.150051131450764319e-01
2.861261261261261097e+02 4.156097964373604570e-01
2.868468468468468018e+02 4.161846139972609770e-01
2.875675675675675507e+02 4.167294456326210983e-01
2.882882882882882427e+02 4.172441784466815462e-01
2.890090090090089348e+02 4.177287066723148201e-01
2.897297297297296836e+02 4.181829315218276721e-01
2.904504504504503757e+02 4.186067610510195158e-01
2.911711711711711814e+02 4.190001100363523467e-01
2.918918918918918735e+02 4.193628998641995564e-01
2.926126126126126223e+02 4.196950584312826305e-01
2.933333333333333144e+02 4.199965200555019207e-01
2.940540540540540064e+02 4.202672253964610527e-01
2.947747747747747553e+02 4.205071213850850587e-01
2.954954954954955042e+02 4.207161611617966090e-01
2.962162162162161962e+02 4.208943040227926535e-01
2.969369369369369451e+02 4.210415153740340033e-01
2.976576576576576372e+02 4.211577666926117347e-01
2.983783783783783292e+02 4.212430354952186318e-01
2.990990990990990781e+02 4.212973053134950741e-01
2.998198198198197701e+02 4.213205656760916074e-01
3.005405405405405759e+02 4.213128120973091972e-01
3.012612612612612679e+02 4.212740460722472213e-01
3.019819819819819600e+02 4.212042750784169565e-01
3.027027027027027088e+02 4.211035125838433757e-01
3.034234234234234009e+02 4.209717780617028837e-01
3.041441441441440929e+02 4.208090970115959117e-01
3.048648648648648418e+02 4.206155009876174633e-01
3.055855855855855339e+02 4.203910276334056895e-01
3.063063063063062827e+02 4.201357207244253988e-01
3.070270270270269748e+02 4.198496302177912032e-01
3.077477477477477237e+02 4.195328123099874018e-01
3.084684684684684157e+02 4.191853295029089321e-01
3.091891891891891646e+02 4.188072506787208216e-01
3.099099099099099135e+02 4.183986511840958600e-01
3.106306306306306055e+02 4.179596129244922964e-01
3.113513513513513544e+02 4.174902244692028641e-01
3.120720720720720465e+02 4.169905811680272856e-01
3.127927927927927954e+02 4.164607852805193855e-01
3.135135135135134874e+02 4.159009461189097645e-01
3.142342342342342363e+02 4.153111802059056834e-01
3.149549549549549283e+02 4.146916114487886884e-01
3.156756756756756204e+02 4.140423713313678422e-01
3.163963963963963693e+02 4.133635991255684150e-01
3.171171171171170613e+02 4.126554421246757531e-01
3.178378378378377533e+02 4.119180559005243825e-01
3.185585585585585591e+02 4.111516045872060654e-01
3.192792792792792511e+02 4.103562611942558891e-01
3.200000000000000000e+02 4.095322079526408365e-01
3.207207207207206920e+02 4.086796366973554639e-01
3.214414414414414409e+02 4.077987492909629919e-01
3.221621621621621330e+02 4.068897580930069258e-01
3.228828828828828250e+02 4.059528864809561766e-01
3.236036036036035739e+02 4.049883694291326330e-01
3.243243243243243228e+02 4.039964541530432496e-01
3.250450450450450148e+02 4.029774008276352792e-01
3.257657657657657637e+02 4.019314833892664307e-01
3.264864864864864558e+02 4.008589904327074516e-01
3.272072072072072046e+02 3.997602262162394671e-01
3.279279279279279535e+02 3.986355117899826883e-01
3.286486486486486456e+02 3.974851862650129464e-01
3.293693693693693376e+02 3.963096082437070344e-01
3.300900900900900865e+02 3.951091574351303648e-01
3.308108108108108354e+02 3.938842364832989551e-01
3.315315315315314706e+02 3.926352730409171654e-01
3.322522522522522195e+02 3.913627221268664580e-01
3.329729729729729684e+02 3.900670688124817098e-01
3.336936936936936604e+02 3.887488312897594556e-01
3.344144144144143524e+02 3.874085643843226956e-01
3.351351351351351013e+02 3.860468635876370680e-01
3.358558558558557934e+02 3.846643696969645476e-01
3.365765765765765423e+02 3.832617741684433144e-01
3.372972972972972912e+02 3.818398253090672378e-01
3.380180180180179832e+02 3.803993354579682240e-01
3.387387387387387321e+02 3.789411893372041651e-01
3.394594594594594241e+02 3.774663537882889663e-01
3.401801801801801730e+02 3.759758891542596126e-01
3.409009009009009219e+02 3.744709626196349173e-01
3.416216216216215571e+02 3.729528638838914278e-01
3.423423423423423060e+02 3.714230236198088897e-01
3.430630630630630549e+02 3.698830352580841918e-01
3.437837837837838038e+02 3.683346807454443428e-01
3.445045045045044390e+02 3.667799610458569726e-01
3.452252252252251878e+02 3.652211322922974679e-01
3.459459459459459367e+02 3.636607486457628102e-01
3.466666666666666856e+02 3.621017130686878804e-01
3.473873873873874345e+02 3.605473373518557345e-01
3.481081081081080697e+02 3.590014128109967340e-01
3.488288288288288186e+02 3.574682930291017136e-01
3.495495495495495675e+02 3.559529897599899018e-01
3.502702702702702027e+02 3.544612824643306737e-01
3.509909909909909516e+02 3.529998406727014593e-01
3.517117117117117004e+02 3.515763561038161011e-01
3.524324324324323925e+02 3.501996777339154154e-01
3.531531531531531414e+02 3.488799372600974169e-01
3.538738738738738334e+02 3.476286441411332584e-01
3.545945945945945255e+02 3.464587185799156144e-01
3.553153153153153312e+02 3.453844184891369240e-01
3.560360360360360232e+02 3.444211058392306901e-01
3.567567567567567721e+02 3.435847951495497599e-01
3.574774774774774642e+02 3.428914416936033049e-01
3.581981981981981562e+02 3.423559689232472669e-01
3.589189189189189051e+02 3.419911063334376000e-01
3.596396396396396540e+02 3.418061963266811332e-01
3.603603603603602892e+02 3.418061963266811332e-01
3.610810810810810381e+02 3.419911063334372670e-01
3.618018018018017870e+02 3.423559689232469894e-01
3.625225225225224790e+02 3.428914416936031384e-01
3.632432432432431710e+02 3.435847951495496488e-01
3.639639639639639199e+02 3.444211058392302460e-01
3.646846846846846688e+02 3.453844184891369240e-01
3.654054054054054177e+02 3.464587185799158919e-01
3.661261261261261097e+02 3.476286441411334249e-01
3.668468468468468018e+02 3.488799372600972504e-01
3.675675675675675507e+02 3.501996777339154154e-01
3.682882882882882427e+02 3.515763561038158236e-01
3.690090090090089916e+02 3.529998406727014593e-01
3.697297297297297405e+02 3.544612824643305071e-01
3.704504504504503757e+02 3.559529897599896242e-01
3.711711711711711246e+02 3.574682930291017136e-01
3.718918918918918735e+02 3.590014128109962899e-01
3.726126126126125087e+02 3.605473373518556235e-01
3.733333333333332575e+02 3.621017130686877694e-01
3.740540540540540633e+02 3.636607486457629212e-01
3.747747747747747553e+02 3.652211322922973014e-01
3.754954954954955042e+02 3.667799610458566950e-01
3.762162162162162531e+02 3.683346807454445093e-01
3.769369369369368883e+02 3.698830352580834702e-01
3.776576576576576372e+02 3.714230236198090562e-01
3.783783783783783861e+02 3.729528638838912613e-01
3.790990990990990781e+02 3.744709626196347507e-01
3.798198198198197701e+02 3.759758891542596126e-01
3.805405405405405190e+02 3.774663537882887998e-01
3.812612612612612111e+02 3.789411893372039986e-01
3.819819819819819600e+02 3.803993354579682240e-01
3.827027027027027088e+02 3.818398253090671268e-01
3.834234234234234009e+02 3.832617741684432033e-01
3.841441441441441498e+02 3.846643696969643811e-01
3.848648648648648418e+02 3.860468635876369015e-01
3.855855855855855907e+02 3.874085643843226956e-01
3.863063063063063396e+02 3.887488312897592890e-01
3.870270270270269748e+02 3.900670688124815988e-01
3.877477477477477237e+02 3.913627221268659029e-01
3.884684684684684726e+02 3.926352730409168323e-01
3.891891891891891078e+02 3.938842364832986775e-01
3.899099099099098567e+02 3.951091574351301983e-01
3.906306306306306055e+02 3.963096082437073120e-01
3.913513513513512976e+02 3.974851862650128353e-01
3.920720720720719896e+02 3.986355117899826883e-01
3.927927927927927385e+02 3.997602262162393560e-01
3.935135135135134874e+02 4.008589904327077291e-01
3.942342342342342363e+02 4.019314833892665972e-01
3.949549549549549283e+02 4.029774008276355568e-01
3.956756756756756204e+02 4.039964541530432496e-01
3.963963963963963693e+02 4.049883694291323555e-01
3.971171171171170613e+02 4.059528864809560100e-01
3.978378378378378102e+02 4.068897580930069258e-01
3.985585585585585591e+02 4.077987492909629919e-01
3.992792792792791943e+02 4.086796366973555750e-01
3.999999999999999432e+02 4.095322079526403924e-01
4.007207207207206920e+02 4.103562611942556115e-01
4.014414414414414409e+02 4.111516045872054548e-01
4.021621621621621898e+02 4.119180559005238274e-01
4.028828828828828819e+02 4.126554421246763082e-01
4.036036036036035739e+02 4.133635991255684150e-01
4.043243243243243228e+02 4.140423713313681198e-01
4.050450450450450717e+02 4.146916114487884109e-01
4.057657657657657069e+02 4.153111802059048507e-01
4.064864864864864558e+02 4.159009461189100421e-01
4.072072072072072046e+02 4.164607852805199406e-01
4.079279279279278967e+02 4.169905811680272856e-01
4.086486486486485887e+02 4.174902244692031972e-01
4.093693693693693376e+02 4.179596129244920188e-01
4.100900900900900297e+02 4.183986511840956934e-01
4.108108108108108354e+02 4.188072506787208216e-01
4.115315315315315274e+02 4.191853295029089321e-01
4.122522522522522195e+02 4.195328123099869577e-01
4.129729729729729684e+02 4.198496302177910922e-01
4.136936936936936604e+02 4.201357207244252323e-01
4.144144144144144093e+02 4.203910276334054119e-01
4.151351351351351582e+02 4.206155009876171857e-01
4.158558558558557934e+02 4.208090970115961893e-01
4.165765765765765423e+02 4.209717780617030503e-01
4.172972972972972912e+02 4.211035125838440973e-01
4.180180180180179264e+02 4.212042750784166234e-01
4.187387387387386752e+02 4.212740460722476654e-01
4.194594594594594241e+02 4.213128120973091972e-01
4.201801801801801730e+02 4.213205656760912743e-01
4.209009009009009219e+02 4.212973053134947965e-01
4.216216216216215571e+02 4.212430354952186318e-01
4.223423423423423060e+02 4.211577666926126229e-01
4.230630630630630549e+02 4.210415153740338368e-01
4.237837837837837469e+02 4.208943040227924870e-01
4.245045045045044958e+02 4.207161611617968866e-01
4.252252252252251878e+02 4.205071213850846146e-01
4.259459459459458799e+02 4.202672253964612192e-01
4.266666666666666288e+02 4.199965200555019207e-01
4.273873873873873777e+02 4.196950584312829635e-01
4.281081081081080129e+02 4.193628998641994454e-01
4.288288288288287617e+02 4.190001100363522357e-01
4.295495495495495106e+02 4.186067610510193493e-01
4.302702702702702595e+02 4.181829315218275611e-01
4.309909909909910084e+02 4.177287066723145426e-01
4.317117117117116436e+02 4.172441784466812686e-01
4.324324324324323925e+02 4.167294456326209318e-01
4.331531531531531414e+02 4.161846139972610881e-01
4.338738738738738903e+02 4.156097964373607345e-01
4.345945945945945255e+02 4.150051131450765984e-01
4.353153153153152743e+02 4.143706917907769571e-01
4.360360360360360232e+02 4.137066677245772039e-01
4.367567567567567153e+02 4.130131841984854835e-01
4.374774774774774073e+02 4.122903926113236084e-01
4.381981981981981562e+02 4.115384527788188973e-01
4.389189189189189051e+02 4.107575332316721894e-01
4.396396396396396540e+02 4.099478115446910098e-01
4.403603603603603460e+02 4.091094747005809551e-01
4.410810810810810381e+02 4.082427194924371228e-01
4.418018018018017870e+02 4.073477529695548882e-01
4.425225225225224790e+02 4.064247929318617891e-01
4.432432432432432279e+02 4.054740684789832628e-01
4.439639639639639768e+02 4.044958206208869589e-01
4.446846846846846120e+02 4.034903029580325651e-01
4.454054054054053609e+02 4.024577824401704973e-01
4.461261261261261097e+02 4.013985402143125936e-01
4.468468468468467449e+02 4.003128725740264793e-01
4.475675675675676075e+02 3.992010920241166327e-01
4.482882882882882427e+02 3.980635284769786231e-01
4.490090090090089916e+02 3.969005305995847444e-01
4.497297297297297405e+02 3.957124673331305353e-01
4.504504504504503757e+02 3.944997296111079632e-01
4.511711711711711246e+02 3.932627323058949242e-01
4.518918918918918735e+02 3.920019164391949640e-01
4.526126126126125655e+02 3.907177516978091458e-01
4.533333333333333144e+02 3.894107393036795317e-01
4.540540540540540064e+02 3.880814152959385366e-01
4.547747747747746985e+02 3.867303542933775429e-01
4.554954954954954474e+02 3.853581738184852501e-01
4.562162162162161962e+02 3.839655392796099687e-01
4.569369369369369451e+02 3.825531697263335751e-01
4.576576576576576372e+02 3.811218445155796775e-01
4.583783783783783292e+02 3.796724110530215190e-01
4.590990990990990213e+02 3.782057938071914927e-01
4.598198198198198270e+02 3.767230048332441128e-01
4.605405405405404622e+02 3.752251560912420736e-01
4.612612612612612111e+02 3.737134739015043339e-01
4.619819819819820168e+02 3.721893159488236513e-01
4.627027027027026520e+02 3.706541913300418489e-01
4.634234234234234577e+02 3.691097842372431659e-01
4.641441441441440929e+02 3.675579819829454253e-01
4.648648648648648418e+02 3.660009082040023842e-01
4.655855855855855339e+02 3.644409622253721448e-01
4.663063063063063396e+02 3.628808657164213081e-01
4.670270270270269748e+02 3.613237179170350477e-01
4.677477477477477237e+02 3.597730608211324177e-01
4.684684684684684157e+02 3.582329557336790260e-01
4.691891891891891646e+02 3.567080724830188898e-01
4.699099099099097998e+02 3.552037921431414058e-01
4.706306306306306055e+02 3.537263231973269417e-01
4.713513513513513544e+02 3.522828293553610934e-01
4.720720720720720465e+02 3.508815643034316478e-01
4.727927927927927954e+02 3.495320039936038459e-01
4.735135135135134306e+02 3.482449601189452348e-01
4.742342342342342363e+02 3.470326488386697439e-01
4.749549549549549283e+02 3.459086770084388029e-01
4.756756756756756772e+02 3.448878961130639742e-01
4.763963963963963124e+02 3.439860664492596642e-01
4.771171171171170613e+02 3.432192788816025852e-01
4.778378378378377533e+02 3.426031088736758989e-01
4.785585585585585591e+02 3.421515348198323481e-01
4.792792792792792511e+02 3.418757353657227993e-01
4.799999999999999432e+02 3.417829634158935925e-01
4.807207207207206920e+02 3.418757353657230769e-01
4.814414414414413841e+02 3.421515348198326256e-01
4.821621621621621898e+02 3.426031088736757324e-01
4.828828828828828250e+02 3.432192788816025852e-01
4.836036036036035739e+02 3.439860664492601083e-01
4.843243243243242659e+02 3.448878961130645848e-01
4.850450450450450148e+02 3.459086770084391360e-01
4.857657657657656500e+02 3.470326488386699104e-01
4.864864864864864558e+02 3.482449601189452348e-01
4.872072072072071478e+02 3.495320039936040124e-01
4.879279279279278967e+02 3.508815643034320364e-01
4.886486486486485319e+02 3.522828293553612045e-01
4.893693693693692808e+02 3.537263231973273858e-01
4.900900900900900865e+02 3.552037921431420164e-01
4.908108108108107785e+02 3.567080724830196115e-01
4.915315315315315274e+02 3.582329557336790260e-01
4.922522522522521626e+02 3.597730608211328618e-01
4.929729729729730252e+02 3.613237179170353253e-01
4.936936936936936036e+02 3.628808657164217522e-01
4.944144144144144093e+02 3.644409622253722558e-01
4.951351351351351013e+02 3.660009082040022732e-01
4.958558558558557934e+02 3.675579819829453143e-01
4.965765765765764854e+02 3.691097842372444982e-01
4.972972972972972912e+02 3.706541913300414048e-01
4.980180180180179832e+02 3.721893159488247060e-01
4.987387387387387321e+02 3.737134739015050555e-01
4.994594594594594241e+02 3.752251560912426287e-01
5.001801801801801162e+02 3.767230048332442793e-01
5.009009009009009219e+02 3.782057938071922143e-01
5.016216216216216139e+02 3.796724110530211860e-01
5.023423423423423628e+02 3.811218445155799550e-01
5.030630630630629980e+02 3.825531697263337416e-01
5.037837837837837469e+02 3.839655392796104127e-01
5.045045045045044390e+02 3.853581738184856942e-01
5.052252252252252447e+02 3.867303542933779870e-01
5.059459459459458799e+02 3.880814152959386476e-01
5.066666666666666288e+02 3.894107393036799758e-01
5.073873873873873777e+02 3.907177516978091458e-01
5.081081081081080697e+02 3.920019164391945199e-01
5.088288288288288754e+02 3.932627323058953683e-01
5.095495495495495106e+02 3.944997296111077967e-01
5.102702702702702595e+02 3.957124673331308129e-01
5.109909909909909516e+02 3.969005305995848554e-01
5.117117117117117004e+02 3.980635284769795113e-01
5.124324324324323925e+02 3.992010920241170213e-01
5.131531531531531982e+02 4.003128725740266458e-01
5.138738738738737766e+02 4.013985402143130377e-01
5.145945945945945823e+02 4.024577824401707749e-01
5.153153153153152743e+02 4.034903029580326761e-01
5.160360360360359664e+02 4.044958206208876805e-01
5.167567567567567721e+02 4.054740684789835403e-01
5.174774774774774642e+02 4.064247929318625108e-01
5.181981981981981562e+02 4.073477529695548882e-01
5.189189189189188482e+02 4.082427194924371228e-01
5.196396396396396540e+02 4.091094747005818433e-01
5.203603603603602323e+02 4.099478115446910098e-01
5.210810810810810381e+02 4.107575332316720229e-01
5.218018018018017301e+02 4.115384527788196745e-01
5.225225225225225358e+02 4.122903926113237194e-01
5.232432432432431142e+02 4.130131841984865382e-01
5.239639639639639199e+02 4.137066677245767599e-01
5.246846846846846120e+02 4.143706917907780118e-01
5.254054054054054177e+02 4.150051131450768760e-01
5.261261261261261097e+02 4.156097964373610676e-01
5.268468468468468018e+02 4.161846139972613656e-01
5.275675675675676075e+02 4.167294456326209318e-01
5.282882882882882996e+02 4.172441784466815462e-01
5.290090090090089916e+02 4.177287066723151532e-01
5.297297297297296836e+02 4.181829315218287269e-01
5.304504504504503757e+02 4.186067610510199599e-01
5.311711711711710677e+02 4.190001100363533459e-01
5.318918918918918735e+02 4.193628998641998895e-01
5.326126126126125655e+02 4.196950584312829635e-01
5.333333333333332575e+02 4.199965200555023648e-01
5.340540540540539496e+02 4.202672253964614968e-01
5.347747747747747553e+02 4.205071213850860579e-01
5.354954954954955610e+02 4.207161611617970531e-01
5.362162162162162531e+02 4.208943040227930976e-01
5.369369369369369451e+02 4.210415153740348360e-01
5.376576576576576372e+02 4.211577666926129004e-01
5.383783783783783292e+02 4.212430354952190759e-01
5.390990990990990213e+02 4.212973053134956292e-01
5.398198198198198270e+02 4.213205656760918849e-01
5.405405405405405190e+02 4.213128120973099189e-01
5.412612612612612111e+02 4.212740460722479430e-01
5.419819819819819031e+02 4.212042750784179557e-01
5.427027027027025952e+02 4.211035125838445414e-01
5.434234234234232872e+02 4.209717780617033278e-01
5.441441441441440929e+02 4.208090970115963558e-01
5.448648648648648987e+02 4.206155009876180739e-01
5.455855855855855907e+02 4.203910276334064111e-01
5.463063063063062827e+02 4.201357207244255099e-01
5.470270270270269748e+02 4.198496302177916473e-01
5.477477477477477805e+02 4.195328123099871243e-01
5.484684684684684726e+02 4.191853295029090987e-01
5.491891891891891646e+02 4.188072506787215432e-01
5.499099099099098567e+02 4.183986511840965816e-01
5.506306306306306624e+02 4.179596129244928515e-01
5.513513513513512407e+02 4.174902244692037523e-01
5.520720720720720465e+02 4.169905811680277297e-01
5.527927927927927385e+02 4.164607852805205512e-01
5.535135135135134306e+02 4.159009461189106527e-01
5.542342342342342363e+02 4.153111802059061275e-01
5.549549549549549283e+02 4.146916114487886884e-01
5.556756756756757341e+02 4.140423713313687304e-01
5.563963963963963124e+02 4.133635991255690256e-01
5.571171171171171181e+02 4.126554421246767523e-01
5.578378378378378102e+02 4.119180559005248266e-01
5.585585585585586159e+02 4.111516045872063430e-01
5.592792792792791943e+02 4.103562611942566107e-01
5.600000000000000000e+02 4.095322079526414472e-01
5.607207207207206920e+02 4.086796366973564631e-01
5.614414414414413841e+02 4.077987492909633804e-01
5.621621621621620761e+02 4.068897580930079250e-01
5.628828828828828819e+02 4.059528864809567317e-01
5.636036036036035739e+02 4.049883694291323555e-01
5.643243243243242659e+02 4.039964541530439712e-01
5.650450450450450717e+02 4.029774008276353903e-01
5.657657657657656500e+02 4.019314833892668748e-01
5.664864864864864558e+02 4.008589904327075626e-01
5.672072072072071478e+02 3.997602262162399112e-01
5.679279279279279535e+02 3.986355117899834100e-01
5.686486486486485319e+02 3.974851862650131129e-01
5.693693693693693376e+02 3.963096082437075895e-01
5.700900900900900297e+02 3.951091574351310864e-01
5.708108108108108354e+02 3.938842364832989551e-01
5.715315315315314137e+02 3.926352730409174430e-01
5.722522522522522195e+02 3.913627221268666245e-01
5.729729729729729115e+02 3.900670688124821539e-01
5.736936936936936036e+02 3.887488312897600107e-01
5.744144144144144093e+02 3.874085643843231397e-01
5.751351351351351013e+02 3.860468635876375121e-01
5.758558558558557934e+02 3.846643696969649917e-01
5.765765765765764854e+02 3.832617741684440915e-01
5.772972972972972912e+02 3.818398253090679595e-01
5.780180180180178695e+02 3.803993354579686681e-01
5.787387387387386752e+02 3.789411893372037210e-01
5.794594594594593673e+02 3.774663537882895215e-01
5.801801801801801730e+02 3.759758891542606118e-01
5.809009009009007514e+02 3.744709626196358054e-01
5.816216216216216708e+02 3.729528638838918719e-01
5.823423423423423628e+02 3.714230236198093338e-01
5.830630630630630549e+02 3.698830352580837477e-01
5.837837837837837469e+02 3.683346807454449534e-01
5.845045045045044390e+02 3.667799610458571391e-01
5.852252252252252447e+02 3.652211322922976344e-01
5.859459459459459367e+02 3.636607486457635319e-01
5.866666666666666288e+02 3.621017130686882135e-01
5.873873873873873208e+02 3.605473373518559010e-01
5.881081081081080129e+02 3.590014128109970115e-01
5.888288288288287049e+02 3.574682930291021576e-01
5.895495495495495106e+02 3.559529897599899018e-01
5.902702702702702027e+02 3.544612824643306737e-01
5.909909909909910084e+02 3.529998406727016258e-01
5.917117117117117004e+02 3.515763561038159901e-01
5.924324324324323925e+02 3.501996777339155820e-01
5.931531531531531982e+02 3.488799372600974169e-01
5.938738738738738903e+02 3.476286441411337025e-01
5.945945945945945823e+02 3.464587185799154478e-01
5.953153153153152743e+02 3.453844184891369240e-01
5.960360360360359664e+02 3.444211058392308011e-01
5.967567567567566584e+02 3.435847951495496488e-01
5.974774774774774642e+02 3.428914416936033049e-01
5.981981981981981562e+02 3.423559689232471004e-01
5.989189189189188482e+02 3.419911063334374335e-01
5.996396396396395403e+02 3.418061963266809666e-01
6.003603603603602323e+02 3.418061963266814107e-01
6.010810810810811518e+02 3.419911063334372670e-01
6.018018018018017301e+02 3.423559689232468228e-01
6.025225225225225358e+02 3.428914416936028609e-01
6.032432432432432279e+02 3.435847951495494823e-01
6.039639639639639199e+02 3.444211058392299130e-01
6.046846846846846120e+02 3.453844184891368130e-01
6.054054054054054177e+02 3.464587185799152813e-01
6.061261261261261097e+02 3.476286441411332584e-01
6.068468468468468018e+02 3.488799372600965287e-01
6.075675675675674938e+02 3.501996777339149713e-01
6.082882882882881859e+02 3.515763561038157126e-01
6.090090090090089916e+02 3.529998406727011817e-01
6.097297297297296836e+02 3.544612824643297855e-01
6.104504504504504894e+02 3.559529897599891801e-01
6.111711711711710677e+02 3.574682930291011584e-01
6.118918918918918735e+02 3.590014128109964009e-01
6.126126126126125655e+02 3.605473373518553459e-01
6.133333333333333712e+02 3.621017130686877694e-01
6.140540540540539496e+02 3.636607486457625327e-01
6.147747747747747553e+02 3.652211322922971903e-01
6.154954954954954474e+02 3.667799610458560844e-01
6.162162162162162531e+02 3.683346807454440652e-01
6.169369369369368314e+02 3.698830352580831926e-01
6.176576576576576372e+02 3.714230236198083346e-01
6.183783783783783292e+02 3.729528638838915389e-01
6.190990990990990213e+02 3.744709626196343066e-01
6.198198198198198270e+02 3.759758891542594461e-01
6.205405405405405190e+02 3.774663537882885223e-01
6.212612612612612111e+02 3.789411893372035545e-01
6.219819819819819031e+02 3.803993354579675024e-01
6.227027027027027088e+02 3.818398253090672378e-01
6.234234234234232872e+02 3.832617741684427592e-01
6.241441441441440929e+02 3.846643696969642146e-01
6.248648648648647850e+02 3.860468635876365129e-01
6.255855855855855907e+02 3.874085643843222515e-01
6.263063063063061691e+02 3.887488312897590115e-01
6.270270270270269748e+02 3.900670688124813212e-01
6.277477477477477805e+02 3.913627221268657363e-01
6.284684684684684726e+02 3.926352730409165548e-01
6.291891891891891646e+02 3.938842364832986775e-01
6.299099099099098567e+02 3.951091574351300872e-01
6.306306306306305487e+02 3.963096082437070344e-01
6.313513513513512407e+02 3.974851862650125023e-01
6.320720720720720465e+02 3.986355117899826883e-01
6.327927927927927385e+02 3.997602262162390230e-01
6.335135135135134306e+02 4.008589904327068409e-01
6.342342342342341226e+02 4.019314833892664307e-01
6.349549549549549283e+02 4.029774008276350017e-01
6.356756756756755067e+02 4.039964541530432496e-01
6.363963963963964261e+02 4.049883694291319114e-01
6.371171171171171181e+02 4.059528864809557325e-01
6.378378378378378102e+02 4.068897580930067592e-01
6.385585585585585022e+02 4.077987492909625478e-01
6.392792792792791943e+02 4.086796366973550199e-01
6.400000000000000000e+02 4.095322079526402814e-01
6.407207207207206920e+02 4.103562611942558891e-01
6.414414414414413841e+02 4.111516045872053438e-01
6.421621621621620761e+02 4.119180559005238274e-01
6.428828828828828819e+02 4.126554421246758642e-01
6.436036036036035739e+02 4.133635991255679709e-01
6.443243243243242659e+02 4.140423713313679532e-01
6.450450450450449580e+02 4.146916114487880778e-01
6.457657657657656500e+02 4.153111802059049618e-01
6.464864864864865694e+02 4.159009461189099310e-01
6.472072072072071478e+02 4.164607852805201071e-01
6.479279279279279535e+02 4.169905811680272856e-01
6.486486486486486456e+02 4.174902244692030306e-01
6.493693693693693376e+02 4.179596129244920188e-01
6.500900900900900297e+02 4.183986511840954159e-01
6.508108108108108354e+02 4.188072506787203775e-01
6.515315315315315274e+02 4.191853295029086546e-01
6.522522522522521058e+02 4.195328123099866802e-01
6.529729729729729115e+02 4.198496302177904815e-01
6.536936936936936036e+02 4.201357207244247882e-01
6.544144144144144093e+02 4.203910276334052454e-01
6.551351351351351013e+02 4.206155009876176298e-01
6.558558558558559071e+02 4.208090970115954677e-01
6.565765765765764854e+02 4.209717780617028837e-01
6.572972972972972912e+02 4.211035125838439863e-01
6.580180180180179832e+02 4.212042750784169565e-01
6.587387387387386752e+02 4.212740460722472213e-01
6.594594594594593673e+02 4.213128120973096413e-01
6.601801801801801730e+02 4.213205656760914408e-01
6.609009009009008651e+02 4.212973053134955181e-01
6.616216216216216708e+02 4.212430354952187983e-01
6.623423423423422491e+02 4.211577666926120123e-01
6.630630630630629412e+02 4.210415153740341143e-01
6.637837837837837469e+02 4.208943040227926535e-01
6.645045045045044390e+02 4.207161611617968866e-01
6.652252252252252447e+02 4.205071213850850587e-01
6.659459459459459367e+02 4.202672253964613858e-01
6.666666666666666288e+02 4.199965200555025313e-01
6.673873873873873208e+02 4.196950584312825194e-01
6.681081081081081265e+02 4.193628998642001671e-01
6.688288288288287049e+02 4.190001100363526243e-01
6.695495495495495106e+02 4.186067610510195158e-01
6.702702702702702027e+02 4.181829315218281162e-01
6.709909909909910084e+02 4.177287066723154307e-01
6.717117117117115868e+02 4.172441784466815462e-01
6.724324324324325062e+02 4.167294456326207652e-01
6.731531531531530845e+02 4.161846139972610881e-01
6.738738738738737766e+02 4.156097964373607345e-01
6.745945945945945823e+02 4.150051131450771535e-01
6.753153153153152743e+02 4.143706917907774012e-01
6.760360360360359664e+02 4.137066677245767599e-01
6.767567567567567721e+02 4.130131841984862051e-01
6.774774774774774642e+02 4.122903926113232753e-01
6.781981981981980425e+02 4.115384527788187863e-01
6.789189189189188482e+02 4.107575332316717454e-01
6.796396396396395403e+02 4.099478115446910098e-01
6.803603603603603460e+02 4.091094747005817323e-01
6.810810810810810381e+02 4.082427194924371228e-01
6.818018018018018438e+02 4.073477529695552768e-01
6.825225225225224222e+02 4.064247929318617891e-01
6.832432432432431142e+02 4.054740684789832628e-01
6.839639639639640336e+02 4.044958206208875140e-01
6.846846846846846120e+02 4.034903029580328426e-01
6.854054054054053040e+02 4.024577824401704973e-01
6.861261261261261097e+02 4.013985402143125936e-01
6.868468468468468018e+02 4.003128725740269234e-01
6.875675675675676075e+02 3.992010920241169103e-01
6.882882882882882996e+02 3.980635284769792337e-01
6.890090090090088779e+02 3.969005305995851329e-01
6.897297297297296836e+02 3.957124673331308129e-01
6.904504504504503757e+02 3.944997296111077967e-01
6.911711711711710677e+02 3.932627323058953683e-01
6.918918918918918735e+02 3.920019164391945199e-01
6.926126126126125655e+02 3.907177516978091458e-01
6.933333333333333712e+02 3.894107393036795317e-01
6.940540540540539496e+02 3.880814152959388141e-01
6.947747747747748690e+02 3.867303542933777094e-01
6.954954954954954474e+02 3.853581738184856942e-01
6.962162162162161394e+02 3.839655392796098021e-01
6.969369369369369451e+02 3.825531697263344633e-01
6.976576576576576372e+02 3.811218445155799550e-01
6.983783783783782155e+02 3.796724110530220742e-01
6.990990990990991349e+02 3.782057938071917702e-01
6.998198198198197133e+02 3.767230048332441128e-01
7.005405405405404053e+02 3.752251560912421846e-01
7.012612612612612111e+02 3.737134739015047780e-01
7.019819819819819031e+02 3.721893159488248171e-01
7.027027027027027088e+02 3.706541913300415714e-01
7.034234234234234009e+02 3.691097842372440541e-01
7.041441441441442066e+02 3.675579819829455919e-01
7.048648648648647850e+02 3.660009082040029949e-01
7.055855855855854770e+02 3.644409622253719783e-01
7.063063063063062827e+02 3.628808657164224738e-01
7.070270270270269748e+02 3.613237179170351587e-01
7.077477477477476668e+02 3.597730608211329728e-01
7.084684684684684726e+02 3.582329557336786929e-01
7.091891891891890509e+02 3.567080724830197225e-01
7.099099099099097430e+02 3.552037921431418499e-01
7.106306306306306624e+02 3.537263231973277189e-01
7.113513513513512407e+02 3.522828293553615375e-01
7.120720720720720465e+02 3.508815643034319254e-01
7.127927927927927385e+02 3.495320039936042900e-01
7.135135135135135442e+02 3.482449601189451238e-01
7.142342342342341226e+02 3.470326488386701880e-01
7.149549549549549283e+02 3.459086770084389695e-01
7.156756756756756204e+02 3.448878961130646958e-01
7.163963963963963124e+02 3.439860664492596642e-01
7.171171171171170045e+02 3.432192788816026963e-01
7.178378378378378102e+02 3.426031088736761765e-01
7.185585585585583885e+02 3.421515348198327922e-01
7.192792792792793080e+02 3.418757353657227993e-01
7.200000000000000000e+02 3.417829634158937591e-01
