# Theta values used in calculation
0.000000000000000000e+00
1.282282715750935886e-01
2.564565431501871773e-01
3.846848147252807659e-01
5.129130863003743546e-01
6.411413578754678877e-01
7.693696294505615318e-01
8.975979010256551760e-01
1.025826172600748709e+00
1.154054444175842242e+00
1.282282715750935775e+00
1.410510987326029531e+00
1.538739258901123064e+00
1.666967530476216597e+00
1.795195802051310352e+00
1.923424073626403885e+00
2.051652345201497418e+00
2.179880616776590951e+00
2.308108888351684485e+00
2.436337159926778018e+00
2.564565431501871551e+00
2.692793703076965528e+00
2.821021974652059061e+00
2.949250246227152594e+00
3.077478517802246127e+00
3.205706789377339661e+00
3.333935060952433194e+00
3.462163332527526727e+00
3.590391604102620704e+00
3.718619875677714237e+00
3.846848147252807770e+00
3.975076418827901303e+00
4.103304690402994837e+00
4.231532961978088814e+00
4.359761233553181903e+00
4.487989505128275880e+00
4.616217776703368969e+00
4.744446048278462946e+00
4.872674319853556035e+00
5.000902591428650013e+00
5.129130863003743102e+00
5.257359134578837079e+00
5.385587406153931056e+00
5.513815677729024145e+00
5.642043949304118122e+00
5.770272220879211211e+00
5.898500492454305189e+00
6.026728764029398278e+00
6.154957035604492255e+00
6.283185307179586232e+00
