Theta (degrees)	Normalized Energy
0.000000000000000000e+00 2.926924133535956374e-01
1.801801801801801717e-01 2.926855718870460810e-01
3.603603603603603434e-01 2.926650575211173777e-01
5.405405405405404595e-01 2.926309002796808056e-01
7.207207207207206867e-01 2.925831499462733243e-01
9.009009009009008029e-01 2.925218756845595625e-01
1.081081081081080919e+00 2.924471655164770922e-01
1.261261261261261035e+00 2.923591256672034566e-01
1.441441441441441373e+00 2.922578797881898449e-01
1.621621621621621712e+00 2.921435680712787808e-01
1.801801801801801606e+00 2.920163462682983657e-01
1.981981981981981944e+00 2.918763846315279853e-01
2.162162162162161838e+00 2.917238667909624605e-01
2.342342342342341954e+00 2.915589885845094598e-01
2.522522522522522070e+00 2.913819568570024665e-01
2.702702702702702631e+00 2.911929882433883510e-01
2.882882882882882747e+00 2.909923079505678523e-01
3.063063063063062419e+00 2.907801485512948036e-01
3.243243243243243423e+00 2.905567488022484657e-01
3.423423423423423095e+00 2.903223524969595903e-01
3.603603603603603212e+00 2.900772073628099523e-01
3.783783783783783328e+00 2.898215640097451251e-01
3.963963963963963888e+00 2.895556749368800031e-01
4.144144144144143560e+00 2.892797936016760496e-01
4.324324324324323676e+00 2.889941735550047297e-01
4.504504504504503792e+00 2.886990676441332226e-01
4.684684684684683909e+00 2.883947272845199250e-01
4.864864864864864913e+00 2.880814018002811894e-01
5.045045045045044141e+00 2.877593378323040074e-01
5.225225225225224257e+00 2.874287788122560916e-01
5.405405405405405261e+00 2.870899645000923317e-01
5.585585585585585378e+00 2.867431305822073506e-01
5.765765765765765494e+00 2.863885083269911425e-01
5.945945945945945610e+00 2.860263242942898132e-01
6.126126126126124838e+00 2.856568000950868158e-01
6.306306306306305842e+00 2.852801521976576771e-01
6.486486486486486847e+00 2.848965917764101907e-01
6.666666666666666075e+00 2.845063245996594659e-01
6.846846846846846191e+00 2.841095509527080676e-01
7.027027027027027195e+00 2.837064655926818113e-01
7.207207207207206423e+00 2.832972577317599550e-01
7.387387387387387427e+00 2.828821110456115617e-01
7.567567567567566655e+00 2.824612037040225565e-01
7.747747747747746772e+00 2.820347084209309796e-01
7.927927927927927776e+00 2.816027925212544747e-01
8.108108108108107004e+00 2.811656180221393520e-01
8.288288288288287120e+00 2.807233417264254349e-01
8.468468468468467236e+00 2.802761153263451099e-01
8.648648648648647352e+00 2.798240855156484130e-01
8.828828828828829245e+00 2.793673941085246248e-01
9.009009009009007585e+00 2.789061781638686455e-01
9.189189189189187701e+00 2.784405701135926336e-01
9.369369369369367817e+00 2.779706978938276118e-01
9.549549549549547933e+00 2.774966850780026806e-01
9.729729729729729826e+00 2.770186510109104439e-01
9.909909909909908166e+00 2.765367109429800463e-01
1.009009009009008828e+01 2.760509761640890236e-01
1.027027027027027017e+01 2.755615541363339860e-01
1.045045045045044851e+01 2.750685486252639200e-01
1.063063063063063041e+01 2.745720598291659931e-01
1.081081081081081052e+01 2.740721845060511419e-01
1.099099099099099064e+01 2.735690160980520091e-01
1.117117117117117076e+01 2.730626448530042993e-01
1.135135135135134909e+01 2.725531579430207629e-01
1.153153153153153099e+01 2.720406395799200294e-01
1.171171171171171110e+01 2.715251711274029311e-01
1.189189189189189122e+01 2.710068312098964372e-01
1.207207207207207311e+01 2.704856958180325011e-01
1.225225225225224968e+01 2.699618384107277391e-01
1.243243243243243157e+01 2.694353300138680463e-01
1.261261261261261168e+01 2.689062393156205211e-01
1.279279279279279180e+01 2.683746327583959035e-01
1.297297297297297369e+01 2.678405746275124288e-01
1.315315315315315381e+01 2.673041271366153326e-01
1.333333333333333215e+01 2.667653505099165656e-01
1.351351351351351227e+01 2.662243030613251071e-01
1.369369369369369238e+01 2.656810412705446489e-01
1.387387387387387427e+01 2.651356198562217492e-01
1.405405405405405439e+01 2.645880918462267251e-01
1.423423423423423273e+01 2.640385086451542684e-01
1.441441441441441285e+01 2.634869200991343252e-01
1.459459459459459296e+01 2.629333745580386128e-01
1.477477477477477485e+01 2.623779189351729269e-01
1.495495495495495497e+01 2.618205987645491617e-01
1.513513513513513331e+01 2.612614582558125953e-01
1.531531531531531520e+01 2.607005403469259130e-01
1.549549549549549354e+01 2.601378867546853546e-01
1.567567567567567544e+01 2.595735380231544709e-01
1.585585585585585555e+01 2.590075335701007009e-01
1.603603603603603744e+01 2.584399117315097638e-01
1.621621621621621401e+01 2.578707098042572476e-01
1.639639639639639412e+01 2.572999640870164417e-01
1.657657657657657424e+01 2.567277099194666401e-01
1.675675675675675791e+01 2.561539817198815183e-01
1.693693693693693447e+01 2.555788130211583131e-01
1.711711711711711814e+01 2.550022365053613571e-01
1.729729729729729470e+01 2.544242840368331482e-01
1.747747747747747482e+01 2.538449866939466171e-01
1.765765765765765849e+01 2.532643747995436123e-01
1.783783783783783861e+01 2.526824779501291030e-01
1.801801801801801517e+01 2.520993250438646194e-01
1.819819819819819884e+01 2.515149443074203295e-01
1.837837837837837540e+01 2.509293633217324349e-01
1.855855855855855907e+01 2.503426090467136267e-01
1.873873873873873563e+01 2.497547078449630364e-01
1.891891891891891930e+01 2.491656855045208951e-01
1.909909909909909587e+01 2.485755672607099787e-01
1.927927927927927598e+01 2.479843778170983670e-01
1.945945945945945965e+01 2.473921413656322010e-01
1.963963963963963977e+01 2.467988816059670520e-01
1.981981981981981633e+01 2.462046217640382062e-01
2.000000000000000000e+01 2.456093846098973132e-01
2.018018018018017656e+01 2.450131924748565615e-01
2.036036036036036023e+01 2.444160672679663859e-01
2.054054054054054035e+01 2.438180304918519670e-01
2.072072072072071691e+01 2.432191032579457401e-01
2.090090090090089703e+01 2.426193063011370665e-01
2.108108108108108070e+01 2.420186599938662919e-01
2.126126126126126081e+01 2.414171843596850664e-01
2.144144144144144093e+01 2.408148990863143435e-01
2.162162162162162105e+01 2.402118235382133815e-01
2.180180180180180116e+01 2.396079767686857542e-01
2.198198198198198128e+01 2.390033775315432429e-01
2.216216216216215784e+01 2.383980442923483989e-01
2.234234234234234151e+01 2.377919952392478220e-01
2.252252252252251807e+01 2.371852482934237449e-01
2.270270270270269819e+01 2.365778211191744418e-01
2.288288288288288186e+01 2.359697311336428627e-01
2.306306306306306197e+01 2.353609955162065948e-01
2.324324324324324209e+01 2.347516312175483844e-01
2.342342342342342221e+01 2.341416549684189885e-01
2.360360360360360232e+01 2.335310832881042631e-01
2.378378378378378244e+01 2.329199324926153614e-01
2.396396396396396256e+01 2.323082187026092316e-01
2.414414414414414622e+01 2.316959578510547346e-01
2.432432432432431924e+01 2.310831656906552067e-01
2.450450450450449935e+01 2.304698578010395404e-01
2.468468468468468302e+01 2.298560495957282512e-01
2.486486486486486314e+01 2.292417563288941529e-01
2.504504504504504325e+01 2.286269931019161983e-01
2.522522522522522337e+01 2.280117748697453317e-01
2.540540540540540349e+01 2.273961164470863494e-01
2.558558558558558360e+01 2.267800325144046503e-01
2.576576576576576372e+01 2.261635376237729478e-01
2.594594594594594739e+01 2.255466462045539466e-01
2.612612612612612040e+01 2.249293725689408274e-01
2.630630630630630762e+01 2.243117309173503215e-01
2.648648648648648418e+01 2.236937353436875831e-01
2.666666666666666430e+01 2.230753998404801375e-01
2.684684684684684441e+01 2.224567383038931201e-01
2.702702702702702453e+01 2.218377645386309382e-01
2.720720720720720465e+01 2.212184922627351280e-01
2.738738738738738476e+01 2.205989351122755737e-01
2.756756756756756488e+01 2.199791066459539091e-01
2.774774774774774855e+01 2.193590203496151303e-01
2.792792792792792156e+01 2.187386896406759984e-01
2.810810810810810878e+01 2.181181278724796946e-01
2.828828828828828534e+01 2.174973483385740647e-01
2.846846846846846546e+01 2.168763642769301336e-01
2.864864864864864558e+01 2.162551888740938399e-01
2.882882882882882569e+01 2.156338352692853955e-01
2.900900900900900581e+01 2.150123165584480467e-01
2.918918918918918592e+01 2.143906457982505120e-01
2.936936936936936249e+01 2.137688360100479246e-01
2.954954954954954971e+01 2.131469001838098565e-01
2.972972972972972983e+01 2.125248512820130664e-01
2.990990990990990994e+01 2.119027022435130692e-01
3.009009009009008651e+01 2.112804659873906699e-01
3.027027027027026662e+01 2.106581554167814008e-01
3.045045045045044674e+01 2.100357834226970755e-01
3.063063063063063041e+01 2.094133628878333264e-01
3.081081081081081408e+01 2.087909066903807231e-01
3.099099099099098709e+01 2.081684277078330869e-01
3.117117117117117076e+01 2.075459388208055200e-01
3.135135135135135087e+01 2.069234529168601511e-01
3.153153153153152743e+01 2.063009828943521418e-01
3.171171171171171110e+01 2.056785416662927080e-01
3.189189189189189122e+01 2.050561421642391469e-01
3.207207207207207489e+01 2.044337973422151178e-01
3.225225225225224790e+01 2.038115201806675325e-01
3.243243243243242802e+01 2.031893236904603883e-01
3.261261261261260813e+01 2.025672209169188942e-01
3.279279279279278825e+01 2.019452249439195601e-01
3.297297297297297547e+01 2.013233488980409325e-01
3.315315315315314848e+01 2.007016059527721996e-01
3.333333333333332860e+01 2.000800093327901596e-01
3.351351351351351582e+01 1.994585723183101289e-01
3.369369369369368883e+01 1.988373082495148991e-01
3.387387387387386894e+01 1.982162305310681272e-01
3.405405405405405617e+01 1.975953526367182356e-01
3.423423423423423628e+01 1.969746881140033157e-01
3.441441441441441640e+01 1.963542505890551459e-01
3.459459459459458941e+01 1.957340537715185624e-01
3.477477477477476953e+01 1.951141114595865977e-01
3.495495495495494964e+01 1.944944375451626017e-01
3.513513513513512976e+01 1.938750460191553115e-01
3.531531531531531698e+01 1.932559509769143646e-01
3.549549549549549710e+01 1.926371666238159697e-01
3.567567567567567721e+01 1.920187072810081441e-01
3.585585585585585022e+01 1.914005873913191269e-01
3.603603603603603034e+01 1.907828215253467852e-01
3.621621621621621046e+01 1.901654243877309025e-01
3.639639639639639768e+01 1.895484108236229759e-01
3.657657657657657779e+01 1.889317958253626528e-01
3.675675675675675080e+01 1.883155945393726605e-01
3.693693693693693803e+01 1.876998222732816080e-01
3.711711711711711814e+01 1.870844945032905660e-01
3.729729729729729115e+01 1.864696268817916669e-01
3.747747747747747127e+01 1.858552352452562950e-01
3.765765765765765849e+01 1.852413356224028307e-01
3.783783783783783861e+01 1.846279442426614903e-01
3.801801801801801162e+01 1.840150775449495846e-01
3.819819819819819173e+01 1.834027521867752641e-01
3.837837837837837185e+01 1.827909850536831304e-01
3.855855855855855197e+01 1.821797932690641386e-01
3.873873873873873919e+01 1.815691942043422269e-01
3.891891891891891930e+01 1.809592054895641511e-01
3.909909909909909942e+01 1.803498450244071516e-01
3.927927927927927954e+01 1.797411309896286835e-01
3.945945945945945255e+01 1.791330818589806362e-01
3.963963963963963266e+01 1.785257164116099693e-01
3.981981981981981988e+01 1.779190537449750753e-01
4.000000000000000000e+01 1.773131132882992400e-01
4.018018018018018012e+01 1.767079148165912328e-01
4.036036036036035313e+01 1.761034784652626140e-01
4.054054054054054035e+01 1.754998247453718740e-01
4.072072072072072046e+01 1.748969745595284619e-01
4.090090090090090058e+01 1.742949492184886207e-01
4.108108108108108070e+01 1.736937704584815834e-01
4.126126126126126081e+01 1.730934604593026283e-01
4.144144144144143382e+01 1.724940418632147920e-01
4.162162162162162105e+01 1.718955377946963237e-01
4.180180180180179406e+01 1.712979718810857810e-01
4.198198198198197417e+01 1.707013682741641003e-01
4.216216216216216139e+01 1.701057516727284002e-01
4.234234234234234151e+01 1.695111473462064811e-01
4.252252252252252163e+01 1.689175811593684740e-01
4.270270270270269464e+01 1.683250795981920123e-01
4.288288288288288186e+01 1.677336697969428192e-01
4.306306306306305487e+01 1.671433795665359101e-01
4.324324324324324209e+01 1.665542374242421075e-01
4.342342342342342931e+01 1.659662726248157527e-01
4.360360360360360232e+01 1.653795151931135299e-01
4.378378378378377533e+01 1.647939959582897240e-01
4.396396396396396256e+01 1.642097465896447672e-01
4.414414414414414267e+01 1.636267996342228026e-01
4.432432432432431568e+01 1.630451885562432812e-01
4.450450450450450290e+01 1.624649477784693707e-01
4.468468468468468302e+01 1.618861127256137344e-01
4.486486486486486314e+01 1.613087198698904545e-01
4.504504504504503615e+01 1.607328067788242887e-01
4.522522522522522337e+01 1.601584121654414938e-01
4.540540540540539638e+01 1.595855759409589847e-01
4.558558558558558360e+01 1.590143392701120206e-01
4.576576576576576372e+01 1.584447446292512884e-01
4.594594594594594383e+01 1.578768358673570960e-01
4.612612612612612395e+01 1.573106582701166711e-01
4.630630630630629696e+01 1.567462586272266589e-01
4.648648648648648418e+01 1.561836853030824368e-01
4.666666666666665719e+01 1.556229883110210044e-01
4.684684684684684441e+01 1.550642193913004674e-01
4.702702702702703164e+01 1.545074320929976375e-01
4.720720720720720465e+01 1.539526818600093772e-01
4.738738738738738476e+01 1.534000261213601390e-01
4.756756756756756488e+01 1.528495243860129305e-01
4.774774774774774500e+01 1.523012383423888449e-01
4.792792792792792511e+01 1.517552319628115154e-01
4.810810810810810523e+01 1.512115716130835452e-01
4.828828828828829245e+01 1.506703261674130767e-01
4.846846846846846546e+01 1.501315671289091824e-01
4.864864864864863847e+01 1.495953687558564671e-01
4.882882882882882569e+01 1.490618081939846518e-01
4.900900900900899870e+01 1.485309656149361723e-01
4.918918918918918592e+01 1.480029243611276635e-01
4.936936936936936604e+01 1.474777710971943712e-01
4.954954954954954616e+01 1.469555959681763668e-01
4.972972972972972627e+01 1.464364927646011894e-01
4.990990990990989928e+01 1.459205590945726883e-01
5.009009009009008651e+01 1.454078965629538311e-01
5.027027027027027373e+01 1.448986109576866632e-01
5.045045045045044674e+01 1.443928124432353466e-01
5.063063063063063396e+01 1.438906157610901904e-01
5.081081081081080697e+01 1.433921404371823749e-01
5.099099099099098709e+01 1.428975109959918222e-01
5.117117117117116720e+01 1.424068571810117589e-01
5.135135135135135442e+01 1.419203141811384572e-01
5.153153153153152743e+01 1.414380228623977609e-01
5.171171171171170755e+01 1.409601300042805927e-01
5.189189189189189477e+01 1.404867885397781679e-01
5.207207207207206778e+01 1.400181577979983938e-01
5.225225225225224079e+01 1.395544037480235255e-01
5.243243243243242802e+01 1.390956992424027538e-01
5.261261261261261524e+01 1.386422242583901510e-01
5.279279279279278825e+01 1.381941661347033390e-01
5.297297297297296836e+01 1.377517198012326027e-01
5.315315315315314848e+01 1.373150879987230510e-01
5.333333333333332860e+01 1.368844814850295466e-01
5.351351351351350161e+01 1.364601192240790795e-01
5.369369369369368883e+01 1.360422285531677211e-01
5.387387387387387605e+01 1.356310453236997116e-01
5.405405405405404906e+01 1.352268140099197047e-01
5.423423423423423628e+01 1.348297877796185706e-01
5.441441441441440929e+01 1.344402285202187797e-01
5.459459459459458941e+01 1.340584068130803719e-01
5.477477477477476953e+01 1.336846018483239251e-01
5.495495495495495675e+01 1.333191012719674717e-01
5.513513513513512976e+01 1.329622009567619778e-01
5.531531531531530987e+01 1.326142046877766822e-01
5.549549549549549710e+01 1.322754237536019617e-01
5.567567567567567011e+01 1.319461764340350840e-01
5.585585585585584312e+01 1.316267873753086681e-01
5.603603603603603034e+01 1.313175868443971217e-01
5.621621621621621756e+01 1.310189098546986897e-01
5.639639639639639057e+01 1.307310951565206214e-01
5.657657657657657069e+01 1.304544840872952638e-01
5.675675675675675080e+01 1.301894192783847048e-01
5.693693693693693092e+01 1.299362432177008086e-01
5.711711711711711814e+01 1.296952966701724053e-01
5.729729729729729115e+01 1.294669169613335280e-01
5.747747747747747837e+01 1.292514361329372974e-01
5.765765765765765138e+01 1.290491789834425362e-01
5.783783783783783150e+01 1.288604610103992465e-01
5.801801801801801162e+01 1.286855862760339642e-01
5.819819819819819173e+01 1.285248452215347059e-01
5.837837837837837185e+01 1.283785124595219207e-01
5.855855855855855197e+01 1.282468445777103228e-01
5.873873873873872498e+01 1.281300779896473729e-01
5.891891891891891930e+01 1.280284268704482142e-01
5.909909909909909942e+01 1.279420812164322463e-01
5.927927927927927954e+01 1.278712050673782297e-01
5.945945945945945965e+01 1.278159349286170088e-01
5.963963963963963266e+01 1.277763784273817371e-01
5.981981981981981988e+01 1.277526132337000186e-01
5.999999999999999289e+01 1.277446862708048192e-01
6.018018018018017301e+01 1.277526132336997966e-01
6.036036036036035313e+01 1.277763784273817926e-01
6.054054054054053324e+01 1.278159349286170643e-01
6.072072072072070625e+01 1.278712050673781742e-01
6.090090090090089348e+01 1.279420812164323296e-01
6.108108108108106649e+01 1.280284268704481587e-01
6.126126126126126081e+01 1.281300779896473729e-01
6.144144144144144093e+01 1.282468445777102672e-01
6.162162162162162815e+01 1.283785124595219207e-01
6.180180180180180116e+01 1.285248452215345394e-01
6.198198198198197417e+01 1.286855862760340197e-01
6.216216216216216139e+01 1.288604610103992465e-01
6.234234234234234151e+01 1.290491789834423142e-01
6.252252252252251452e+01 1.292514361329373807e-01
6.270270270270270174e+01 1.294669169613334447e-01
6.288288288288287475e+01 1.296952966701725440e-01
6.306306306306305487e+01 1.299362432177008919e-01
6.324324324324323499e+01 1.301894192783848436e-01
6.342342342342342221e+01 1.304544840872955691e-01
6.360360360360360943e+01 1.307310951565206769e-01
6.378378378378378244e+01 1.310189098546988284e-01
6.396396396396396256e+01 1.313175868443972050e-01
6.414414414414414978e+01 1.316267873753087514e-01
6.432432432432432279e+01 1.319461764340348620e-01
6.450450450450449580e+01 1.322754237536021005e-01
6.468468468468468302e+01 1.326142046877770431e-01
6.486486486486485603e+01 1.329622009567621166e-01
6.504504504504502904e+01 1.333191012719674717e-01
6.522522522522521626e+01 1.336846018483241472e-01
6.540540540540538927e+01 1.340584068130804551e-01
6.558558558558557650e+01 1.344402285202188352e-01
6.576576576576576372e+01 1.348297877796187094e-01
6.594594594594595094e+01 1.352268140099199267e-01
6.612612612612612395e+01 1.356310453236997671e-01
6.630630630630629696e+01 1.360422285531679432e-01
6.648648648648648418e+01 1.364601192240793015e-01
6.666666666666665719e+01 1.368844814850297686e-01
6.684684684684684441e+01 1.373150879987229123e-01
6.702702702702703164e+01 1.377517198012328248e-01
6.720720720720720465e+01 1.381941661347036443e-01
6.738738738738737766e+01 1.386422242583900954e-01
6.756756756756756488e+01 1.390956992424031147e-01
6.774774774774773789e+01 1.395544037480236921e-01
6.792792792792791090e+01 1.400181577979986991e-01
6.810810810810811233e+01 1.404867885397784733e-01
6.828828828828828534e+01 1.409601300042805094e-01
6.846846846846847257e+01 1.414380228623976776e-01
6.864864864864864558e+01 1.419203141811385960e-01
6.882882882882883280e+01 1.424068571810117034e-01
6.900900900900900581e+01 1.428975109959916001e-01
6.918918918918917882e+01 1.433921404371825137e-01
6.936936936936936604e+01 1.438906157610903569e-01
6.954954954954953905e+01 1.443928124432354299e-01
6.972972972972972627e+01 1.448986109576868853e-01
6.990990990990989928e+01 1.454078965629539144e-01
7.009009009009008651e+01 1.459205590945727715e-01
7.027027027027025952e+01 1.464364927646014114e-01
7.045045045045044674e+01 1.469555959681765056e-01
7.063063063063063396e+01 1.474777710971939271e-01
7.081081081081080697e+01 1.480029243611278855e-01
7.099099099099099419e+01 1.485309656149363944e-01
7.117117117117116720e+01 1.490618081939850126e-01
7.135135135135135442e+01 1.495953687558565504e-01
7.153153153153152743e+01 1.501315671289092657e-01
7.171171171171170045e+01 1.506703261674129934e-01
7.189189189189188767e+01 1.512115716130839060e-01
7.207207207207206068e+01 1.517552319628118762e-01
7.225225225225223369e+01 1.523012383423887062e-01
7.243243243243242091e+01 1.528495243860129305e-01
7.261261261261259392e+01 1.534000261213601390e-01
7.279279279279279535e+01 1.539526818600093772e-01
7.297297297297296836e+01 1.545074320929975820e-01
7.315315315315315559e+01 1.550642193913004674e-01
7.333333333333332860e+01 1.556229883110209489e-01
7.351351351351350161e+01 1.561836853030827421e-01
7.369369369369368883e+01 1.567462586272266589e-01
7.387387387387387605e+01 1.573106582701167266e-01
7.405405405405404906e+01 1.578768358673568739e-01
7.423423423423423628e+01 1.584447446292513717e-01
7.441441441441440929e+01 1.590143392701118541e-01
7.459459459459458230e+01 1.595855759409590402e-01
7.477477477477476953e+01 1.601584121654414106e-01
7.495495495495494254e+01 1.607328067788245662e-01
7.513513513513514397e+01 1.613087198698903990e-01
7.531531531531531698e+01 1.618861127256137344e-01
7.549549549549548999e+01 1.624649477784693707e-01
7.567567567567567721e+01 1.630451885562431980e-01
7.585585585585585022e+01 1.636267996342230802e-01
7.603603603603602323e+01 1.642097465896449615e-01
7.621621621621621046e+01 1.647939959582896408e-01
7.639639639639638347e+01 1.653795151931136131e-01
7.657657657657657069e+01 1.659662726248156694e-01
7.675675675675674370e+01 1.665542374242419688e-01
7.693693693693693092e+01 1.671433795665356881e-01
7.711711711711710393e+01 1.677336697969429025e-01
7.729729729729729115e+01 1.683250795981919290e-01
7.747747747747747837e+01 1.689175811593686127e-01
7.765765765765765138e+01 1.695111473462065643e-01
7.783783783783783861e+01 1.701057516727284835e-01
7.801801801801801162e+01 1.707013682741639615e-01
7.819819819819819884e+01 1.712979718810856422e-01
7.837837837837837185e+01 1.718955377946965457e-01
7.855855855855855907e+01 1.724940418632146533e-01
7.873873873873873208e+01 1.730934604593026283e-01
7.891891891891890509e+01 1.736937704584816389e-01
7.909909909909909231e+01 1.742949492184885374e-01
7.927927927927926532e+01 1.748969745595286562e-01
7.945945945945943834e+01 1.754998247453720961e-01
7.963963963963963977e+01 1.761034784652624752e-01
7.981981981981981278e+01 1.767079148165912328e-01
8.000000000000000000e+01 1.773131132882993788e-01
8.018018018018017301e+01 1.779190537449751308e-01
8.036036036036036023e+01 1.785257164116104134e-01
8.054054054054053324e+01 1.791330818589808582e-01
8.072072072072070625e+01 1.797411309896289888e-01
8.090090090090089348e+01 1.803498450244072349e-01
8.108108108108108070e+01 1.809592054895642899e-01
8.126126126126125371e+01 1.815691942043421436e-01
8.144144144144144093e+01 1.821797932690642219e-01
8.162162162162161394e+01 1.827909850536834357e-01
8.180180180180180116e+01 1.834027521867753197e-01
8.198198198198198838e+01 1.840150775449497234e-01
8.216216216216216139e+01 1.846279442426612682e-01
8.234234234234233440e+01 1.852413356224027752e-01
8.252252252252252163e+01 1.858552352452563783e-01
8.270270270270270885e+01 1.864696268817919445e-01
8.288288288288286765e+01 1.870844945032905660e-01
8.306306306306305487e+01 1.876998222732816635e-01
8.324324324324324209e+01 1.883155945393726605e-01
8.342342342342341510e+01 1.889317958253630414e-01
8.360360360360358811e+01 1.895484108236228371e-01
8.378378378378377533e+01 1.901654243877307637e-01
8.396396396396394834e+01 1.907828215253467852e-01
8.414414414414413557e+01 1.914005873913192657e-01
8.432432432432432279e+01 1.920187072810081441e-01
8.450450450450449580e+01 1.926371666238162750e-01
8.468468468468468302e+01 1.932559509769141426e-01
8.486486486486485603e+01 1.938750460191554503e-01
8.504504504504504325e+01 1.944944375451626017e-01
8.522522522522523047e+01 1.951141114595863757e-01
8.540540540540538927e+01 1.957340537715187290e-01
8.558558558558557650e+01 1.963542505890555900e-01
8.576576576576576372e+01 1.969746881140033157e-01
8.594594594594595094e+01 1.975953526367182911e-01
8.612612612612610974e+01 1.982162305310679884e-01
8.630630630630629696e+01 1.988373082495151212e-01
8.648648648648648418e+01 1.994585723183102122e-01
8.666666666666667140e+01 2.000800093327900764e-01
8.684684684684685863e+01 2.007016059527719776e-01
8.702702702702701743e+01 2.013233488980413766e-01
8.720720720720720465e+01 2.019452249439197822e-01
8.738738738738739187e+01 2.025672209169184501e-01
8.756756756756755067e+01 2.031893236904605271e-01
8.774774774774773789e+01 2.038115201806673105e-01
8.792792792792792511e+01 2.044337973422154786e-01
8.810810810810809812e+01 2.050561421642391469e-01
8.828828828828828534e+01 2.056785416662925692e-01
8.846846846846845835e+01 2.063009828943521973e-01
8.864864864864863137e+01 2.069234529168600956e-01
8.882882882882883280e+01 2.075459388208054645e-01
8.900900900900900581e+01 2.081684277078330869e-01
8.918918918918919303e+01 2.087909066903809452e-01
8.936936936936936604e+01 2.094133628878336317e-01
8.954954954954953905e+01 2.100357834226969922e-01
8.972972972972972627e+01 2.106581554167815395e-01
8.990990990990991349e+01 2.112804659873904756e-01
9.009009009009007229e+01 2.119027022435132634e-01
9.027027027027025952e+01 2.125248512820131497e-01
9.045045045045044674e+01 2.131469001838097732e-01
9.063063063063061975e+01 2.137688360100481466e-01
9.081081081081079276e+01 2.143906457982507341e-01
9.099099099099097998e+01 2.150123165584482687e-01
9.117117117117116720e+01 2.156338352692853955e-01
9.135135135135135442e+01 2.162551888740939787e-01
9.153153153153152743e+01 2.168763642769302724e-01
9.171171171171170045e+01 2.174973483385743700e-01
9.189189189189188767e+01 2.181181278724794170e-01
9.207207207207206068e+01 2.187386896406762204e-01
9.225225225225224790e+01 2.193590203496149915e-01
9.243243243243243512e+01 2.199791066459539923e-01
9.261261261261259392e+01 2.205989351122758513e-01
9.279279279279278114e+01 2.212184922627354333e-01
9.297297297297296836e+01 2.218377645386312158e-01
9.315315315315312716e+01 2.224567383038928980e-01
9.333333333333331439e+01 2.230753998404804428e-01
9.351351351351351582e+01 2.236937353436878051e-01
9.369369369369368883e+01 2.243117309173503215e-01
9.387387387387387605e+01 2.249293725689408274e-01
9.405405405405406327e+01 2.255466462045540299e-01
9.423423423423422207e+01 2.261635376237730310e-01
9.441441441441440929e+01 2.267800325144047890e-01
9.459459459459459651e+01 2.273961164470863494e-01
9.477477477477476953e+01 2.280117748697453317e-01
9.495495495495494254e+01 2.286269931019164203e-01
9.513513513513512976e+01 2.292417563288940141e-01
9.531531531531530277e+01 2.298560495957285288e-01
9.549549549549548999e+01 2.304698578010392629e-01
9.567567567567567721e+01 2.310831656906554843e-01
9.585585585585585022e+01 2.316959578510547346e-01
9.603603603603603744e+01 2.323082187026091761e-01
9.621621621621621046e+01 2.329199324926153614e-01
9.639639639639639768e+01 2.335310832881043464e-01
9.657657657657658490e+01 2.341416549684191550e-01
9.675675675675674370e+01 2.347516312175483844e-01
9.693693693693693092e+01 2.353609955162062339e-01
9.711711711711711814e+01 2.359697311336429459e-01
9.729729729729727694e+01 2.365778211191743030e-01
9.747747747747746416e+01 2.371852482934236894e-01
9.765765765765765138e+01 2.377919952392478220e-01
9.783783783783782440e+01 2.383980442923487042e-01
9.801801801801799741e+01 2.390033775315433262e-01
9.819819819819818463e+01 2.396079767686857542e-01
9.837837837837837185e+01 2.402118235382136036e-01
9.855855855855855907e+01 2.408148990863140659e-01
9.873873873873873208e+01 2.414171843596851219e-01
9.891891891891890509e+01 2.420186599938664307e-01
9.909909909909909231e+01 2.426193063011372886e-01
9.927927927927926532e+01 2.432191032579458789e-01
9.945945945945945255e+01 2.438180304918519115e-01
9.963963963963963977e+01 2.444160672679664692e-01
9.981981981981979857e+01 2.450131924748567835e-01
9.999999999999998579e+01 2.456093846098971745e-01
1.001801801801801730e+02 2.462046217640381229e-01
1.003603603603603602e+02 2.467988816059675516e-01
1.005405405405405475e+02 2.473921413656318957e-01
1.007207207207207205e+02 2.479843778170982838e-01
1.009009009009008935e+02 2.485755672607099787e-01
1.010810810810810807e+02 2.491656855045205898e-01
1.012612612612612679e+02 2.497547078449629532e-01
1.014414414414414267e+02 2.503426090467137932e-01
1.016216216216216139e+02 2.509293633217326569e-01
1.018018018018018012e+02 2.515149443074203295e-01
1.019819819819819742e+02 2.520993250438648414e-01
1.021621621621621472e+02 2.526824779501295470e-01
1.023423423423423344e+02 2.532643747995438344e-01
1.025225225225225074e+02 2.538449866939468391e-01
1.027027027027027088e+02 2.544242840368335923e-01
1.028828828828828819e+02 2.550022365053612461e-01
1.030630630630630549e+02 2.555788130211583131e-01
1.032432432432432421e+02 2.561539817198817404e-01
1.034234234234234151e+02 2.567277099194665291e-01
1.036036036036036023e+02 2.572999640870162752e-01
1.037837837837837895e+02 2.578707098042573032e-01
1.039639639639639483e+02 2.584399117315095973e-01
1.041441441441441356e+02 2.590075335701004788e-01
1.043243243243243228e+02 2.595735380231547484e-01
1.045045045045044816e+02 2.601378867546852991e-01
1.046846846846846688e+02 2.607005403469258575e-01
1.048648648648648560e+02 2.612614582558125953e-01
1.050450450450450433e+02 2.618205987645491617e-01
1.052252252252252305e+02 2.623779189351730934e-01
1.054054054054053893e+02 2.629333745580383352e-01
1.055855855855855765e+02 2.634869200991344362e-01
1.057657657657657637e+02 2.640385086451544905e-01
1.059459459459459367e+02 2.645880918462265030e-01
1.061261261261261239e+02 2.651356198562219713e-01
1.063063063063062970e+02 2.656810412705450375e-01
1.064864864864864700e+02 2.662243030613252182e-01
1.066666666666666572e+02 2.667653505099163436e-01
1.068468468468468444e+02 2.673041271366155547e-01
1.070270270270270032e+02 2.678405746275125954e-01
1.072072072072071904e+02 2.683746327583959035e-01
1.073873873873873777e+02 2.689062393156207986e-01
1.075675675675675649e+02 2.694353300138678242e-01
1.077477477477477521e+02 2.699618384107279057e-01
1.079279279279279109e+02 2.704856958180322235e-01
1.081081081081080981e+02 2.710068312098961041e-01
1.082882882882882853e+02 2.715251711274028756e-01
1.084684684684684726e+02 2.720406395799197519e-01
1.086486486486486314e+02 2.725531579430208740e-01
1.088288288288288186e+02 2.730626448530042993e-01
1.090090090090090058e+02 2.735690160980521202e-01
1.091891891891891788e+02 2.740721845060513084e-01
1.093693693693693518e+02 2.745720598291658265e-01
1.095495495495495391e+02 2.750685486252640310e-01
1.097297297297297263e+02 2.755615541363338195e-01
1.099099099099099135e+02 2.760509761640889126e-01
1.100900900900900865e+02 2.765367109429800463e-01
1.102702702702702595e+02 2.770186510109107214e-01
1.104504504504504467e+02 2.774966850780034577e-01
1.106306306306306197e+02 2.779706978938280004e-01
1.108108108108108070e+02 2.784405701135926336e-01
1.109909909909909942e+02 2.789061781638683679e-01
1.111711711711711530e+02 2.793673941085243473e-01
1.113513513513513402e+02 2.798240855156486906e-01
1.115315315315315274e+02 2.802761153263453875e-01
1.117117117117116862e+02 2.807233417264252684e-01
1.118918918918919019e+02 2.811656180221393520e-01
1.120720720720720607e+02 2.816027925212544747e-01
1.122522522522522479e+02 2.820347084209307020e-01
1.124324324324324351e+02 2.824612037040228341e-01
1.126126126126125939e+02 2.828821110456111176e-01
1.127927927927927811e+02 2.832972577317605101e-01
1.129729729729729684e+02 2.837064655926822554e-01
1.131531531531531414e+02 2.841095509527085117e-01
1.133333333333333286e+02 2.845063245996592993e-01
1.135135135135135016e+02 2.848965917764099132e-01
1.136936936936936746e+02 2.852801521976582877e-01
1.138738738738738618e+02 2.856568000950870934e-01
1.140540540540540491e+02 2.860263242942900908e-01
1.142342342342342363e+02 2.863885083269915866e-01
1.144144144144144093e+02 2.867431305822070731e-01
1.145945945945945823e+02 2.870899645000926093e-01
1.147747747747747553e+02 2.874287788122559806e-01
1.149549549549549567e+02 2.877593378323042850e-01
1.151351351351351155e+02 2.880814018002815224e-01
1.153153153153153028e+02 2.883947272845200360e-01
1.154954954954955042e+02 2.886990676441331116e-01
1.156756756756756630e+02 2.889941735550046187e-01
1.158558558558558644e+02 2.892797936016762161e-01
1.160360360360360232e+02 2.895556749368798921e-01
1.162162162162162105e+02 2.898215640097454027e-01
1.163963963963963835e+02 2.900772073628101189e-01
1.165765765765765849e+02 2.903223524969600344e-01
1.167567567567567437e+02 2.905567488022484657e-01
1.169369369369369309e+02 2.907801485512949147e-01
1.171171171171171039e+02 2.909923079505679633e-01
1.172972972972972912e+02 2.911929882433883510e-01
1.174774774774774500e+02 2.913819568570025775e-01
1.176576576576576514e+02 2.915589885845090157e-01
1.178378378378378386e+02 2.917238667909627936e-01
1.180180180180180116e+02 2.918763846315281518e-01
1.181981981981981988e+02 2.920163462682985323e-01
1.183783783783783576e+02 2.921435680712784477e-01
1.185585585585585591e+02 2.922578797881898449e-01
1.187387387387387321e+02 2.923591256672032901e-01
1.189189189189189193e+02 2.924471655164769257e-01
1.190990990990990781e+02 2.925218756845595625e-01
1.192792792792792653e+02 2.925831499462736573e-01
1.194594594594594383e+02 2.926309002796809722e-01
1.196396396396396398e+02 2.926650575211174887e-01
1.198198198198198128e+02 2.926855718870460810e-01
1.199999999999999858e+02 2.926924133535954708e-01
1.201801801801801730e+02 2.926855718870461920e-01
1.203603603603603460e+02 2.926650575211174887e-01
1.205405405405405475e+02 2.926309002796806391e-01
1.207207207207207063e+02 2.925831499462734908e-01
1.209009009009008935e+02 2.925218756845598955e-01
1.210810810810810665e+02 2.924471655164773698e-01
1.212612612612612537e+02 2.923591256672035676e-01
1.214414414414414125e+02 2.922578797881895674e-01
1.216216216216216139e+02 2.921435680712780592e-01
1.218018018018017870e+02 2.920163462682986988e-01
1.219819819819819742e+02 2.918763846315281518e-01
1.221621621621621330e+02 2.917238667909629046e-01
1.223423423423423202e+02 2.915589885845088491e-01
1.225225225225225216e+02 2.913819568570024665e-01
1.227027027027026946e+02 2.911929882433884620e-01
1.228828828828828819e+02 2.909923079505675747e-01
1.230630630630630407e+02 2.907801485512951922e-01
1.232432432432432563e+02 2.905567488022481881e-01
1.234234234234234009e+02 2.903223524969597014e-01
1.236036036036036023e+02 2.900772073628103964e-01
1.237837837837837753e+02 2.898215640097452916e-01
1.239639639639639483e+02 2.895556749368801697e-01
1.241441441441441214e+02 2.892797936016758831e-01
1.243243243243243228e+02 2.889941735550046187e-01
1.245045045045044958e+02 2.886990676441329451e-01
1.246846846846846830e+02 2.883947272845200360e-01
1.248648648648648560e+02 2.880814018002809118e-01
1.250450450450450290e+02 2.877593378323038409e-01
1.252252252252252305e+02 2.874287788122558140e-01
1.254054054054054035e+02 2.870899645000921652e-01
1.255855855855855907e+02 2.867431305822071841e-01
1.257657657657657495e+02 2.863885083269909759e-01
1.259459459459459367e+02 2.860263242942898132e-01
1.261261261261261097e+02 2.856568000950868158e-01
1.263063063063063112e+02 2.852801521976576771e-01
1.264864864864864700e+02 2.848965917764097466e-01
1.266666666666666572e+02 2.845063245996590218e-01
1.268468468468468444e+02 2.841095509527086782e-01
1.270270270270270174e+02 2.837064655926819778e-01
1.272072072072072189e+02 2.832972577317600660e-01
1.273873873873873777e+02 2.828821110456112842e-01
1.275675675675675649e+02 2.824612037040230006e-01
1.277477477477477379e+02 2.820347084209308131e-01
1.279279279279279251e+02 2.816027925212541971e-01
1.281081081081080981e+02 2.811656180221397960e-01
1.282882882882882996e+02 2.807233417264252684e-01
1.284684684684684441e+02 2.802761153263449434e-01
1.286486486486486456e+02 2.798240855156485796e-01
1.288288288288288186e+02 2.793673941085240142e-01
1.290090090090089916e+02 2.789061781638686455e-01
1.291891891891891930e+02 2.784405701135927447e-01
1.293693693693693660e+02 2.779706978938276118e-01
1.295495495495495391e+02 2.774966850780034577e-01
1.297297297297297121e+02 2.770186510109101663e-01
1.299099099099099135e+02 2.765367109429798798e-01
1.300900900900900581e+02 2.760509761640893567e-01
1.302702702702702595e+02 2.755615541363342635e-01
1.304504504504504325e+02 2.750685486252633094e-01
1.306306306306306340e+02 2.745720598291655490e-01
1.308108108108107785e+02 2.740721845060512529e-01
1.309909909909909800e+02 2.735690160980524532e-01
1.311711711711711530e+02 2.730626448530038552e-01
1.313513513513513544e+02 2.725531579430202633e-01
1.315315315315315274e+02 2.720406395799200294e-01
1.317117117117117004e+02 2.715251711274025426e-01
1.318918918918919019e+02 2.710068312098961041e-01
1.320720720720720749e+02 2.704856958180323900e-01
1.322522522522522479e+02 2.699618384107276281e-01
1.324324324324324209e+02 2.694353300138676022e-01
1.326126126126125939e+02 2.689062393156206876e-01
1.327927927927927669e+02 2.683746327583956814e-01
1.329729729729729684e+02 2.678405746275123733e-01
1.331531531531531414e+02 2.673041271366155547e-01
1.333333333333333144e+02 2.667653505099166211e-01
1.335135135135134874e+02 2.662243030613253292e-01
1.336936936936936888e+02 2.656810412705444269e-01
1.338738738738738903e+02 2.651356198562215827e-01
1.340540540540540633e+02 2.645880918462263920e-01
1.342342342342342363e+02 2.640385086451544905e-01
1.344144144144144093e+02 2.634869200991346583e-01
1.345945945945945823e+02 2.629333745580385573e-01
1.347747747747747553e+02 2.623779189351732044e-01
1.349549549549549567e+02 2.618205987645489952e-01
1.351351351351351298e+02 2.612614582558124843e-01
1.353153153153153028e+02 2.607005403469256355e-01
1.354954954954954758e+02 2.601378867546854101e-01
1.356756756756756488e+02 2.595735380231545819e-01
1.358558558558558218e+02 2.590075335701008674e-01
1.360360360360360232e+02 2.584399117315097638e-01
1.362162162162162247e+02 2.578707098042569701e-01
1.363963963963963977e+02 2.572999640870164417e-01
1.365765765765765707e+02 2.567277099194665846e-01
1.367567567567567437e+02 2.561539817198811853e-01
1.369369369369369451e+02 2.555788130211580911e-01
1.371171171171171181e+02 2.550022365053614681e-01
1.372972972972972912e+02 2.544242840368333147e-01
1.374774774774774642e+02 2.538449866939466171e-01
1.376576576576576656e+02 2.532643747995438899e-01
1.378378378378378102e+02 2.526824779501289919e-01
1.380180180180180116e+02 2.520993250438646194e-01
1.381981981981981846e+02 2.515149443074202185e-01
1.383783783783783576e+02 2.509293633217324349e-01
1.385585585585585591e+02 2.503426090467134046e-01
1.387387387387387321e+02 2.497547078449626756e-01
1.389189189189189335e+02 2.491656855045208951e-01
1.390990990990990781e+02 2.485755672607099787e-01
1.392792792792792795e+02 2.479843778170982838e-01
1.394594594594594525e+02 2.473921413656319790e-01
1.396396396396396540e+02 2.467988816059671353e-01
1.398198198198197986e+02 2.462046217640381229e-01
1.400000000000000000e+02 2.456093846098969524e-01
1.401801801801801730e+02 2.450131924748565615e-01
1.403603603603603460e+02 2.444160672679663304e-01
1.405405405405405190e+02 2.438180304918519115e-01
1.407207207207207205e+02 2.432191032579457957e-01
1.409009009009008935e+02 2.426193063011373441e-01
1.410810810810810665e+02 2.420186599938663752e-01
1.412612612612612679e+02 2.414171843596850664e-01
1.414414414414414125e+02 2.408148990863143435e-01
1.416216216216216139e+02 2.402118235382134370e-01
1.418018018018017870e+02 2.396079767686857542e-01
1.419819819819819884e+02 2.390033775315436870e-01
1.421621621621621330e+02 2.383980442923485654e-01
1.423423423423423344e+02 2.377919952392479053e-01
1.425225225225225074e+02 2.371852482934239670e-01
1.427027027027027088e+02 2.365778211191746638e-01
1.428828828828828534e+02 2.359697311336429459e-01
1.430630630630630549e+02 2.353609955162065115e-01
1.432432432432432279e+02 2.347516312175485509e-01
1.434234234234234009e+02 2.341416549684189885e-01
1.436036036036036023e+02 2.335310832881046517e-01
1.437837837837837753e+02 2.329199324926154446e-01
1.439639639639639483e+02 2.323082187026093148e-01
1.441441441441441214e+02 2.316959578510547901e-01
1.443243243243243228e+02 2.310831656906554288e-01
1.445045045045044674e+02 2.304698578010396237e-01
1.446846846846846688e+02 2.298560495957282512e-01
1.448648648648648418e+02 2.292417563288940141e-01
1.450450450450450433e+02 2.286269931019162815e-01
1.452252252252251878e+02 2.280117748697454705e-01
1.454054054054054177e+02 2.273961164470859886e-01
1.455855855855855907e+02 2.267800325144047335e-01
1.457657657657657637e+02 2.261635376237727257e-01
1.459459459459459367e+02 2.255466462045539466e-01
1.461261261261261097e+02 2.249293725689406054e-01
1.463063063063063112e+02 2.243117309173503771e-01
1.464864864864864842e+02 2.236937353436877218e-01
1.466666666666666572e+02 2.230753998404801375e-01
1.468468468468468302e+02 2.224567383038929813e-01
1.470270270270270032e+02 2.218377645386309382e-01
1.472072072072071762e+02 2.212184922627350725e-01
1.473873873873873777e+02 2.205989351122756570e-01
1.475675675675675507e+02 2.199791066459542976e-01
1.477477477477477521e+02 2.193590203496153523e-01
1.479279279279279251e+02 2.187386896406760817e-01
1.481081081081080981e+02 2.181181278724796946e-01
1.482882882882882996e+02 2.174973483385741480e-01
1.484684684684684726e+02 2.168763642769300781e-01
1.486486486486486456e+02 2.162551888740937567e-01
1.488288288288288186e+02 2.156338352692850346e-01
1.490090090090089916e+02 2.150123165584479634e-01
1.491891891891891646e+02 2.143906457982505120e-01
1.493693693693693660e+02 2.137688360100480911e-01
1.495495495495495391e+02 2.131469001838098565e-01
1.497297297297297121e+02 2.125248512820131497e-01
1.499099099099098851e+02 2.119027022435131247e-01
1.500900900900900581e+02 2.112804659873908364e-01
1.502702702702702879e+02 2.106581554167814563e-01
1.504504504504504325e+02 2.100357834226967979e-01
1.506306306306306340e+02 2.094133628878331876e-01
1.508108108108108070e+02 2.087909066903805844e-01
1.509909909909909800e+02 2.081684277078328649e-01
1.511711711711711530e+02 2.075459388208055200e-01
1.513513513513513544e+02 2.069234529168602343e-01
1.515315315315315274e+02 2.063009828943521973e-01
1.517117117117117004e+02 2.056785416662928467e-01
1.518918918918918735e+02 2.050561421642392301e-01
1.520720720720720465e+02 2.044337973422155619e-01
1.522522522522522479e+02 2.038115201806676158e-01
1.524324324324324209e+02 2.031893236904605271e-01
1.526126126126126223e+02 2.025672209169188942e-01
1.527927927927927669e+02 2.019452249439197822e-01
1.529729729729729684e+02 2.013233488980412100e-01
1.531531531531531414e+02 2.007016059527725604e-01
1.533333333333333428e+02 2.000800093327901596e-01
1.535135135135134874e+02 1.994585723183103509e-01
1.536936936936936888e+02 1.988373082495148991e-01
1.538738738738738618e+02 1.982162305310678496e-01
1.540540540540540633e+02 1.975953526367181523e-01
1.542342342342342079e+02 1.969746881140035377e-01
1.544144144144144093e+02 1.963542505890554235e-01
1.545945945945945823e+02 1.957340537715183404e-01
1.547747747747747553e+02 1.951141114595867920e-01
1.549549549549549567e+02 1.944944375451628238e-01
1.551351351351351298e+02 1.938750460191554503e-01
1.553153153153153028e+02 1.932559509769141426e-01
1.554954954954954758e+02 1.926371666238164138e-01
1.556756756756756772e+02 1.920187072810080886e-01
1.558558558558558218e+02 1.914005873913190436e-01
1.560360360360360232e+02 1.907828215253469240e-01
1.562162162162161962e+02 1.901654243877311246e-01
1.563963963963963977e+02 1.895484108236230314e-01
1.565765765765765423e+02 1.889317958253627361e-01
1.567567567567567437e+02 1.883155945393727437e-01
1.569369369369369451e+02 1.876998222732818855e-01
1.571171171171171181e+02 1.870844945032907047e-01
1.572972972972972912e+02 1.864696268817915836e-01
1.574774774774774642e+02 1.858552352452566003e-01
1.576576576576576372e+02 1.852413356224026919e-01
1.578378378378378102e+02 1.846279442426614070e-01
1.580180180180180116e+02 1.840150775449496401e-01
1.581981981981981846e+02 1.834027521867751809e-01
1.583783783783783576e+02 1.827909850536836578e-01
1.585585585585585306e+02 1.821797932690642219e-01
1.587387387387387321e+02 1.815691942043422824e-01
1.589189189189188767e+02 1.809592054895644564e-01
1.590990990990991065e+02 1.803498450244073736e-01
1.592792792792792795e+02 1.797411309896289056e-01
1.594594594594594525e+02 1.791330818589804974e-01
1.596396396396396256e+02 1.785257164116101358e-01
1.598198198198197986e+02 1.779190537449752141e-01
1.600000000000000000e+02 1.773131132882993788e-01
1.601801801801801730e+02 1.767079148165912328e-01
1.603603603603603460e+02 1.761034784652624752e-01
1.605405405405405190e+02 1.754998247453723181e-01
1.607207207207207205e+02 1.748969745595286007e-01
1.609009009009008935e+02 1.742949492184888427e-01
1.610810810810810665e+02 1.736937704584813613e-01
1.612612612612612395e+02 1.730934604593026283e-01
1.614414414414414125e+02 1.724940418632147920e-01
1.616216216216216424e+02 1.718955377946966290e-01
1.618018018018017870e+02 1.712979718810858365e-01
1.619819819819819884e+02 1.707013682741642391e-01
1.621621621621621614e+02 1.701057516727285668e-01
1.623423423423423344e+02 1.695111473462068419e-01
1.625225225225225074e+02 1.689175811593687515e-01
1.627027027027027088e+02 1.683250795981922898e-01
1.628828828828828819e+02 1.677336697969429025e-01
1.630630630630630264e+02 1.671433795665361322e-01
1.632432432432432279e+02 1.665542374242424128e-01
1.634234234234234009e+02 1.659662726248157527e-01
1.636036036036036023e+02 1.653795151931138352e-01
1.637837837837837753e+02 1.647939959582897240e-01
1.639639639639639768e+02 1.642097465896449060e-01
1.641441441441441214e+02 1.636267996342231634e-01
1.643243243243243228e+02 1.630451885562434200e-01
1.645045045045044958e+02 1.624649477784692320e-01
1.646846846846846688e+02 1.618861127256138732e-01
1.648648648648648418e+02 1.613087198698904545e-01
1.650450450450450433e+02 1.607328067788245107e-01
1.652252252252252163e+02 1.601584121654419934e-01
1.654054054054054177e+02 1.595855759409592622e-01
1.655855855855855623e+02 1.590143392701120761e-01
1.657657657657657353e+02 1.584447446292515937e-01
1.659459459459459367e+02 1.578768358673571792e-01
1.661261261261261097e+02 1.573106582701166711e-01
1.663063063063063112e+02 1.567462586272268810e-01
1.664864864864864842e+02 1.561836853030825756e-01
1.666666666666666572e+02 1.556229883110209489e-01
1.668468468468468302e+02 1.550642193913009947e-01
1.670270270270270316e+02 1.545074320929978595e-01
1.672072072072071762e+02 1.539526818600095159e-01
1.673873873873873777e+02 1.534000261213603611e-01
1.675675675675675507e+02 1.528495243860132913e-01
1.677477477477477521e+02 1.523012383423888449e-01
1.679279279279278967e+02 1.517552319628118762e-01
1.681081081081081265e+02 1.512115716130837395e-01
1.682882882882882711e+02 1.506703261674134375e-01
1.684684684684684441e+02 1.501315671289092657e-01
1.686486486486486456e+02 1.495953687558567724e-01
1.688288288288288186e+02 1.490618081939848738e-01
1.690090090090089916e+02 1.485309656149362556e-01
1.691891891891891930e+02 1.480029243611276635e-01
1.693693693693693660e+02 1.474777710971946765e-01
1.695495495495495106e+02 1.469555959681765889e-01
1.697297297297297121e+02 1.464364927646014947e-01
1.699099099099098851e+02 1.459205590945729103e-01
1.700900900900900865e+02 1.454078965629540532e-01
1.702702702702702595e+02 1.448986109576865799e-01
1.704504504504504609e+02 1.443928124432355131e-01
1.706306306306306055e+02 1.438906157610907177e-01
1.708108108108107785e+02 1.433921404371825969e-01
1.709909909909910084e+02 1.428975109959916834e-01
1.711711711711711530e+02 1.424068571810118422e-01
1.713513513513513260e+02 1.419203141811385960e-01
1.715315315315315274e+02 1.414380228623975944e-01
1.717117117117117004e+02 1.409601300042806482e-01
1.718918918918919019e+02 1.404867885397786120e-01
1.720720720720720749e+02 1.400181577979989211e-01
1.722522522522522195e+02 1.395544037480239696e-01
1.724324324324324209e+02 1.390956992424031147e-01
1.726126126126125939e+02 1.386422242583902897e-01
1.727927927927927669e+02 1.381941661347035055e-01
1.729729729729729684e+02 1.377517198012328803e-01
1.731531531531531414e+02 1.373150879987231343e-01
1.733333333333333428e+02 1.368844814850296021e-01
1.735135135135134874e+02 1.364601192240790795e-01
1.736936936936937173e+02 1.360422285531678599e-01
1.738738738738738618e+02 1.356310453237001556e-01
1.740540540540540349e+02 1.352268140099200655e-01
1.742342342342342363e+02 1.348297877796187927e-01
1.744144144144144093e+02 1.344402285202188352e-01
1.745945945945945539e+02 1.340584068130806772e-01
1.747747747747747837e+02 1.336846018483242304e-01
1.749549549549549283e+02 1.333191012719673885e-01
1.751351351351351013e+02 1.329622009567622554e-01
1.753153153153153028e+02 1.326142046877767378e-01
1.754954954954954758e+02 1.322754237536024058e-01
1.756756756756756772e+02 1.319461764340350840e-01
1.758558558558558502e+02 1.316267873753086681e-01
1.760360360360360517e+02 1.313175868443974270e-01
1.762162162162161962e+02 1.310189098546990505e-01
1.763963963963963693e+02 1.307310951565206769e-01
1.765765765765765707e+02 1.304544840872955691e-01
1.767567567567567437e+02 1.301894192783848436e-01
1.769369369369369167e+02 1.299362432177011695e-01
1.771171171171171181e+02 1.296952966701726828e-01
1.772972972972972627e+02 1.294669169613338056e-01
1.774774774774774357e+02 1.292514361329375194e-01
1.776576576576576656e+02 1.290491789834424807e-01
1.778378378378378102e+02 1.288604610103995518e-01
1.780180180180180116e+02 1.286855862760341029e-01
1.781981981981981846e+02 1.285248452215346227e-01
1.783783783783783861e+02 1.283785124595219207e-01
1.785585585585585306e+02 1.282468445777104060e-01
1.787387387387387321e+02 1.281300779896477338e-01
1.789189189189189051e+02 1.280284268704483808e-01
1.790990990990990781e+02 1.279420812164323851e-01
1.792792792792792511e+02 1.278712050673783129e-01
1.794594594594594525e+02 1.278159349286172863e-01
1.796396396396395971e+02 1.277763784273816539e-01
1.798198198198198270e+02 1.277526132336999354e-01
1.800000000000000000e+02 1.277446862708049025e-01
