# Theta(deg)	State0	State1	State2	State3
0.000000	0.000000000000	-0.000000000000	-0.000000000000	0.000000000000
1.441441	0.000000000000	-0.012578949564	-0.012578949564	0.000000000000
2.882883	0.000000000000	-0.025157899128	-0.025157899128	0.000000000000
4.324324	0.000000000000	-0.037736848692	-0.037736848692	0.000000000000
5.765766	0.000000000000	-0.050315798256	-0.050315798256	0.000000000000
7.207207	0.000000000000	-0.062894747820	-0.062894747820	0.000000000000
8.648649	0.000000000000	-0.075473697384	-0.075473697384	0.000000000000
10.090090	0.000000000000	-0.088052646947	-0.088052646947	0.000000000000
11.531532	0.000000000000	-0.100631596511	-0.100631596511	0.000000000000
12.972973	0.000000000000	-0.113210546075	-0.113210546075	0.000000000000
14.414414	0.000000000000	-0.125789495639	-0.125789495639	0.000000000000
15.855856	0.000000000000	-0.138368445203	-0.138368445203	0.000000000000
17.297297	0.000000000000	-0.150947394767	-0.150947394767	0.000000000000
18.738739	0.000000000000	-0.163526344331	-0.163526344331	0.000000000000
20.180180	0.000000000000	-0.176105293895	-0.176105293895	0.000000000000
21.621622	0.000000000000	-0.188684243459	-0.188684243459	0.000000000000
23.063063	0.000000000000	-0.201263193023	-0.201263193023	0.000000000000
24.504505	0.000000000000	-0.213842142587	-0.213842142587	0.000000000000
25.945946	0.000000000000	-0.226421092151	-0.226421092151	0.000000000000
27.387387	0.000000000000	-0.239000041715	-0.239000041715	0.000000000000
28.828829	0.000000000000	-0.251578991278	-0.251578991278	0.000000000000
30.270270	0.000000000000	-0.264157940842	-0.264157940842	0.000000000000
31.711712	0.000000000000	-0.276736890406	-0.276736890406	0.000000000000
33.153153	0.000000000000	-0.289315839970	-0.289315839970	0.000000000000
34.594595	0.000000000000	-0.301894789534	-0.301894789534	0.000000000000
36.036036	0.000000000000	-0.314473739098	-0.314473739098	0.000000000000
37.477477	0.000000000000	-0.327052688662	-0.327052688662	0.000000000000
38.918919	0.000000000000	-0.339631638226	-0.339631638226	0.000000000000
40.360360	0.000000000000	-0.352210587790	-0.352210587790	0.000000000000
41.801802	0.000000000000	-0.364789537354	-0.364789537354	0.000000000000
43.243243	0.000000000000	-0.377368486918	-0.377368486918	0.000000000000
44.684685	0.000000000000	-0.389947436482	-0.389947436482	0.000000000000
46.126126	0.000000000000	-0.402526386046	-0.402526386046	0.000000000000
47.567568	0.000000000000	-0.415105335609	-0.415105335609	0.000000000000
49.009009	0.000000000000	-0.427684285173	-0.427684285173	0.000000000000
50.450450	0.000000000000	-0.440263234737	-0.440263234737	0.000000000000
51.891892	0.000000000000	-0.452842184301	-0.452842184301	0.000000000000
53.333333	0.000000000000	-0.465421133865	-0.465421133865	0.000000000000
54.774775	0.000000000000	-0.478000083429	-0.478000083429	0.000000000000
56.216216	0.000000000000	-0.490579032993	-0.490579032993	0.000000000000
57.657658	0.000000000000	-0.503157982557	-0.503157982557	0.000000000000
59.099099	0.000000000000	-0.515736932121	-0.515736932121	0.000000000000
60.540541	0.000000000000	-0.528315881685	-0.528315881685	0.000000000000
61.981982	0.000000000000	-0.540894831249	-0.540894831249	0.000000000000
63.423423	0.000000000000	-0.553473780813	-0.553473780813	0.000000000000
64.864865	0.000000000000	-0.566052730377	-0.566052730377	0.000000000000
66.306306	0.000000000000	-0.578631679940	-0.578631679940	0.000000000000
67.747748	0.000000000000	-0.591210629504	-0.591210629504	0.000000000000
69.189189	0.000000000000	-0.603789579068	-0.603789579068	0.000000000000
70.630631	0.000000000000	-0.616368528632	-0.616368528632	0.000000000000
72.072072	0.000000000000	-0.628947478196	-0.628947478196	0.000000000000
73.513514	0.000000000000	-0.641526427760	-0.641526427760	0.000000000000
74.954955	0.000000000000	-0.654105377324	-0.654105377324	0.000000000000
76.396396	0.000000000000	-0.666684326888	-0.666684326888	0.000000000000
77.837838	0.000000000000	-0.679263276452	-0.679263276452	0.000000000000
79.279279	0.000000000000	-0.691842226016	-0.691842226016	0.000000000000
80.720721	0.000000000000	-0.704421175580	-0.704421175580	0.000000000000
82.162162	0.000000000000	-0.717000125144	-0.717000125144	0.000000000000
83.603604	0.000000000000	-0.729579074708	-0.729579074708	0.000000000000
85.045045	0.000000000000	-0.742158024271	-0.742158024271	0.000000000000
86.486486	0.000000000000	-0.754736973835	-0.754736973835	0.000000000000
87.927928	0.000000000000	-0.767315923399	-0.767315923399	0.000000000000
89.369369	0.000000000000	-0.779894872963	-0.779894872963	0.000000000000
90.810811	0.000000000000	-0.792473822527	-0.792473822527	0.000000000000
92.252252	0.000000000000	-0.805052772091	-0.805052772091	0.000000000000
93.693694	0.000000000000	-0.817631721655	-0.817631721655	0.000000000000
95.135135	0.000000000000	-0.830210671219	-0.830210671219	0.000000000000
96.576577	0.000000000000	-0.842789620783	-0.842789620783	0.000000000000
98.018018	0.000000000000	-0.855368570347	-0.855368570347	0.000000000000
99.459459	0.000000000000	-0.867947519911	-0.867947519911	0.000000000000
100.900901	0.000000000000	-0.880526469475	-0.880526469475	0.000000000000
102.342342	0.000000000000	-0.893105419039	-0.893105419039	0.000000000000
103.783784	0.000000000000	-0.905684368602	-0.905684368602	0.000000000000
105.225225	0.000000000000	-0.918263318166	-0.918263318166	0.000000000000
106.666667	0.000000000000	-0.930842267730	-0.930842267730	0.000000000000
108.108108	0.000000000000	-0.943421217294	-0.943421217294	0.000000000000
109.549550	0.000000000000	-0.956000166858	-0.956000166858	0.000000000000
110.990991	0.000000000000	-0.968579116422	-0.968579116422	0.000000000000
112.432432	0.000000000000	-0.981158065986	-0.981158065986	0.000000000000
113.873874	0.000000000000	-0.993737015550	-0.993737015550	0.000000000000
115.315315	0.000000000000	-1.006315965114	-1.006315965114	0.000000000000
116.756757	0.000000000000	-1.018894914678	-1.018894914678	0.000000000000
118.198198	0.000000000000	-1.031473864242	-1.031473864242	0.000000000000
119.639640	0.000000000000	-1.044052813806	-1.044052813806	0.000000000000
121.081081	0.000000000000	-1.056631763370	-1.056631763370	0.000000000000
122.522523	0.000000000000	-1.069210712933	-1.069210712933	0.000000000000
123.963964	0.000000000000	-1.081789662497	-1.081789662497	0.000000000000
125.405405	0.000000000000	-1.094368612061	-1.094368612061	0.000000000000
126.846847	0.000000000000	-1.106947561625	-1.106947561625	0.000000000000
128.288288	0.000000000000	-1.119526511189	-1.119526511189	0.000000000000
129.729730	0.000000000000	-1.132105460753	-1.132105460753	0.000000000000
131.171171	0.000000000000	-1.144684410317	-1.144684410317	0.000000000000
132.612613	0.000000000000	-1.157263359881	-1.157263359881	0.000000000000
134.054054	0.000000000000	-1.169842309445	-1.169842309445	0.000000000000
135.495495	0.000000000000	-1.182421259009	-1.182421259009	0.000000000000
136.936937	0.000000000000	-1.195000208573	-1.195000208573	0.000000000000
138.378378	0.000000000000	-1.207579158137	-1.207579158137	0.000000000000
139.819820	0.000000000000	-1.220158107701	-1.220158107701	0.000000000000
141.261261	0.000000000000	-1.232737057264	-1.232737057264	0.000000000000
142.702703	0.000000000000	-1.245316006828	-1.245316006828	0.000000000000
144.144144	0.000000000000	-1.257894956392	-1.257894956392	0.000000000000
145.585586	0.000000000000	-1.270473905956	-1.270473905956	0.000000000000
147.027027	0.000000000000	-1.283052855520	-1.283052855520	0.000000000000
148.468468	0.000000000000	-1.295631805084	-1.295631805084	0.000000000000
149.909910	0.000000000000	-1.308210754648	-1.308210754648	0.000000000000
151.351351	0.000000000000	-1.320789704212	-1.320789704212	0.000000000000
152.792793	0.000000000000	-1.333368653776	-1.333368653776	0.000000000000
154.234234	0.000000000000	-1.345947603340	-1.345947603340	0.000000000000
155.675676	0.000000000000	-1.358526552904	-1.358526552904	0.000000000000
157.117117	0.000000000000	-1.371105502468	-1.371105502468	0.000000000000
158.558559	0.000000000000	-1.383684452032	-1.383684452032	0.000000000000
160.000000	0.000000000000	-1.396263401595	-1.396263401595	0.000000000000
161.441441	0.000000000000	-1.408842351159	-1.408842351159	0.000000000000
162.882883	0.000000000000	-1.421421300723	-1.421421300723	0.000000000000
164.324324	0.000000000000	-1.434000250287	-1.434000250287	0.000000000000
165.765766	0.000000000000	-1.446579199851	-1.446579199851	0.000000000000
167.207207	0.000000000000	-1.459158149415	-1.459158149415	0.000000000000
168.648649	0.000000000000	-1.471737098979	-1.471737098979	0.000000000000
170.090090	0.000000000000	-1.484316048543	-1.484316048543	0.000000000000
171.531532	0.000000000000	-1.496894998107	-1.496894998107	0.000000000000
172.972973	0.000000000000	-1.509473947671	-1.509473947671	0.000000000000
174.414414	0.000000000000	-1.522052897235	-1.522052897235	0.000000000000
175.855856	0.000000000000	-1.534631846799	-1.534631846799	0.000000000000
177.297297	0.000000000000	-1.547210796363	-1.547210796363	0.000000000000
178.738739	0.000000000000	-1.559789745926	-1.559789745926	0.000000000000
180.180180	0.000000000000	-1.572368695490	-1.572368695490	0.000000000000
181.621622	0.000000000000	-1.584947645054	-1.584947645054	0.000000000000
183.063063	0.000000000000	-1.597526594618	-1.597526594618	0.000000000000
184.504505	0.000000000000	-1.610105544182	-1.610105544182	0.000000000000
185.945946	0.000000000000	-1.622684493746	-1.622684493746	0.000000000000
187.387387	0.000000000000	-1.635263443310	-1.635263443310	0.000000000000
188.828829	0.000000000000	-1.647842392874	-1.647842392874	0.000000000000
190.270270	0.000000000000	-1.660421342438	-1.660421342438	0.000000000000
191.711712	0.000000000000	-1.673000292002	-1.673000292002	0.000000000000
193.153153	0.000000000000	-1.685579241566	-1.685579241566	0.000000000000
194.594595	0.000000000000	-1.698158191130	-1.698158191130	0.000000000000
196.036036	0.000000000000	-1.710737140694	-1.710737140694	0.000000000000
197.477477	0.000000000000	-1.723316090257	-1.723316090257	0.000000000000
198.918919	0.000000000000	-1.735895039821	-1.735895039821	0.000000000000
200.360360	0.000000000000	-1.748473989385	-1.748473989385	0.000000000000
201.801802	0.000000000000	-1.761052938949	-1.761052938949	0.000000000000
203.243243	0.000000000000	-1.773631888513	-1.773631888513	0.000000000000
204.684685	0.000000000000	-1.786210838077	-1.786210838077	0.000000000000
206.126126	0.000000000000	-1.798789787641	-1.798789787641	0.000000000000
207.567568	0.000000000000	-1.811368737205	-1.811368737205	0.000000000000
209.009009	0.000000000000	-1.823947686769	-1.823947686769	0.000000000000
210.450450	0.000000000000	-1.836526636333	-1.836526636333	0.000000000000
211.891892	0.000000000000	-1.849105585897	-1.849105585897	0.000000000000
213.333333	0.000000000000	-1.861684535461	-1.861684535461	0.000000000000
214.774775	0.000000000000	-1.874263485025	-1.874263485025	0.000000000000
216.216216	0.000000000000	-1.886842434588	-1.886842434588	0.000000000000
217.657658	0.000000000000	-1.899421384152	-1.899421384152	0.000000000000
219.099099	0.000000000000	-1.912000333716	-1.912000333716	0.000000000000
220.540541	0.000000000000	-1.924579283280	-1.924579283280	0.000000000000
221.981982	0.000000000000	-1.937158232844	-1.937158232844	0.000000000000
223.423423	0.000000000000	-1.949737182408	-1.949737182408	0.000000000000
224.864865	0.000000000000	-1.962316131972	-1.962316131972	0.000000000000
226.306306	0.000000000000	-1.974895081536	-1.974895081536	0.000000000000
227.747748	0.000000000000	-1.987474031100	-1.987474031100	0.000000000000
229.189189	0.000000000000	-2.000052980664	-2.000052980664	0.000000000000
230.630631	0.000000000000	-2.012631930228	-2.012631930228	0.000000000000
232.072072	0.000000000000	-2.025210879792	-2.025210879792	0.000000000000
233.513514	0.000000000000	-2.037789829356	-2.037789829356	0.000000000000
234.954955	0.000000000000	-2.050368778919	-2.050368778919	0.000000000000
236.396396	0.000000000000	-2.062947728483	-2.062947728483	0.000000000000
237.837838	0.000000000000	-2.075526678047	-2.075526678047	0.000000000000
239.279279	0.000000000000	-2.088105627611	-2.088105627611	0.000000000000
240.720721	0.000000000000	-2.100684577175	-2.100684577175	0.000000000000
242.162162	0.000000000000	-2.113263526739	-2.113263526739	0.000000000000
243.603604	0.000000000000	-2.125842476303	-2.125842476303	0.000000000000
245.045045	0.000000000000	-2.138421425867	-2.138421425867	0.000000000000
246.486486	0.000000000000	-2.151000375431	-2.151000375431	0.000000000000
247.927928	0.000000000000	-2.163579324995	-2.163579324995	0.000000000000
249.369369	0.000000000000	-2.176158274559	-2.176158274559	0.000000000000
250.810811	0.000000000000	-2.188737224123	-2.188737224123	0.000000000000
252.252252	0.000000000000	-2.201316173687	-2.201316173687	0.000000000000
253.693694	0.000000000000	-2.213895123250	-2.213895123250	0.000000000000
255.135135	0.000000000000	-2.226474072814	-2.226474072814	0.000000000000
256.576577	0.000000000000	-2.239053022378	-2.239053022378	0.000000000000
258.018018	0.000000000000	-2.251631971942	-2.251631971942	0.000000000000
259.459459	0.000000000000	-2.264210921506	-2.264210921506	0.000000000000
260.900901	0.000000000000	-2.276789871070	-2.276789871070	0.000000000000
262.342342	0.000000000000	-2.289368820634	-2.289368820634	0.000000000000
263.783784	0.000000000000	-2.301947770198	-2.301947770198	0.000000000000
265.225225	0.000000000000	-2.314526719762	-2.314526719762	0.000000000000
266.666667	0.000000000000	-2.327105669326	-2.327105669326	0.000000000000
268.108108	0.000000000000	-2.339684618890	-2.339684618890	0.000000000000
269.549550	0.000000000000	-2.352263568454	-2.352263568454	0.000000000000
270.990991	0.000000000000	-2.364842518018	-2.364842518018	0.000000000000
272.432432	0.000000000000	-2.377421467581	-2.377421467581	0.000000000000
273.873874	0.000000000000	-2.390000417145	-2.390000417145	0.000000000000
275.315315	0.000000000000	-2.402579366709	-2.402579366709	0.000000000000
276.756757	0.000000000000	-2.415158316273	-2.415158316273	0.000000000000
278.198198	0.000000000000	-2.427737265837	-2.427737265837	0.000000000000
279.639640	0.000000000000	-2.440316215401	-2.440316215401	0.000000000000
281.081081	0.000000000000	-2.452895164965	-2.452895164965	0.000000000000
282.522523	0.000000000000	-2.465474114529	-2.465474114529	0.000000000000
283.963964	0.000000000000	-2.478053064093	-2.478053064093	0.000000000000
285.405405	0.000000000000	-2.490632013657	-2.490632013657	0.000000000000
286.846847	0.000000000000	-2.503210963221	-2.503210963221	0.000000000000
288.288288	0.000000000000	-2.515789912785	-2.515789912785	0.000000000000
289.729730	0.000000000000	-2.528368862349	-2.528368862349	0.000000000000
291.171171	0.000000000000	-2.540947811912	-2.540947811912	0.000000000000
292.612613	0.000000000000	-2.553526761476	-2.553526761476	0.000000000000
294.054054	0.000000000000	-2.566105711040	-2.566105711040	0.000000000000
295.495495	0.000000000000	-2.578684660604	-2.578684660604	0.000000000000
296.936937	0.000000000000	-2.591263610168	-2.591263610168	0.000000000000
298.378378	0.000000000000	-2.603842559732	-2.603842559732	0.000000000000
299.819820	0.000000000000	-2.616421509296	-2.616421509296	0.000000000000
301.261261	0.000000000000	-2.629000458860	-2.629000458860	0.000000000000
302.702703	0.000000000000	-2.641579408424	-2.641579408424	0.000000000000
304.144144	0.000000000000	-2.654158357988	-2.654158357988	0.000000000000
305.585586	0.000000000000	-2.666737307552	-2.666737307552	0.000000000000
307.027027	0.000000000000	-2.679316257116	-2.679316257116	0.000000000000
308.468468	0.000000000000	-2.691895206680	-2.691895206680	0.000000000000
309.909910	0.000000000000	-2.704474156243	-2.704474156243	0.000000000000
311.351351	0.000000000000	-2.717053105807	-2.717053105807	0.000000000000
312.792793	0.000000000000	-2.729632055371	-2.729632055371	0.000000000000
314.234234	0.000000000000	-2.742211004935	-2.742211004935	0.000000000000
315.675676	0.000000000000	-2.754789954499	-2.754789954499	0.000000000000
317.117117	0.000000000000	-2.767368904063	-2.767368904063	0.000000000000
318.558559	0.000000000000	-2.779947853627	-2.779947853627	0.000000000000
320.000000	0.000000000000	-2.792526803191	-2.792526803191	0.000000000000
321.441441	0.000000000000	-2.805105752755	-2.805105752755	0.000000000000
322.882883	0.000000000000	-2.817684702319	-2.817684702319	0.000000000000
324.324324	0.000000000000	-2.830263651883	-2.830263651883	0.000000000000
325.765766	0.000000000000	-2.842842601447	-2.842842601447	0.000000000000
327.207207	0.000000000000	-2.855421551011	-2.855421551011	0.000000000000
328.648649	0.000000000000	-2.868000500574	-2.868000500574	0.000000000000
330.090090	0.000000000000	-2.880579450138	-2.880579450138	0.000000000000
331.531532	0.000000000000	-2.893158399702	-2.893158399702	0.000000000000
332.972973	0.000000000000	-2.905737349266	-2.905737349266	0.000000000000
334.414414	0.000000000000	-2.918316298830	-2.918316298830	0.000000000000
335.855856	0.000000000000	-2.930895248394	-2.930895248394	0.000000000000
337.297297	0.000000000000	-2.943474197958	-2.943474197958	0.000000000000
338.738739	0.000000000000	-2.956053147522	-2.956053147522	0.000000000000
340.180180	0.000000000000	-2.968632097086	-2.968632097086	0.000000000000
341.621622	0.000000000000	-2.981211046650	-2.981211046650	0.000000000000
343.063063	0.000000000000	-2.993789996214	-2.993789996214	0.000000000000
344.504505	0.000000000000	-3.006368945778	-3.006368945778	0.000000000000
345.945946	0.000000000000	-3.018947895342	-3.018947895342	0.000000000000
347.387387	0.000000000000	-3.031526844905	-3.031526844905	0.000000000000
348.828829	0.000000000000	-3.044105794469	-3.044105794469	0.000000000000
350.270270	0.000000000000	-3.056684744033	-3.056684744033	0.000000000000
351.711712	0.000000000000	-3.069263693597	-3.069263693597	0.000000000000
353.153153	0.000000000000	-3.081842643161	-3.081842643161	0.000000000000
354.594595	0.000000000000	-3.094421592725	-3.094421592725	0.000000000000
356.036036	0.000000000000	-3.107000542289	-3.107000542289	0.000000000000
357.477477	0.000000000000	-3.119579491853	-3.119579491853	0.000000000000
358.918919	0.000000000000	-3.132158441417	-3.132158441417	0.000000000000
360.360360	0.000000000000	-3.138447916199	-3.138447916199	0.000000000000
361.801802	0.000000000000	-3.125868966635	-3.125868966635	0.000000000000
363.243243	0.000000000000	-3.113290017071	-3.113290017071	0.000000000000
364.684685	0.000000000000	-3.100711067507	-3.100711067507	0.000000000000
366.126126	0.000000000000	-3.088132117943	-3.088132117943	0.000000000000
367.567568	0.000000000000	-3.075553168379	-3.075553168379	0.000000000000
369.009009	0.000000000000	-3.062974218815	-3.062974218815	0.000000000000
370.450450	0.000000000000	-3.050395269251	-3.050395269251	0.000000000000
371.891892	0.000000000000	-3.037816319687	-3.037816319687	0.000000000000
373.333333	0.000000000000	-3.025237370124	-3.025237370124	0.000000000000
374.774775	0.000000000000	-3.012658420560	-3.012658420560	0.000000000000
376.216216	0.000000000000	-3.000079470996	-3.000079470996	0.000000000000
377.657658	0.000000000000	-2.987500521432	-2.987500521432	0.000000000000
379.099099	0.000000000000	-2.974921571868	-2.974921571868	0.000000000000
380.540541	0.000000000000	-2.962342622304	-2.962342622304	0.000000000000
381.981982	0.000000000000	-2.949763672740	-2.949763672740	0.000000000000
383.423423	0.000000000000	-2.937184723176	-2.937184723176	0.000000000000
384.864865	0.000000000000	-2.924605773612	-2.924605773612	0.000000000000
386.306306	0.000000000000	-2.912026824048	-2.912026824048	0.000000000000
387.747748	0.000000000000	-2.899447874484	-2.899447874484	0.000000000000
389.189189	0.000000000000	-2.886868924920	-2.886868924920	0.000000000000
390.630631	0.000000000000	-2.874289975356	-2.874289975356	0.000000000000
392.072072	0.000000000000	-2.861711025793	-2.861711025793	0.000000000000
393.513514	0.000000000000	-2.849132076229	-2.849132076229	0.000000000000
394.954955	0.000000000000	-2.836553126665	-2.836553126665	0.000000000000
396.396396	0.000000000000	-2.823974177101	-2.823974177101	0.000000000000
397.837838	0.000000000000	-2.811395227537	-2.811395227537	0.000000000000
399.279279	0.000000000000	-2.798816277973	-2.798816277973	0.000000000000
400.720721	0.000000000000	-2.786237328409	-2.786237328409	0.000000000000
402.162162	0.000000000000	-2.773658378845	-2.773658378845	0.000000000000
403.603604	0.000000000000	-2.761079429281	-2.761079429281	0.000000000000
405.045045	0.000000000000	-2.748500479717	-2.748500479717	0.000000000000
406.486486	0.000000000000	-2.735921530153	-2.735921530153	0.000000000000
407.927928	0.000000000000	-2.723342580589	-2.723342580589	0.000000000000
409.369369	0.000000000000	-2.710763631025	-2.710763631025	0.000000000000
410.810811	0.000000000000	-2.698184681462	-2.698184681462	0.000000000000
412.252252	0.000000000000	-2.685605731898	-2.685605731898	0.000000000000
413.693694	0.000000000000	-2.673026782334	-2.673026782334	0.000000000000
415.135135	0.000000000000	-2.660447832770	-2.660447832770	0.000000000000
416.576577	0.000000000000	-2.647868883206	-2.647868883206	0.000000000000
418.018018	0.000000000000	-2.635289933642	-2.635289933642	0.000000000000
419.459459	0.000000000000	-2.622710984078	-2.622710984078	0.000000000000
420.900901	0.000000000000	-2.610132034514	-2.610132034514	0.000000000000
422.342342	0.000000000000	-2.597553084950	-2.597553084950	0.000000000000
423.783784	0.000000000000	-2.584974135386	-2.584974135386	0.000000000000
425.225225	0.000000000000	-2.572395185822	-2.572395185822	0.000000000000
426.666667	0.000000000000	-2.559816236258	-2.559816236258	0.000000000000
428.108108	0.000000000000	-2.547237286694	-2.547237286694	0.000000000000
429.549550	0.000000000000	-2.534658337131	-2.534658337131	0.000000000000
430.990991	0.000000000000	-2.522079387567	-2.522079387567	0.000000000000
432.432432	0.000000000000	-2.509500438003	-2.509500438003	0.000000000000
433.873874	0.000000000000	-2.496921488439	-2.496921488439	0.000000000000
435.315315	0.000000000000	-2.484342538875	-2.484342538875	0.000000000000
436.756757	0.000000000000	-2.471763589311	-2.471763589311	0.000000000000
438.198198	0.000000000000	-2.459184639747	-2.459184639747	0.000000000000
439.639640	0.000000000000	-2.446605690183	-2.446605690183	0.000000000000
441.081081	0.000000000000	-2.434026740619	-2.434026740619	0.000000000000
442.522523	0.000000000000	-2.421447791055	-2.421447791055	0.000000000000
443.963964	0.000000000000	-2.408868841491	-2.408868841491	0.000000000000
445.405405	0.000000000000	-2.396289891927	-2.396289891927	0.000000000000
446.846847	0.000000000000	-2.383710942363	-2.383710942363	0.000000000000
448.288288	0.000000000000	-2.371131992800	-2.371131992800	0.000000000000
449.729730	0.000000000000	-2.358553043236	-2.358553043236	0.000000000000
451.171171	0.000000000000	-2.345974093672	-2.345974093672	0.000000000000
452.612613	0.000000000000	-2.333395144108	-2.333395144108	0.000000000000
454.054054	0.000000000000	-2.320816194544	-2.320816194544	0.000000000000
455.495495	0.000000000000	-2.308237244980	-2.308237244980	0.000000000000
456.936937	0.000000000000	-2.295658295416	-2.295658295416	0.000000000000
458.378378	0.000000000000	-2.283079345852	-2.283079345852	0.000000000000
459.819820	0.000000000000	-2.270500396288	-2.270500396288	0.000000000000
461.261261	0.000000000000	-2.257921446724	-2.257921446724	0.000000000000
462.702703	0.000000000000	-2.245342497160	-2.245342497160	0.000000000000
464.144144	0.000000000000	-2.232763547596	-2.232763547596	0.000000000000
465.585586	0.000000000000	-2.220184598032	-2.220184598032	0.000000000000
467.027027	0.000000000000	-2.207605648469	-2.207605648469	0.000000000000
468.468468	0.000000000000	-2.195026698905	-2.195026698905	0.000000000000
469.909910	0.000000000000	-2.182447749341	-2.182447749341	0.000000000000
471.351351	0.000000000000	-2.169868799777	-2.169868799777	0.000000000000
472.792793	0.000000000000	-2.157289850213	-2.157289850213	0.000000000000
474.234234	0.000000000000	-2.144710900649	-2.144710900649	0.000000000000
475.675676	0.000000000000	-2.132131951085	-2.132131951085	0.000000000000
477.117117	0.000000000000	-2.119553001521	-2.119553001521	0.000000000000
478.558559	0.000000000000	-2.106974051957	-2.106974051957	0.000000000000
480.000000	0.000000000000	-2.094395102393	-2.094395102393	0.000000000000
481.441441	0.000000000000	-2.081816152829	-2.081816152829	0.000000000000
482.882883	0.000000000000	-2.069237203265	-2.069237203265	0.000000000000
484.324324	0.000000000000	-2.056658253701	-2.056658253701	0.000000000000
485.765766	0.000000000000	-2.044079304138	-2.044079304138	0.000000000000
487.207207	0.000000000000	-2.031500354574	-2.031500354574	0.000000000000
488.648649	0.000000000000	-2.018921405010	-2.018921405010	0.000000000000
490.090090	0.000000000000	-2.006342455446	-2.006342455446	0.000000000000
491.531532	0.000000000000	-1.993763505882	-1.993763505882	0.000000000000
492.972973	0.000000000000	-1.981184556318	-1.981184556318	0.000000000000
494.414414	0.000000000000	-1.968605606754	-1.968605606754	0.000000000000
495.855856	0.000000000000	-1.956026657190	-1.956026657190	0.000000000000
497.297297	0.000000000000	-1.943447707626	-1.943447707626	0.000000000000
498.738739	0.000000000000	-1.930868758062	-1.930868758062	0.000000000000
500.180180	0.000000000000	-1.918289808498	-1.918289808498	0.000000000000
501.621622	0.000000000000	-1.905710858934	-1.905710858934	0.000000000000
503.063063	0.000000000000	-1.893131909370	-1.893131909370	0.000000000000
504.504505	0.000000000000	-1.880552959807	-1.880552959807	0.000000000000
505.945946	0.000000000000	-1.867974010243	-1.867974010243	0.000000000000
507.387387	0.000000000000	-1.855395060679	-1.855395060679	0.000000000000
508.828829	0.000000000000	-1.842816111115	-1.842816111115	0.000000000000
510.270270	0.000000000000	-1.830237161551	-1.830237161551	0.000000000000
511.711712	0.000000000000	-1.817658211987	-1.817658211987	0.000000000000
513.153153	0.000000000000	-1.805079262423	-1.805079262423	0.000000000000
514.594595	0.000000000000	-1.792500312859	-1.792500312859	0.000000000000
516.036036	0.000000000000	-1.779921363295	-1.779921363295	0.000000000000
517.477477	0.000000000000	-1.767342413731	-1.767342413731	0.000000000000
518.918919	0.000000000000	-1.754763464167	-1.754763464167	0.000000000000
520.360360	0.000000000000	-1.742184514603	-1.742184514603	0.000000000000
521.801802	0.000000000000	-1.729605565039	-1.729605565039	0.000000000000
523.243243	0.000000000000	-1.717026615476	-1.717026615476	0.000000000000
524.684685	0.000000000000	-1.704447665912	-1.704447665912	0.000000000000
526.126126	0.000000000000	-1.691868716348	-1.691868716348	0.000000000000
527.567568	0.000000000000	-1.679289766784	-1.679289766784	0.000000000000
529.009009	0.000000000000	-1.666710817220	-1.666710817220	0.000000000000
530.450450	0.000000000000	-1.654131867656	-1.654131867656	0.000000000000
531.891892	0.000000000000	-1.641552918092	-1.641552918092	0.000000000000
533.333333	0.000000000000	-1.628973968528	-1.628973968528	0.000000000000
534.774775	0.000000000000	-1.616395018964	-1.616395018964	0.000000000000
536.216216	0.000000000000	-1.603816069400	-1.603816069400	0.000000000000
537.657658	0.000000000000	-1.591237119836	-1.591237119836	0.000000000000
539.099099	0.000000000000	-1.578658170272	-1.578658170272	0.000000000000
540.540541	0.000000000000	-1.566079220708	-1.566079220708	0.000000000000
541.981982	0.000000000000	-1.553500271145	-1.553500271145	0.000000000000
543.423423	0.000000000000	-1.540921321581	-1.540921321581	0.000000000000
544.864865	0.000000000000	-1.528342372017	-1.528342372017	0.000000000000
546.306306	0.000000000000	-1.515763422453	-1.515763422453	0.000000000000
547.747748	0.000000000000	-1.503184472889	-1.503184472889	0.000000000000
549.189189	0.000000000000	-1.490605523325	-1.490605523325	0.000000000000
550.630631	0.000000000000	-1.478026573761	-1.478026573761	0.000000000000
552.072072	0.000000000000	-1.465447624197	-1.465447624197	0.000000000000
553.513514	0.000000000000	-1.452868674633	-1.452868674633	0.000000000000
554.954955	0.000000000000	-1.440289725069	-1.440289725069	0.000000000000
556.396396	0.000000000000	-1.427710775505	-1.427710775505	0.000000000000
557.837838	0.000000000000	-1.415131825941	-1.415131825941	0.000000000000
559.279279	0.000000000000	-1.402552876377	-1.402552876377	0.000000000000
560.720721	0.000000000000	-1.389973926814	-1.389973926814	0.000000000000
562.162162	0.000000000000	-1.377394977250	-1.377394977250	0.000000000000
563.603604	0.000000000000	-1.364816027686	-1.364816027686	0.000000000000
565.045045	0.000000000000	-1.352237078122	-1.352237078122	0.000000000000
566.486486	0.000000000000	-1.339658128558	-1.339658128558	0.000000000000
567.927928	0.000000000000	-1.327079178994	-1.327079178994	0.000000000000
569.369369	0.000000000000	-1.314500229430	-1.314500229430	0.000000000000
570.810811	0.000000000000	-1.301921279866	-1.301921279866	0.000000000000
572.252252	0.000000000000	-1.289342330302	-1.289342330302	0.000000000000
573.693694	0.000000000000	-1.276763380738	-1.276763380738	0.000000000000
575.135135	0.000000000000	-1.264184431174	-1.264184431174	0.000000000000
576.576577	0.000000000000	-1.251605481610	-1.251605481610	0.000000000000
578.018018	0.000000000000	-1.239026532046	-1.239026532046	0.000000000000
579.459459	0.000000000000	-1.226447582483	-1.226447582483	0.000000000000
580.900901	0.000000000000	-1.213868632919	-1.213868632919	0.000000000000
582.342342	0.000000000000	-1.201289683355	-1.201289683355	0.000000000000
583.783784	0.000000000000	-1.188710733791	-1.188710733791	0.000000000000
585.225225	0.000000000000	-1.176131784227	-1.176131784227	0.000000000000
586.666667	0.000000000000	-1.163552834663	-1.163552834663	0.000000000000
588.108108	0.000000000000	-1.150973885099	-1.150973885099	0.000000000000
589.549550	0.000000000000	-1.138394935535	-1.138394935535	0.000000000000
590.990991	0.000000000000	-1.125815985971	-1.125815985971	0.000000000000
592.432432	0.000000000000	-1.113237036407	-1.113237036407	0.000000000000
593.873874	0.000000000000	-1.100658086843	-1.100658086843	0.000000000000
595.315315	0.000000000000	-1.088079137279	-1.088079137279	0.000000000000
596.756757	0.000000000000	-1.075500187715	-1.075500187715	0.000000000000
598.198198	0.000000000000	-1.062921238152	-1.062921238152	0.000000000000
599.639640	0.000000000000	-1.050342288588	-1.050342288588	0.000000000000
601.081081	0.000000000000	-1.037763339024	-1.037763339024	0.000000000000
602.522523	0.000000000000	-1.025184389460	-1.025184389460	0.000000000000
603.963964	0.000000000000	-1.012605439896	-1.012605439896	0.000000000000
605.405405	0.000000000000	-1.000026490332	-1.000026490332	0.000000000000
606.846847	0.000000000000	-0.987447540768	-0.987447540768	0.000000000000
608.288288	0.000000000000	-0.974868591204	-0.974868591204	0.000000000000
609.729730	0.000000000000	-0.962289641640	-0.962289641640	0.000000000000
611.171171	0.000000000000	-0.949710692076	-0.949710692076	0.000000000000
612.612613	0.000000000000	-0.937131742512	-0.937131742512	0.000000000000
614.054054	0.000000000000	-0.924552792948	-0.924552792948	0.000000000000
615.495495	0.000000000000	-0.911973843384	-0.911973843384	0.000000000000
616.936937	0.000000000000	-0.899394893821	-0.899394893821	0.000000000000
618.378378	0.000000000000	-0.886815944257	-0.886815944257	0.000000000000
619.819820	0.000000000000	-0.874236994693	-0.874236994693	0.000000000000
621.261261	0.000000000000	-0.861658045129	-0.861658045129	0.000000000000
622.702703	0.000000000000	-0.849079095565	-0.849079095565	0.000000000000
624.144144	0.000000000000	-0.836500146001	-0.836500146001	0.000000000000
625.585586	0.000000000000	-0.823921196437	-0.823921196437	0.000000000000
627.027027	0.000000000000	-0.811342246873	-0.811342246873	0.000000000000
628.468468	0.000000000000	-0.798763297309	-0.798763297309	0.000000000000
629.909910	0.000000000000	-0.786184347745	-0.786184347745	0.000000000000
631.351351	0.000000000000	-0.773605398181	-0.773605398181	0.000000000000
632.792793	0.000000000000	-0.761026448617	-0.761026448617	0.000000000000
634.234234	0.000000000000	-0.748447499053	-0.748447499053	0.000000000000
635.675676	0.000000000000	-0.735868549490	-0.735868549490	0.000000000000
637.117117	0.000000000000	-0.723289599926	-0.723289599926	0.000000000000
638.558559	0.000000000000	-0.710710650362	-0.710710650362	0.000000000000
640.000000	0.000000000000	-0.698131700798	-0.698131700798	0.000000000000
641.441441	0.000000000000	-0.685552751234	-0.685552751234	0.000000000000
642.882883	0.000000000000	-0.672973801670	-0.672973801670	0.000000000000
644.324324	0.000000000000	-0.660394852106	-0.660394852106	0.000000000000
645.765766	0.000000000000	-0.647815902542	-0.647815902542	0.000000000000
647.207207	0.000000000000	-0.635236952978	-0.635236952978	0.000000000000
648.648649	0.000000000000	-0.622658003414	-0.622658003414	0.000000000000
650.090090	0.000000000000	-0.610079053850	-0.610079053850	0.000000000000
651.531532	0.000000000000	-0.597500104286	-0.597500104286	0.000000000000
652.972973	0.000000000000	-0.584921154722	-0.584921154722	0.000000000000
654.414414	0.000000000000	-0.572342205159	-0.572342205159	0.000000000000
655.855856	0.000000000000	-0.559763255595	-0.559763255595	0.000000000000
657.297297	0.000000000000	-0.547184306031	-0.547184306031	0.000000000000
658.738739	0.000000000000	-0.534605356467	-0.534605356467	0.000000000000
660.180180	0.000000000000	-0.522026406903	-0.522026406903	0.000000000000
661.621622	0.000000000000	-0.509447457339	-0.509447457339	0.000000000000
663.063063	0.000000000000	-0.496868507775	-0.496868507775	0.000000000000
664.504505	0.000000000000	-0.484289558211	-0.484289558211	0.000000000000
665.945946	0.000000000000	-0.471710608647	-0.471710608647	0.000000000000
667.387387	0.000000000000	-0.459131659083	-0.459131659083	0.000000000000
668.828829	0.000000000000	-0.446552709519	-0.446552709519	0.000000000000
670.270270	0.000000000000	-0.433973759955	-0.433973759955	0.000000000000
671.711712	0.000000000000	-0.421394810391	-0.421394810391	0.000000000000
673.153153	0.000000000000	-0.408815860828	-0.408815860828	0.000000000000
674.594595	0.000000000000	-0.396236911264	-0.396236911264	0.000000000000
676.036036	0.000000000000	-0.383657961700	-0.383657961700	0.000000000000
677.477477	0.000000000000	-0.371079012136	-0.371079012136	0.000000000000
678.918919	0.000000000000	-0.358500062572	-0.358500062572	0.000000000000
680.360360	0.000000000000	-0.345921113008	-0.345921113008	0.000000000000
681.801802	0.000000000000	-0.333342163444	-0.333342163444	0.000000000000
683.243243	0.000000000000	-0.320763213880	-0.320763213880	0.000000000000
684.684685	0.000000000000	-0.308184264316	-0.308184264316	0.000000000000
686.126126	0.000000000000	-0.295605314752	-0.295605314752	0.000000000000
687.567568	0.000000000000	-0.283026365188	-0.283026365188	0.000000000000
689.009009	0.000000000000	-0.270447415624	-0.270447415624	0.000000000000
690.450450	0.000000000000	-0.257868466060	-0.257868466060	0.000000000000
691.891892	0.000000000000	-0.245289516497	-0.245289516497	0.000000000000
693.333333	0.000000000000	-0.232710566933	-0.232710566933	0.000000000000
694.774775	0.000000000000	-0.220131617369	-0.220131617369	0.000000000000
696.216216	0.000000000000	-0.207552667805	-0.207552667805	0.000000000000
697.657658	0.000000000000	-0.194973718241	-0.194973718241	0.000000000000
699.099099	0.000000000000	-0.182394768677	-0.182394768677	0.000000000000
700.540541	0.000000000000	-0.169815819113	-0.169815819113	0.000000000000
701.981982	0.000000000000	-0.157236869549	-0.157236869549	0.000000000000
703.423423	0.000000000000	-0.144657919985	-0.144657919985	0.000000000000
704.864865	0.000000000000	-0.132078970421	-0.132078970421	0.000000000000
706.306306	0.000000000000	-0.119500020857	-0.119500020857	0.000000000000
707.747748	0.000000000000	-0.106921071293	-0.106921071293	0.000000000000
709.189189	0.000000000000	-0.094342121729	-0.094342121729	0.000000000000
710.630631	0.000000000000	-0.081763172165	-0.081763172165	0.000000000000
712.072072	0.000000000000	-0.069184222602	-0.069184222602	0.000000000000
713.513514	0.000000000000	-0.056605273038	-0.056605273038	0.000000000000
714.954955	0.000000000000	-0.044026323474	-0.044026323474	0.000000000000
716.396396	0.000000000000	-0.031447373910	-0.031447373910	0.000000000000
717.837838	0.000000000000	-0.018868424346	-0.018868424346	0.000000000000
719.279279	0.000000000000	-0.006289474782	-0.006289474782	0.000000000000
720.720721	0.000000000000	-0.006289474782	-0.006289474782	0.000000000000
722.162162	0.000000000000	-0.018868424346	-0.018868424346	0.000000000000
723.603604	0.000000000000	-0.031447373910	-0.031447373910	0.000000000000
725.045045	0.000000000000	-0.044026323474	-0.044026323474	0.000000000000
726.486486	0.000000000000	-0.056605273038	-0.056605273038	0.000000000000
727.927928	0.000000000000	-0.069184222602	-0.069184222602	0.000000000000
729.369369	0.000000000000	-0.081763172165	-0.081763172165	0.000000000000
730.810811	0.000000000000	-0.094342121729	-0.094342121729	0.000000000000
732.252252	0.000000000000	-0.106921071293	-0.106921071293	0.000000000000
733.693694	0.000000000000	-0.119500020857	-0.119500020857	0.000000000000
735.135135	0.000000000000	-0.132078970421	-0.132078970421	0.000000000000
736.576577	0.000000000000	-0.144657919985	-0.144657919985	0.000000000000
738.018018	0.000000000000	-0.157236869549	-0.157236869549	0.000000000000
739.459459	0.000000000000	-0.169815819113	-0.169815819113	0.000000000000
740.900901	0.000000000000	-0.182394768677	-0.182394768677	0.000000000000
742.342342	0.000000000000	-0.194973718241	-0.194973718241	0.000000000000
743.783784	0.000000000000	-0.207552667805	-0.207552667805	0.000000000000
745.225225	0.000000000000	-0.220131617369	-0.220131617369	0.000000000000
746.666667	0.000000000000	-0.232710566933	-0.232710566933	0.000000000000
748.108108	0.000000000000	-0.245289516497	-0.245289516497	0.000000000000
749.549550	0.000000000000	-0.257868466060	-0.257868466060	0.000000000000
750.990991	0.000000000000	-0.270447415624	-0.270447415624	0.000000000000
752.432432	0.000000000000	-0.283026365188	-0.283026365188	0.000000000000
753.873874	0.000000000000	-0.295605314752	-0.295605314752	0.000000000000
755.315315	0.000000000000	-0.308184264316	-0.308184264316	0.000000000000
756.756757	0.000000000000	-0.320763213880	-0.320763213880	0.000000000000
758.198198	0.000000000000	-0.333342163444	-0.333342163444	0.000000000000
759.639640	0.000000000000	-0.345921113008	-0.345921113008	0.000000000000
761.081081	0.000000000000	-0.358500062572	-0.358500062572	0.000000000000
762.522523	0.000000000000	-0.371079012136	-0.371079012136	0.000000000000
763.963964	0.000000000000	-0.383657961700	-0.383657961700	0.000000000000
765.405405	0.000000000000	-0.396236911264	-0.396236911264	0.000000000000
766.846847	0.000000000000	-0.408815860828	-0.408815860828	0.000000000000
768.288288	0.000000000000	-0.421394810391	-0.421394810391	0.000000000000
769.729730	0.000000000000	-0.433973759955	-0.433973759955	0.000000000000
771.171171	0.000000000000	-0.446552709519	-0.446552709519	0.000000000000
772.612613	0.000000000000	-0.459131659083	-0.459131659083	0.000000000000
774.054054	0.000000000000	-0.471710608647	-0.471710608647	0.000000000000
775.495495	0.000000000000	-0.484289558211	-0.484289558211	0.000000000000
776.936937	0.000000000000	-0.496868507775	-0.496868507775	0.000000000000
778.378378	0.000000000000	-0.509447457339	-0.509447457339	0.000000000000
779.819820	0.000000000000	-0.522026406903	-0.522026406903	0.000000000000
781.261261	0.000000000000	-0.534605356467	-0.534605356467	0.000000000000
782.702703	0.000000000000	-0.547184306031	-0.547184306031	0.000000000000
784.144144	0.000000000000	-0.559763255595	-0.559763255595	0.000000000000
785.585586	0.000000000000	-0.572342205158	-0.572342205158	0.000000000000
787.027027	0.000000000000	-0.584921154722	-0.584921154722	0.000000000000
788.468468	0.000000000000	-0.597500104286	-0.597500104286	0.000000000000
789.909910	0.000000000000	-0.610079053850	-0.610079053850	0.000000000000
791.351351	0.000000000000	-0.622658003414	-0.622658003414	0.000000000000
792.792793	0.000000000000	-0.635236952978	-0.635236952978	0.000000000000
794.234234	0.000000000000	-0.647815902542	-0.647815902542	0.000000000000
795.675676	0.000000000000	-0.660394852106	-0.660394852106	0.000000000000
797.117117	0.000000000000	-0.672973801670	-0.672973801670	0.000000000000
798.558559	0.000000000000	-0.685552751234	-0.685552751234	0.000000000000
800.000000	0.000000000000	-0.698131700798	-0.698131700798	0.000000000000
801.441441	0.000000000000	-0.710710650362	-0.710710650362	0.000000000000
802.882883	0.000000000000	-0.723289599926	-0.723289599926	0.000000000000
804.324324	0.000000000000	-0.735868549490	-0.735868549490	0.000000000000
805.765766	0.000000000000	-0.748447499053	-0.748447499053	0.000000000000
807.207207	0.000000000000	-0.761026448617	-0.761026448617	0.000000000000
808.648649	0.000000000000	-0.773605398181	-0.773605398181	0.000000000000
810.090090	0.000000000000	-0.786184347745	-0.786184347745	0.000000000000
811.531532	0.000000000000	-0.798763297309	-0.798763297309	0.000000000000
812.972973	0.000000000000	-0.811342246873	-0.811342246873	0.000000000000
814.414414	0.000000000000	-0.823921196437	-0.823921196437	0.000000000000
815.855856	0.000000000000	-0.836500146001	-0.836500146001	0.000000000000
817.297297	0.000000000000	-0.849079095565	-0.849079095565	0.000000000000
818.738739	0.000000000000	-0.861658045129	-0.861658045129	0.000000000000
820.180180	0.000000000000	-0.874236994693	-0.874236994693	0.000000000000
821.621622	0.000000000000	-0.886815944257	-0.886815944257	0.000000000000
823.063063	0.000000000000	-0.899394893821	-0.899394893821	0.000000000000
824.504505	0.000000000000	-0.911973843384	-0.911973843384	0.000000000000
825.945946	0.000000000000	-0.924552792948	-0.924552792948	0.000000000000
827.387387	0.000000000000	-0.937131742512	-0.937131742512	0.000000000000
828.828829	0.000000000000	-0.949710692076	-0.949710692076	0.000000000000
830.270270	0.000000000000	-0.962289641640	-0.962289641640	0.000000000000
831.711712	0.000000000000	-0.974868591204	-0.974868591204	0.000000000000
833.153153	0.000000000000	-0.987447540768	-0.987447540768	0.000000000000
834.594595	0.000000000000	-1.000026490332	-1.000026490332	0.000000000000
836.036036	0.000000000000	-1.012605439896	-1.012605439896	0.000000000000
837.477477	0.000000000000	-1.025184389460	-1.025184389460	0.000000000000
838.918919	0.000000000000	-1.037763339024	-1.037763339024	0.000000000000
840.360360	0.000000000000	-1.050342288588	-1.050342288588	0.000000000000
841.801802	0.000000000000	-1.062921238152	-1.062921238152	0.000000000000
843.243243	0.000000000000	-1.075500187715	-1.075500187715	0.000000000000
844.684685	0.000000000000	-1.088079137279	-1.088079137279	0.000000000000
846.126126	0.000000000000	-1.100658086843	-1.100658086843	0.000000000000
847.567568	0.000000000000	-1.113237036407	-1.113237036407	0.000000000000
849.009009	0.000000000000	-1.125815985971	-1.125815985971	0.000000000000
850.450450	0.000000000000	-1.138394935535	-1.138394935535	0.000000000000
851.891892	0.000000000000	-1.150973885099	-1.150973885099	0.000000000000
853.333333	0.000000000000	-1.163552834663	-1.163552834663	0.000000000000
854.774775	0.000000000000	-1.176131784227	-1.176131784227	0.000000000000
856.216216	0.000000000000	-1.188710733791	-1.188710733791	0.000000000000
857.657658	0.000000000000	-1.201289683355	-1.201289683355	0.000000000000
859.099099	0.000000000000	-1.213868632919	-1.213868632919	0.000000000000
860.540541	0.000000000000	-1.226447582483	-1.226447582483	0.000000000000
861.981982	0.000000000000	-1.239026532046	-1.239026532046	0.000000000000
863.423423	0.000000000000	-1.251605481610	-1.251605481610	0.000000000000
864.864865	0.000000000000	-1.264184431174	-1.264184431174	0.000000000000
866.306306	0.000000000000	-1.276763380738	-1.276763380738	0.000000000000
867.747748	0.000000000000	-1.289342330302	-1.289342330302	0.000000000000
869.189189	0.000000000000	-1.301921279866	-1.301921279866	0.000000000000
870.630631	0.000000000000	-1.314500229430	-1.314500229430	0.000000000000
872.072072	0.000000000000	-1.327079178994	-1.327079178994	0.000000000000
873.513514	0.000000000000	-1.339658128558	-1.339658128558	0.000000000000
874.954955	0.000000000000	-1.352237078122	-1.352237078122	0.000000000000
876.396396	0.000000000000	-1.364816027686	-1.364816027686	0.000000000000
877.837838	0.000000000000	-1.377394977250	-1.377394977250	0.000000000000
879.279279	0.000000000000	-1.389973926814	-1.389973926814	0.000000000000
880.720721	0.000000000000	-1.402552876377	-1.402552876377	0.000000000000
882.162162	0.000000000000	-1.415131825941	-1.415131825941	0.000000000000
883.603604	0.000000000000	-1.427710775505	-1.427710775505	0.000000000000
885.045045	0.000000000000	-1.440289725069	-1.440289725069	0.000000000000
886.486486	0.000000000000	-1.452868674633	-1.452868674633	0.000000000000
887.927928	0.000000000000	-1.465447624197	-1.465447624197	0.000000000000
889.369369	0.000000000000	-1.478026573761	-1.478026573761	0.000000000000
890.810811	0.000000000000	-1.490605523325	-1.490605523325	0.000000000000
892.252252	0.000000000000	-1.503184472889	-1.503184472889	0.000000000000
893.693694	0.000000000000	-1.515763422453	-1.515763422453	0.000000000000
895.135135	0.000000000000	-1.528342372017	-1.528342372017	0.000000000000
896.576577	0.000000000000	-1.540921321581	-1.540921321581	0.000000000000
898.018018	0.000000000000	-1.553500271145	-1.553500271145	0.000000000000
899.459459	0.000000000000	-1.566079220708	-1.566079220708	0.000000000000
900.900901	0.000000000000	-1.578658170272	-1.578658170272	0.000000000000
902.342342	0.000000000000	-1.591237119836	-1.591237119836	0.000000000000
903.783784	0.000000000000	-1.603816069400	-1.603816069400	0.000000000000
905.225225	0.000000000000	-1.616395018964	-1.616395018964	0.000000000000
906.666667	0.000000000000	-1.628973968528	-1.628973968528	0.000000000000
908.108108	0.000000000000	-1.641552918092	-1.641552918092	0.000000000000
909.549550	0.000000000000	-1.654131867656	-1.654131867656	0.000000000000
910.990991	0.000000000000	-1.666710817220	-1.666710817220	0.000000000000
912.432432	0.000000000000	-1.679289766784	-1.679289766784	0.000000000000
913.873874	0.000000000000	-1.691868716348	-1.691868716348	0.000000000000
915.315315	0.000000000000	-1.704447665912	-1.704447665912	0.000000000000
916.756757	0.000000000000	-1.717026615476	-1.717026615476	0.000000000000
918.198198	0.000000000000	-1.729605565039	-1.729605565039	0.000000000000
919.639640	0.000000000000	-1.742184514603	-1.742184514603	0.000000000000
921.081081	0.000000000000	-1.754763464167	-1.754763464167	0.000000000000
922.522523	0.000000000000	-1.767342413731	-1.767342413731	0.000000000000
923.963964	0.000000000000	-1.779921363295	-1.779921363295	0.000000000000
925.405405	0.000000000000	-1.792500312859	-1.792500312859	0.000000000000
926.846847	0.000000000000	-1.805079262423	-1.805079262423	0.000000000000
928.288288	0.000000000000	-1.817658211987	-1.817658211987	0.000000000000
929.729730	0.000000000000	-1.830237161551	-1.830237161551	0.000000000000
931.171171	0.000000000000	-1.842816111115	-1.842816111115	0.000000000000
932.612613	0.000000000000	-1.855395060679	-1.855395060679	0.000000000000
934.054054	0.000000000000	-1.867974010243	-1.867974010243	0.000000000000
935.495495	0.000000000000	-1.880552959807	-1.880552959807	0.000000000000
936.936937	0.000000000000	-1.893131909370	-1.893131909370	0.000000000000
938.378378	0.000000000000	-1.905710858934	-1.905710858934	0.000000000000
939.819820	0.000000000000	-1.918289808498	-1.918289808498	0.000000000000
941.261261	0.000000000000	-1.930868758062	-1.930868758062	0.000000000000
942.702703	0.000000000000	-1.943447707626	-1.943447707626	0.000000000000
944.144144	0.000000000000	-1.956026657190	-1.956026657190	0.000000000000
945.585586	0.000000000000	-1.968605606754	-1.968605606754	0.000000000000
947.027027	0.000000000000	-1.981184556318	-1.981184556318	0.000000000000
948.468468	0.000000000000	-1.993763505882	-1.993763505882	0.000000000000
949.909910	0.000000000000	-2.006342455446	-2.006342455446	0.000000000000
951.351351	0.000000000000	-2.018921405010	-2.018921405010	0.000000000000
952.792793	0.000000000000	-2.031500354574	-2.031500354574	0.000000000000
954.234234	0.000000000000	-2.044079304138	-2.044079304138	0.000000000000
955.675676	0.000000000000	-2.056658253701	-2.056658253701	0.000000000000
957.117117	0.000000000000	-2.069237203265	-2.069237203265	0.000000000000
958.558559	0.000000000000	-2.081816152829	-2.081816152829	0.000000000000
960.000000	0.000000000000	-2.094395102393	-2.094395102393	0.000000000000
961.441441	0.000000000000	-2.106974051957	-2.106974051957	0.000000000000
962.882883	0.000000000000	-2.119553001521	-2.119553001521	0.000000000000
964.324324	0.000000000000	-2.132131951085	-2.132131951085	0.000000000000
965.765766	0.000000000000	-2.144710900649	-2.144710900649	0.000000000000
967.207207	0.000000000000	-2.157289850213	-2.157289850213	0.000000000000
968.648649	0.000000000000	-2.169868799777	-2.169868799777	0.000000000000
970.090090	0.000000000000	-2.182447749341	-2.182447749341	0.000000000000
971.531532	0.000000000000	-2.195026698905	-2.195026698905	0.000000000000
972.972973	0.000000000000	-2.207605648469	-2.207605648469	0.000000000000
974.414414	0.000000000000	-2.220184598032	-2.220184598032	0.000000000000
975.855856	0.000000000000	-2.232763547596	-2.232763547596	0.000000000000
977.297297	0.000000000000	-2.245342497160	-2.245342497160	0.000000000000
978.738739	0.000000000000	-2.257921446724	-2.257921446724	0.000000000000
980.180180	0.000000000000	-2.270500396288	-2.270500396288	0.000000000000
981.621622	0.000000000000	-2.283079345852	-2.283079345852	0.000000000000
983.063063	0.000000000000	-2.295658295416	-2.295658295416	0.000000000000
984.504505	0.000000000000	-2.308237244980	-2.308237244980	0.000000000000
985.945946	0.000000000000	-2.320816194544	-2.320816194544	0.000000000000
987.387387	0.000000000000	-2.333395144108	-2.333395144108	0.000000000000
988.828829	0.000000000000	-2.345974093672	-2.345974093672	0.000000000000
990.270270	0.000000000000	-2.358553043236	-2.358553043236	0.000000000000
991.711712	0.000000000000	-2.371131992800	-2.371131992800	0.000000000000
993.153153	0.000000000000	-2.383710942363	-2.383710942363	0.000000000000
994.594595	0.000000000000	-2.396289891927	-2.396289891927	0.000000000000
996.036036	0.000000000000	-2.408868841491	-2.408868841491	0.000000000000
997.477477	0.000000000000	-2.421447791055	-2.421447791055	0.000000000000
998.918919	0.000000000000	-2.434026740619	-2.434026740619	0.000000000000
1000.360360	0.000000000000	-2.446605690183	-2.446605690183	0.000000000000
1001.801802	0.000000000000	-2.459184639747	-2.459184639747	0.000000000000
1003.243243	0.000000000000	-2.471763589311	-2.471763589311	0.000000000000
1004.684685	0.000000000000	-2.484342538875	-2.484342538875	0.000000000000
1006.126126	0.000000000000	-2.496921488439	-2.496921488439	0.000000000000
1007.567568	0.000000000000	-2.509500438003	-2.509500438003	0.000000000000
1009.009009	0.000000000000	-2.522079387567	-2.522079387567	0.000000000000
1010.450450	0.000000000000	-2.534658337131	-2.534658337131	0.000000000000
1011.891892	0.000000000000	-2.547237286694	-2.547237286694	0.000000000000
1013.333333	0.000000000000	-2.559816236258	-2.559816236258	0.000000000000
1014.774775	0.000000000000	-2.572395185822	-2.572395185822	0.000000000000
1016.216216	0.000000000000	-2.584974135386	-2.584974135386	0.000000000000
1017.657658	0.000000000000	-2.597553084950	-2.597553084950	0.000000000000
1019.099099	0.000000000000	-2.610132034514	-2.610132034514	0.000000000000
1020.540541	0.000000000000	-2.622710984078	-2.622710984078	0.000000000000
1021.981982	0.000000000000	-2.635289933642	-2.635289933642	0.000000000000
1023.423423	0.000000000000	-2.647868883206	-2.647868883206	0.000000000000
1024.864865	0.000000000000	-2.660447832770	-2.660447832770	0.000000000000
1026.306306	0.000000000000	-2.673026782334	-2.673026782334	0.000000000000
1027.747748	0.000000000000	-2.685605731898	-2.685605731898	0.000000000000
1029.189189	0.000000000000	-2.698184681462	-2.698184681462	0.000000000000
1030.630631	0.000000000000	-2.710763631025	-2.710763631025	0.000000000000
1032.072072	0.000000000000	-2.723342580589	-2.723342580589	0.000000000000
1033.513514	0.000000000000	-2.735921530153	-2.735921530153	0.000000000000
1034.954955	0.000000000000	-2.748500479717	-2.748500479717	0.000000000000
1036.396396	0.000000000000	-2.761079429281	-2.761079429281	0.000000000000
1037.837838	0.000000000000	-2.773658378845	-2.773658378845	0.000000000000
1039.279279	0.000000000000	-2.786237328409	-2.786237328409	0.000000000000
1040.720721	0.000000000000	-2.798816277973	-2.798816277973	0.000000000000
1042.162162	0.000000000000	-2.811395227537	-2.811395227537	0.000000000000
1043.603604	0.000000000000	-2.823974177101	-2.823974177101	0.000000000000
1045.045045	0.000000000000	-2.836553126665	-2.836553126665	0.000000000000
1046.486486	0.000000000000	-2.849132076229	-2.849132076229	0.000000000000
1047.927928	0.000000000000	-2.861711025793	-2.861711025793	0.000000000000
1049.369369	0.000000000000	-2.874289975356	-2.874289975356	0.000000000000
1050.810811	0.000000000000	-2.886868924920	-2.886868924920	0.000000000000
1052.252252	0.000000000000	-2.899447874484	-2.899447874484	0.000000000000
1053.693694	0.000000000000	-2.912026824048	-2.912026824048	0.000000000000
1055.135135	0.000000000000	-2.924605773612	-2.924605773612	0.000000000000
1056.576577	0.000000000000	-2.937184723176	-2.937184723176	0.000000000000
1058.018018	0.000000000000	-2.949763672740	-2.949763672740	0.000000000000
1059.459459	0.000000000000	-2.962342622304	-2.962342622304	0.000000000000
1060.900901	0.000000000000	-2.974921571868	-2.974921571868	0.000000000000
1062.342342	0.000000000000	-2.987500521432	-2.987500521432	0.000000000000
1063.783784	0.000000000000	-3.000079470996	-3.000079470996	0.000000000000
1065.225225	0.000000000000	-3.012658420560	-3.012658420560	0.000000000000
1066.666667	0.000000000000	-3.025237370124	-3.025237370124	0.000000000000
1068.108108	0.000000000000	-3.037816319687	-3.037816319687	0.000000000000
1069.549550	0.000000000000	-3.050395269251	-3.050395269251	0.000000000000
1070.990991	0.000000000000	-3.062974218815	-3.062974218815	0.000000000000
1072.432432	0.000000000000	-3.075553168379	-3.075553168379	0.000000000000
1073.873874	0.000000000000	-3.088132117943	-3.088132117943	0.000000000000
1075.315315	0.000000000000	-3.100711067507	-3.100711067507	0.000000000000
1076.756757	0.000000000000	-3.113290017071	-3.113290017071	0.000000000000
1078.198198	0.000000000000	-3.125868966635	-3.125868966635	0.000000000000
1079.639640	0.000000000000	-3.138447916199	-3.138447916199	0.000000000000
1081.081081	0.000000000000	-3.132158441417	-3.132158441417	0.000000000000
1082.522523	0.000000000000	-3.119579491853	-3.119579491853	0.000000000000
1083.963964	0.000000000000	-3.107000542289	-3.107000542289	0.000000000000
1085.405405	0.000000000000	-3.094421592725	-3.094421592725	0.000000000000
1086.846847	0.000000000000	-3.081842643161	-3.081842643161	0.000000000000
1088.288288	0.000000000000	-3.069263693597	-3.069263693597	0.000000000000
1089.729730	0.000000000000	-3.056684744033	-3.056684744033	0.000000000000
1091.171171	0.000000000000	-3.044105794469	-3.044105794469	0.000000000000
1092.612613	0.000000000000	-3.031526844905	-3.031526844905	0.000000000000
1094.054054	0.000000000000	-3.018947895342	-3.018947895342	0.000000000000
1095.495495	0.000000000000	-3.006368945778	-3.006368945778	0.000000000000
1096.936937	0.000000000000	-2.993789996214	-2.993789996214	0.000000000000
1098.378378	0.000000000000	-2.981211046650	-2.981211046650	0.000000000000
1099.819820	0.000000000000	-2.968632097086	-2.968632097086	0.000000000000
1101.261261	0.000000000000	-2.956053147522	-2.956053147522	0.000000000000
1102.702703	0.000000000000	-2.943474197958	-2.943474197958	0.000000000000
1104.144144	0.000000000000	-2.930895248394	-2.930895248394	0.000000000000
1105.585586	0.000000000000	-2.918316298830	-2.918316298830	0.000000000000
1107.027027	0.000000000000	-2.905737349266	-2.905737349266	0.000000000000
1108.468468	0.000000000000	-2.893158399702	-2.893158399702	0.000000000000
1109.909910	0.000000000000	-2.880579450138	-2.880579450138	0.000000000000
1111.351351	0.000000000000	-2.868000500574	-2.868000500574	0.000000000000
1112.792793	0.000000000000	-2.855421551011	-2.855421551011	0.000000000000
1114.234234	0.000000000000	-2.842842601447	-2.842842601447	0.000000000000
1115.675676	0.000000000000	-2.830263651883	-2.830263651883	0.000000000000
1117.117117	0.000000000000	-2.817684702319	-2.817684702319	0.000000000000
1118.558559	0.000000000000	-2.805105752755	-2.805105752755	0.000000000000
1120.000000	0.000000000000	-2.792526803191	-2.792526803191	0.000000000000
1121.441441	0.000000000000	-2.779947853627	-2.779947853627	0.000000000000
1122.882883	0.000000000000	-2.767368904063	-2.767368904063	0.000000000000
1124.324324	0.000000000000	-2.754789954499	-2.754789954499	0.000000000000
1125.765766	0.000000000000	-2.742211004935	-2.742211004935	0.000000000000
1127.207207	0.000000000000	-2.729632055371	-2.729632055371	0.000000000000
1128.648649	0.000000000000	-2.717053105807	-2.717053105807	0.000000000000
1130.090090	0.000000000000	-2.704474156243	-2.704474156243	0.000000000000
1131.531532	0.000000000000	-2.691895206680	-2.691895206680	0.000000000000
1132.972973	0.000000000000	-2.679316257116	-2.679316257116	0.000000000000
1134.414414	0.000000000000	-2.666737307552	-2.666737307552	0.000000000000
1135.855856	0.000000000000	-2.654158357988	-2.654158357988	0.000000000000
1137.297297	0.000000000000	-2.641579408424	-2.641579408424	0.000000000000
1138.738739	0.000000000000	-2.629000458860	-2.629000458860	0.000000000000
1140.180180	0.000000000000	-2.616421509296	-2.616421509296	0.000000000000
1141.621622	0.000000000000	-2.603842559732	-2.603842559732	0.000000000000
1143.063063	0.000000000000	-2.591263610168	-2.591263610168	0.000000000000
1144.504505	0.000000000000	-2.578684660604	-2.578684660604	0.000000000000
1145.945946	0.000000000000	-2.566105711040	-2.566105711040	0.000000000000
1147.387387	0.000000000000	-2.553526761476	-2.553526761476	0.000000000000
1148.828829	0.000000000000	-2.540947811912	-2.540947811912	0.000000000000
1150.270270	0.000000000000	-2.528368862349	-2.528368862349	0.000000000000
1151.711712	0.000000000000	-2.515789912785	-2.515789912785	0.000000000000
1153.153153	0.000000000000	-2.503210963221	-2.503210963221	0.000000000000
1154.594595	0.000000000000	-2.490632013657	-2.490632013657	0.000000000000
1156.036036	0.000000000000	-2.478053064093	-2.478053064093	0.000000000000
1157.477477	0.000000000000	-2.465474114529	-2.465474114529	0.000000000000
1158.918919	0.000000000000	-2.452895164965	-2.452895164965	0.000000000000
1160.360360	0.000000000000	-2.440316215401	-2.440316215401	0.000000000000
1161.801802	0.000000000000	-2.427737265837	-2.427737265837	0.000000000000
1163.243243	0.000000000000	-2.415158316273	-2.415158316273	0.000000000000
1164.684685	0.000000000000	-2.402579366709	-2.402579366709	0.000000000000
1166.126126	0.000000000000	-2.390000417145	-2.390000417145	0.000000000000
1167.567568	0.000000000000	-2.377421467581	-2.377421467581	0.000000000000
1169.009009	0.000000000000	-2.364842518018	-2.364842518018	0.000000000000
1170.450450	0.000000000000	-2.352263568454	-2.352263568454	0.000000000000
1171.891892	0.000000000000	-2.339684618890	-2.339684618890	0.000000000000
1173.333333	0.000000000000	-2.327105669326	-2.327105669326	0.000000000000
1174.774775	0.000000000000	-2.314526719762	-2.314526719762	0.000000000000
1176.216216	0.000000000000	-2.301947770198	-2.301947770198	0.000000000000
1177.657658	0.000000000000	-2.289368820634	-2.289368820634	0.000000000000
1179.099099	0.000000000000	-2.276789871070	-2.276789871070	0.000000000000
1180.540541	0.000000000000	-2.264210921506	-2.264210921506	0.000000000000
1181.981982	0.000000000000	-2.251631971942	-2.251631971942	0.000000000000
1183.423423	0.000000000000	-2.239053022378	-2.239053022378	0.000000000000
1184.864865	0.000000000000	-2.226474072814	-2.226474072814	0.000000000000
1186.306306	0.000000000000	-2.213895123250	-2.213895123250	0.000000000000
1187.747748	0.000000000000	-2.201316173687	-2.201316173687	0.000000000000
1189.189189	0.000000000000	-2.188737224123	-2.188737224123	0.000000000000
1190.630631	0.000000000000	-2.176158274559	-2.176158274559	0.000000000000
1192.072072	0.000000000000	-2.163579324995	-2.163579324995	0.000000000000
1193.513514	0.000000000000	-2.151000375431	-2.151000375431	0.000000000000
1194.954955	0.000000000000	-2.138421425867	-2.138421425867	0.000000000000
1196.396396	0.000000000000	-2.125842476303	-2.125842476303	0.000000000000
1197.837838	0.000000000000	-2.113263526739	-2.113263526739	0.000000000000
1199.279279	0.000000000000	-2.100684577175	-2.100684577175	0.000000000000
1200.720721	0.000000000000	-2.088105627611	-2.088105627611	0.000000000000
1202.162162	0.000000000000	-2.075526678047	-2.075526678047	0.000000000000
1203.603604	0.000000000000	-2.062947728483	-2.062947728483	0.000000000000
1205.045045	0.000000000000	-2.050368778919	-2.050368778919	0.000000000000
1206.486486	0.000000000000	-2.037789829356	-2.037789829356	0.000000000000
1207.927928	0.000000000000	-2.025210879792	-2.025210879792	0.000000000000
1209.369369	0.000000000000	-2.012631930228	-2.012631930228	0.000000000000
1210.810811	0.000000000000	-2.000052980664	-2.000052980664	0.000000000000
1212.252252	0.000000000000	-1.987474031100	-1.987474031100	0.000000000000
1213.693694	0.000000000000	-1.974895081536	-1.974895081536	0.000000000000
1215.135135	0.000000000000	-1.962316131972	-1.962316131972	0.000000000000
1216.576577	0.000000000000	-1.949737182408	-1.949737182408	0.000000000000
1218.018018	0.000000000000	-1.937158232844	-1.937158232844	0.000000000000
1219.459459	0.000000000000	-1.924579283280	-1.924579283280	0.000000000000
1220.900901	0.000000000000	-1.912000333716	-1.912000333716	0.000000000000
1222.342342	0.000000000000	-1.899421384152	-1.899421384152	0.000000000000
1223.783784	0.000000000000	-1.886842434588	-1.886842434588	0.000000000000
1225.225225	0.000000000000	-1.874263485025	-1.874263485025	0.000000000000
1226.666667	0.000000000000	-1.861684535461	-1.861684535461	0.000000000000
1228.108108	0.000000000000	-1.849105585897	-1.849105585897	0.000000000000
1229.549550	0.000000000000	-1.836526636333	-1.836526636333	0.000000000000
1230.990991	0.000000000000	-1.823947686769	-1.823947686769	0.000000000000
1232.432432	0.000000000000	-1.811368737205	-1.811368737205	0.000000000000
1233.873874	0.000000000000	-1.798789787641	-1.798789787641	0.000000000000
1235.315315	0.000000000000	-1.786210838077	-1.786210838077	0.000000000000
1236.756757	0.000000000000	-1.773631888513	-1.773631888513	0.000000000000
1238.198198	0.000000000000	-1.761052938949	-1.761052938949	0.000000000000
1239.639640	0.000000000000	-1.748473989385	-1.748473989385	0.000000000000
1241.081081	0.000000000000	-1.735895039821	-1.735895039821	0.000000000000
1242.522523	0.000000000000	-1.723316090257	-1.723316090257	0.000000000000
1243.963964	0.000000000000	-1.710737140694	-1.710737140694	0.000000000000
1245.405405	0.000000000000	-1.698158191130	-1.698158191130	0.000000000000
1246.846847	0.000000000000	-1.685579241566	-1.685579241566	0.000000000000
1248.288288	0.000000000000	-1.673000292002	-1.673000292002	0.000000000000
1249.729730	0.000000000000	-1.660421342438	-1.660421342438	0.000000000000
1251.171171	0.000000000000	-1.647842392874	-1.647842392874	0.000000000000
1252.612613	0.000000000000	-1.635263443310	-1.635263443310	0.000000000000
1254.054054	0.000000000000	-1.622684493746	-1.622684493746	0.000000000000
1255.495495	0.000000000000	-1.610105544182	-1.610105544182	0.000000000000
1256.936937	0.000000000000	-1.597526594618	-1.597526594618	0.000000000000
1258.378378	0.000000000000	-1.584947645054	-1.584947645054	0.000000000000
1259.819820	0.000000000000	-1.572368695490	-1.572368695490	0.000000000000
1261.261261	0.000000000000	-1.559789745926	-1.559789745926	0.000000000000
1262.702703	0.000000000000	-1.547210796363	-1.547210796363	0.000000000000
1264.144144	0.000000000000	-1.534631846799	-1.534631846799	0.000000000000
1265.585586	0.000000000000	-1.522052897235	-1.522052897235	0.000000000000
1267.027027	0.000000000000	-1.509473947671	-1.509473947671	0.000000000000
1268.468468	0.000000000000	-1.496894998107	-1.496894998107	0.000000000000
1269.909910	0.000000000000	-1.484316048543	-1.484316048543	0.000000000000
1271.351351	0.000000000000	-1.471737098979	-1.471737098979	0.000000000000
1272.792793	0.000000000000	-1.459158149415	-1.459158149415	0.000000000000
1274.234234	0.000000000000	-1.446579199851	-1.446579199851	0.000000000000
1275.675676	0.000000000000	-1.434000250287	-1.434000250287	0.000000000000
1277.117117	0.000000000000	-1.421421300723	-1.421421300723	0.000000000000
1278.558559	0.000000000000	-1.408842351159	-1.408842351159	0.000000000000
1280.000000	0.000000000000	-1.396263401595	-1.396263401595	0.000000000000
1281.441441	0.000000000000	-1.383684452032	-1.383684452032	0.000000000000
1282.882883	0.000000000000	-1.371105502468	-1.371105502468	0.000000000000
1284.324324	0.000000000000	-1.358526552904	-1.358526552904	0.000000000000
1285.765766	0.000000000000	-1.345947603340	-1.345947603340	0.000000000000
1287.207207	0.000000000000	-1.333368653776	-1.333368653776	0.000000000000
1288.648649	0.000000000000	-1.320789704212	-1.320789704212	0.000000000000
1290.090090	0.000000000000	-1.308210754648	-1.308210754648	0.000000000000
1291.531532	0.000000000000	-1.295631805084	-1.295631805084	0.000000000000
1292.972973	0.000000000000	-1.283052855520	-1.283052855520	0.000000000000
1294.414414	0.000000000000	-1.270473905956	-1.270473905956	0.000000000000
1295.855856	0.000000000000	-1.257894956392	-1.257894956392	0.000000000000
1297.297297	0.000000000000	-1.245316006828	-1.245316006828	0.000000000000
1298.738739	0.000000000000	-1.232737057264	-1.232737057264	0.000000000000
1300.180180	0.000000000000	-1.220158107701	-1.220158107701	0.000000000000
1301.621622	0.000000000000	-1.207579158137	-1.207579158137	0.000000000000
1303.063063	0.000000000000	-1.195000208573	-1.195000208573	0.000000000000
1304.504505	0.000000000000	-1.182421259009	-1.182421259009	0.000000000000
1305.945946	0.000000000000	-1.169842309445	-1.169842309445	0.000000000000
1307.387387	0.000000000000	-1.157263359881	-1.157263359881	0.000000000000
1308.828829	0.000000000000	-1.144684410317	-1.144684410317	0.000000000000
1310.270270	0.000000000000	-1.132105460753	-1.132105460753	0.000000000000
1311.711712	0.000000000000	-1.119526511189	-1.119526511189	0.000000000000
1313.153153	0.000000000000	-1.106947561625	-1.106947561625	0.000000000000
1314.594595	0.000000000000	-1.094368612061	-1.094368612061	0.000000000000
1316.036036	0.000000000000	-1.081789662497	-1.081789662497	0.000000000000
1317.477477	0.000000000000	-1.069210712933	-1.069210712933	0.000000000000
1318.918919	0.000000000000	-1.056631763370	-1.056631763370	0.000000000000
1320.360360	0.000000000000	-1.044052813806	-1.044052813806	0.000000000000
1321.801802	0.000000000000	-1.031473864242	-1.031473864242	0.000000000000
1323.243243	0.000000000000	-1.018894914678	-1.018894914678	0.000000000000
1324.684685	0.000000000000	-1.006315965114	-1.006315965114	0.000000000000
1326.126126	0.000000000000	-0.993737015550	-0.993737015550	0.000000000000
1327.567568	0.000000000000	-0.981158065986	-0.981158065986	0.000000000000
1329.009009	0.000000000000	-0.968579116422	-0.968579116422	0.000000000000
1330.450450	0.000000000000	-0.956000166858	-0.956000166858	0.000000000000
1331.891892	0.000000000000	-0.943421217294	-0.943421217294	0.000000000000
1333.333333	0.000000000000	-0.930842267730	-0.930842267730	0.000000000000
1334.774775	0.000000000000	-0.918263318166	-0.918263318166	0.000000000000
1336.216216	0.000000000000	-0.905684368602	-0.905684368602	0.000000000000
1337.657658	0.000000000000	-0.893105419039	-0.893105419039	0.000000000000
1339.099099	0.000000000000	-0.880526469475	-0.880526469475	0.000000000000
1340.540541	0.000000000000	-0.867947519911	-0.867947519911	0.000000000000
1341.981982	0.000000000000	-0.855368570347	-0.855368570347	0.000000000000
1343.423423	0.000000000000	-0.842789620783	-0.842789620783	0.000000000000
1344.864865	0.000000000000	-0.830210671219	-0.830210671219	0.000000000000
1346.306306	0.000000000000	-0.817631721655	-0.817631721655	0.000000000000
1347.747748	0.000000000000	-0.805052772091	-0.805052772091	0.000000000000
1349.189189	0.000000000000	-0.792473822527	-0.792473822527	0.000000000000
1350.630631	0.000000000000	-0.779894872963	-0.779894872963	0.000000000000
1352.072072	0.000000000000	-0.767315923399	-0.767315923399	0.000000000000
1353.513514	0.000000000000	-0.754736973835	-0.754736973835	0.000000000000
1354.954955	0.000000000000	-0.742158024271	-0.742158024271	0.000000000000
1356.396396	0.000000000000	-0.729579074708	-0.729579074708	0.000000000000
1357.837838	0.000000000000	-0.717000125144	-0.717000125144	0.000000000000
1359.279279	0.000000000000	-0.704421175580	-0.704421175580	0.000000000000
1360.720721	0.000000000000	-0.691842226016	-0.691842226016	0.000000000000
1362.162162	0.000000000000	-0.679263276452	-0.679263276452	0.000000000000
1363.603604	0.000000000000	-0.666684326888	-0.666684326888	0.000000000000
1365.045045	0.000000000000	-0.654105377324	-0.654105377324	0.000000000000
1366.486486	0.000000000000	-0.641526427760	-0.641526427760	0.000000000000
1367.927928	0.000000000000	-0.628947478196	-0.628947478196	0.000000000000
1369.369369	0.000000000000	-0.616368528632	-0.616368528632	0.000000000000
1370.810811	0.000000000000	-0.603789579068	-0.603789579068	0.000000000000
1372.252252	0.000000000000	-0.591210629504	-0.591210629504	0.000000000000
1373.693694	0.000000000000	-0.578631679940	-0.578631679940	0.000000000000
1375.135135	0.000000000000	-0.566052730377	-0.566052730377	0.000000000000
1376.576577	0.000000000000	-0.553473780813	-0.553473780813	0.000000000000
1378.018018	0.000000000000	-0.540894831249	-0.540894831249	0.000000000000
1379.459459	0.000000000000	-0.528315881685	-0.528315881685	0.000000000000
1380.900901	0.000000000000	-0.515736932121	-0.515736932121	0.000000000000
1382.342342	0.000000000000	-0.503157982557	-0.503157982557	0.000000000000
1383.783784	0.000000000000	-0.490579032993	-0.490579032993	0.000000000000
1385.225225	0.000000000000	-0.478000083429	-0.478000083429	0.000000000000
1386.666667	0.000000000000	-0.465421133865	-0.465421133865	0.000000000000
1388.108108	0.000000000000	-0.452842184301	-0.452842184301	0.000000000000
1389.549550	0.000000000000	-0.440263234737	-0.440263234737	0.000000000000
1390.990991	0.000000000000	-0.427684285173	-0.427684285173	0.000000000000
1392.432432	0.000000000000	-0.415105335609	-0.415105335609	0.000000000000
1393.873874	0.000000000000	-0.402526386046	-0.402526386046	0.000000000000
1395.315315	0.000000000000	-0.389947436482	-0.389947436482	0.000000000000
1396.756757	0.000000000000	-0.377368486918	-0.377368486918	0.000000000000
1398.198198	0.000000000000	-0.364789537354	-0.364789537354	0.000000000000
1399.639640	0.000000000000	-0.352210587790	-0.352210587790	0.000000000000
1401.081081	0.000000000000	-0.339631638226	-0.339631638226	0.000000000000
1402.522523	0.000000000000	-0.327052688662	-0.327052688662	0.000000000000
1403.963964	0.000000000000	-0.314473739098	-0.314473739098	0.000000000000
1405.405405	0.000000000000	-0.301894789534	-0.301894789534	0.000000000000
1406.846847	0.000000000000	-0.289315839970	-0.289315839970	0.000000000000
1408.288288	0.000000000000	-0.276736890406	-0.276736890406	0.000000000000
1409.729730	0.000000000000	-0.264157940842	-0.264157940842	0.000000000000
1411.171171	0.000000000000	-0.251578991278	-0.251578991278	0.000000000000
1412.612613	0.000000000000	-0.239000041715	-0.239000041715	0.000000000000
1414.054054	0.000000000000	-0.226421092151	-0.226421092151	0.000000000000
1415.495495	0.000000000000	-0.213842142587	-0.213842142587	0.000000000000
1416.936937	0.000000000000	-0.201263193023	-0.201263193023	0.000000000000
1418.378378	0.000000000000	-0.188684243459	-0.188684243459	0.000000000000
1419.819820	0.000000000000	-0.176105293895	-0.176105293895	0.000000000000
1421.261261	0.000000000000	-0.163526344331	-0.163526344331	0.000000000000
1422.702703	0.000000000000	-0.150947394767	-0.150947394767	0.000000000000
1424.144144	0.000000000000	-0.138368445203	-0.138368445203	0.000000000000
1425.585586	0.000000000000	-0.125789495639	-0.125789495639	0.000000000000
1427.027027	0.000000000000	-0.113210546075	-0.113210546075	0.000000000000
1428.468468	0.000000000000	-0.100631596511	-0.100631596511	0.000000000000
1429.909910	0.000000000000	-0.088052646947	-0.088052646947	0.000000000000
1431.351351	0.000000000000	-0.075473697384	-0.075473697384	0.000000000000
1432.792793	0.000000000000	-0.062894747820	-0.062894747820	0.000000000000
1434.234234	0.000000000000	-0.050315798256	-0.050315798256	0.000000000000
1435.675676	0.000000000000	-0.037736848692	-0.037736848692	0.000000000000
1437.117117	0.000000000000	-0.025157899128	-0.025157899128	0.000000000000
1438.558559	0.000000000000	-0.012578949564	-0.012578949564	0.000000000000
1440.000000	0.000000000000	-0.000000000000	-0.000000000000	0.000000000000
