Theta (degrees)	Normalized Energy
0.000000000000000000e+00 9.992569629462008107e-01
1.441441441441441373e+00 9.992580125420761350e-01
2.882882882882882747e+00 9.992611554905985738e-01
4.324324324324323676e+00 9.992663743046197311e-01
5.765765765765765494e+00 9.992736399393180591e-01
7.207207207207206423e+00 9.992829119424750939e-01
8.648648648648647352e+00 9.992941386641421841e-01
1.009009009009008828e+01 9.993072575249546396e-01
1.153153153153153099e+01 9.993221953421567161e-01
1.297297297297297369e+01 9.993388687121415037e-01
1.441441441441441285e+01 9.993571844481102806e-01
1.585585585585585555e+01 9.993770400711740054e-01
1.729729729729729470e+01 9.993983243530129013e-01
1.873873873873873563e+01 9.994209179078963334e-01
2.018018018018017656e+01 9.994446938316396967e-01
2.162162162162162105e+01 9.994695183847835951e-01
2.306306306306306197e+01 9.994952517169807260e-01
2.450450450450449935e+01 9.995217486293268561e-01
2.594594594594594739e+01 9.995488593710560865e-01
2.738738738738738476e+01 9.995764304667574818e-01
2.882882882882882569e+01 9.996043055699823654e-01
3.027027027027026662e+01 9.996323263388575686e-01
3.171171171171171110e+01 9.996603333290502436e-01
3.315315315315314848e+01 9.996881668992178005e-01
3.459459459459458941e+01 9.997156681238387188e-01
3.603603603603603034e+01 9.997426797081642169e-01
3.747747747747747127e+01 9.997690468998542412e-01
3.891891891891891930e+01 9.997946183917443275e-01
4.036036036036035313e+01 9.998192472101410377e-01
4.180180180180179406e+01 9.998427915829523061e-01
4.324324324324324209e+01 9.998651157820332980e-01
4.468468468468468302e+01 9.998860909341232839e-01
4.612612612612612395e+01 9.999055957949112283e-01
4.756756756756756488e+01 9.999235174808834836e-01
4.900900900900899870e+01 9.999397521538493372e-01
5.045045045045044674e+01 9.999542056532696455e-01
5.189189189189189477e+01 9.999667940718728332e-01
5.333333333333332860e+01 9.999774442703329713e-01
5.477477477477476953e+01 9.999860943272638192e-01
5.621621621621621756e+01 9.999926939211670751e-01
5.765765765765765138e+01 9.999972046414973281e-01
5.909909909909909942e+01 9.999996002264934791e-01
6.054054054054053324e+01 9.999998667259863971e-01
6.198198198198197417e+01 9.999980025879520174e-01
6.342342342342342221e+01 9.999940186681371967e-01
6.486486486486485603e+01 9.999879381627069241e-01
6.630630630630629696e+01 9.999797964644041581e-01
6.774774774774773789e+01 9.999696409433249666e-01
6.918918918918917882e+01 9.999575306539693065e-01
7.063063063063063396e+01 9.999435359707573578e-01
7.207207207207206068e+01 9.999277381547641008e-01
7.351351351351350161e+01 9.999102288548605832e-01
7.495495495495494254e+01 9.998911095469661392e-01
7.639639639639638347e+01 9.998704909154797482e-01
7.783783783783783861e+01 9.998484921813618476e-01
7.927927927927926532e+01 9.998252403816437761e-01
8.072072072072070625e+01 9.998008696054282440e-01
8.216216216216216139e+01 9.997755201916576073e-01
8.360360360360358811e+01 9.997493378941014752e-01
8.504504504504504325e+01 9.997224730191430764e-01
8.648648648648648418e+01 9.996950795419948799e-01
8.792792792792792511e+01 9.996673142070190421e-01
8.936936936936936604e+01 9.996393356177825096e-01
9.081081081081079276e+01 9.996113033224273137e-01
9.225225225225224790e+01 9.995833768998003688e-01
9.369369369369368883e+01 9.995557150516781730e-01
9.513513513513512976e+01 9.995284747062125330e-01
9.657657657657658490e+01 9.995018101375374719e-01
9.801801801801799741e+01 9.994758721062342310e-01
9.945945945945945255e+01 9.994508070251232335e-01
1.009009009009008935e+02 9.994267561545659984e-01
1.023423423423423344e+02 9.994038548311937609e-01
1.037837837837837895e+02 9.993822317337226480e-01
1.052252252252252305e+02 9.993620081891727569e-01
1.066666666666666572e+02 9.993432975225989834e-01
1.081081081081080981e+02 9.993262044530871746e-01
1.095495495495495391e+02 9.993108245385482480e-01
1.109909909909909942e+02 9.992972436715360507e-01
1.124324324324324351e+02 9.992855376280618263e-01
1.138738738738738618e+02 9.992757716711312410e-01
1.153153153153153028e+02 9.992680002104739057e-01
1.167567567567567437e+02 9.992622665197030685e-01
1.181981981981981988e+02 9.992586025119073456e-01
1.196396396396396398e+02 9.992570285744735159e-01
1.210810810810810665e+02 9.992575534636987111e-01
1.225225225225225216e+02 9.992601742595597081e-01
1.239639639639639483e+02 9.992648763807958634e-01
1.254054054054054035e+02 9.992716336602474048e-01
1.268468468468468444e+02 9.992804084801991671e-01
1.282882882882882996e+02 9.992911519672552645e-01
1.297297297297297121e+02 9.993038042460770098e-01
1.311711711711711530e+02 9.993182947510790282e-01
1.326126126126125939e+02 9.993345425949629046e-01
1.340540540540540633e+02 9.993524569927433321e-01
1.354954954954954758e+02 9.993719377396601544e-01
1.369369369369369451e+02 9.993928757411375541e-01
1.383783783783783576e+02 9.994151535926817376e-01
1.398198198198197986e+02 9.994386462073555633e-01
1.412612612612612679e+02 9.994632214881613574e-01
1.427027027027027088e+02 9.994887410424284635e-01
1.441441441441441214e+02 9.995150609349807702e-01
1.455855855855855907e+02 9.995420324765910136e-01
1.470270270270270032e+02 9.995695030439393225e-01
1.484684684684684726e+02 9.995973169270316872e-01
1.499099099099098851e+02 9.996253161997311620e-01
1.513513513513513544e+02 9.996533416088370094e-01
1.527927927927927669e+02 9.996812334768793162e-01
1.542342342342342079e+02 9.997088326135953329e-01
1.556756756756756772e+02 9.997359812308557192e-01
1.571171171171171181e+02 9.997625238556395733e-01
1.585585585585585306e+02 9.997883082355519813e-01
1.600000000000000000e+02 9.998131862312570339e-01
1.614414414414414125e+02 9.998370146901897071e-01
1.628828828828828819e+02 9.998596562958713685e-01
1.643243243243243228e+02 9.998809803872192870e-01
1.657657657657657353e+02 9.999008637423361101e-01
1.672072072072071762e+02 9.999191913214005023e-01
1.686486486486486456e+02 9.999358569634895222e-01
1.700900900900900865e+02 9.999507640324002411e-01
1.715315315315315274e+02 9.999638260068425266e-01
1.729729729729729684e+02 9.999749670107309640e-01
1.744144144144144093e+02 9.999841222796752582e-01
1.758558558558558502e+02 9.999912385602308662e-01
1.772972972972972627e+02 9.999962744389210290e-01
1.787387387387387321e+02 9.999992005985693933e-01
1.801801801801801446e+02 1.000000000000000000e+00
1.816216216216215855e+02 9.999986679877397311e-01
1.830630630630630549e+02 9.999952123189044251e-01
1.845045045045044958e+02 9.999896531150658241e-01
1.859459459459459367e+02 9.999820227374532911e-01
1.873873873873873777e+02 9.999723655864438676e-01
1.888288288288288186e+02 9.999607378268530189e-01
1.902702702702702595e+02 9.999472070411070668e-01
1.917117117117117004e+02 9.999318518128792466e-01
1.931531531531531698e+02 9.999147612443127775e-01
1.945945945945945539e+02 9.998960344103706710e-01
1.960360360360359948e+02 9.998757797543204040e-01
1.974774774774774642e+02 9.998541144287131921e-01
1.989189189189189051e+02 9.998311635865790858e-01
2.003603603603603460e+02 9.998070596278082478e-01
2.018018018018017870e+02 9.997819414059816445e-01
2.032432432432432279e+02 9.997559534010270754e-01
2.046846846846846688e+02 9.997292448632840722e-01
2.061261261261261097e+02 9.997019689345773008e-01
2.075675675675675791e+02 9.996742817519845836e-01
2.090090090090089632e+02 9.996463415399298169e-01
2.104504504504504609e+02 9.996183076962079639e-01
2.118918918918918735e+02 9.995903398774199644e-01
2.133333333333333144e+02 9.995625970891884871e-01
2.147747747747747553e+02 9.995352367863205023e-01
2.162162162162161962e+02 9.995084139879286678e-01
2.176576576576576372e+02 9.994822804122527327e-01
2.190990990990990781e+02 9.994569836357161119e-01
2.205405405405405190e+02 9.994326662804700057e-01
2.219819819819819884e+02 9.994094652344185370e-01
2.234234234234233725e+02 9.993875109074309426e-01
2.248648648648648702e+02 9.993669265271624136e-01
2.263063063063062827e+02 9.993478274776379511e-01
2.277477477477477237e+02 9.993303206834311947e-01
2.291891891891891646e+02 9.993145040420444714e-01
2.306306306306306055e+02 9.993004659067702411e-01
2.320720720720720465e+02 9.992882846220884074e-01
2.335135135135134874e+02 9.992780281133741838e-01
2.349549549549548999e+02 9.992697535324555069e-01
2.363963963963963977e+02 9.992635069603094111e-01
2.378378378378378386e+02 9.992593231679676169e-01
2.392792792792792795e+02 9.992572254364643358e-01
2.407207207207206920e+02 9.992572254364643358e-01
2.421621621621621330e+02 9.992593231679676169e-01
2.436036036036035739e+02 9.992635069603094111e-01
2.450450450450450433e+02 9.992697535324555069e-01
2.464864864864865126e+02 9.992780281133738507e-01
2.479279279279278967e+02 9.992882846220887405e-01
2.493693693693693660e+02 9.993004659067702411e-01
2.508108108108108070e+02 9.993145040420444714e-01
2.522522522522522195e+02 9.993303206834311947e-01
2.536936936936936888e+02 9.993478274776377290e-01
2.551351351351351298e+02 9.993669265271624136e-01
2.565765765765765991e+02 9.993875109074309426e-01
2.580180180180179832e+02 9.994094652344183149e-01
2.594594594594594241e+02 9.994326662804697836e-01
2.609009009009008651e+02 9.994569836357158898e-01
2.623423423423423060e+02 9.994822804122527327e-01
2.637837837837838038e+02 9.995084139879286678e-01
2.652252252252251878e+02 9.995352367863201692e-01
2.666666666666666288e+02 9.995625970891884871e-01
2.681081081081081265e+02 9.995903398774199644e-01
2.695495495495495106e+02 9.996183076962074088e-01
2.709909909909909516e+02 9.996463415399295949e-01
2.724324324324324493e+02 9.996742817519845836e-01
2.738738738738738903e+02 9.997019689345773008e-01
2.753153153153153312e+02 9.997292448632840722e-01
2.767567567567567153e+02 9.997559534010265203e-01
2.781981981981981562e+02 9.997819414059809784e-01
2.796396396396395971e+02 9.998070596278080258e-01
2.810810810810810381e+02 9.998311635865788638e-01
2.825225225225225358e+02 9.998541144287128590e-01
2.839639639639639768e+02 9.998757797543198489e-01
2.854054054054054177e+02 9.998960344103704490e-01
2.868468468468468018e+02 9.999147612443125555e-01
2.882882882882882427e+02 9.999318518128790245e-01
2.897297297297296836e+02 9.999472070411067337e-01
2.911711711711711814e+02 9.999607378268523528e-01
2.926126126126126223e+02 9.999723655864429794e-01
2.940540540540540064e+02 9.999820227374532911e-01
2.954954954954955042e+02 9.999896531150654910e-01
2.969369369369369451e+02 9.999952123189040920e-01
2.983783783783783292e+02 9.999986679877391760e-01
2.998198198198197701e+02 1.000000000000000000e+00
3.012612612612612679e+02 9.999992005985690602e-01
3.027027027027027088e+02 9.999962744389210290e-01
3.041441441441440929e+02 9.999912385602303111e-01
3.055855855855855339e+02 9.999841222796750362e-01
3.070270270270269748e+02 9.999749670107309640e-01
3.084684684684684157e+02 9.999638260068425266e-01
3.099099099099099135e+02 9.999507640324002411e-01
3.113513513513513544e+02 9.999358569634889671e-01
3.127927927927927954e+02 9.999191913213999472e-01
3.142342342342342363e+02 9.999008637423363322e-01
3.156756756756756204e+02 9.998809803872192870e-01
3.171171171171170613e+02 9.998596562958713685e-01
3.185585585585585591e+02 9.998370146901894850e-01
3.200000000000000000e+02 9.998131862312563678e-01
3.214414414414414409e+02 9.997883082355519813e-01
3.228828828828828250e+02 9.997625238556395733e-01
3.243243243243243228e+02 9.997359812308557192e-01
3.257657657657657637e+02 9.997088326135953329e-01
3.272072072072072046e+02 9.996812334768786501e-01
3.286486486486486456e+02 9.996533416088366764e-01
3.300900900900900865e+02 9.996253161997311620e-01
3.315315315315314706e+02 9.995973169270316872e-01
3.329729729729729684e+02 9.995695030439395445e-01
3.344144144144143524e+02 9.995420324765912357e-01
3.358558558558557934e+02 9.995150609349811033e-01
3.372972972972972912e+02 9.994887410424286855e-01
3.387387387387387321e+02 9.994632214881615795e-01
3.401801801801801730e+02 9.994386462073555633e-01
3.416216216216215571e+02 9.994151535926817376e-01
3.430630630630630549e+02 9.993928757411375541e-01
3.445045045045044390e+02 9.993719377396601544e-01
3.459459459459459367e+02 9.993524569927433321e-01
3.473873873873874345e+02 9.993345425949632377e-01
3.488288288288288186e+02 9.993182947510790282e-01
3.502702702702702027e+02 9.993038042460773429e-01
3.517117117117117004e+02 9.992911519672555976e-01
3.531531531531531414e+02 9.992804084801991671e-01
3.545945945945945255e+02 9.992716336602474048e-01
3.560360360360360232e+02 9.992648763807958634e-01
3.574774774774774642e+02 9.992601742595597081e-01
3.589189189189189051e+02 9.992575534636987111e-01
3.603603603603602892e+02 9.992570285744738490e-01
3.618018018018017870e+02 9.992586025119070126e-01
3.632432432432431710e+02 9.992622665197030685e-01
3.646846846846846688e+02 9.992680002104739057e-01
3.661261261261261097e+02 9.992757716711312410e-01
3.675675675675675507e+02 9.992855376280618263e-01
3.690090090090089916e+02 9.992972436715362727e-01
3.704504504504503757e+02 9.993108245385488031e-01
3.718918918918918735e+02 9.993262044530871746e-01
3.733333333333332575e+02 9.993432975225992054e-01
3.747747747747747553e+02 9.993620081891733120e-01
3.762162162162162531e+02 9.993822317337226480e-01
3.776576576576576372e+02 9.994038548311944270e-01
3.790990990990990781e+02 9.994267561545659984e-01
3.805405405405405190e+02 9.994508070251237886e-01
3.819819819819819600e+02 9.994758721062342310e-01
3.834234234234234009e+02 9.995018101375378050e-01
3.848648648648648418e+02 9.995284747062125330e-01
3.863063063063063396e+02 9.995557150516783951e-01
3.877477477477477237e+02 9.995833768998003688e-01
3.891891891891891078e+02 9.996113033224273137e-01
3.906306306306306055e+02 9.996393356177828426e-01
3.920720720720719896e+02 9.996673142070190421e-01
3.935135135135134874e+02 9.996950795419952129e-01
3.949549549549549283e+02 9.997224730191434094e-01
3.963963963963963693e+02 9.997493378941018083e-01
3.978378378378378102e+02 9.997755201916576073e-01
3.992792792792791943e+02 9.998008696054285771e-01
4.007207207207206920e+02 9.998252403816441092e-01
4.021621621621621898e+02 9.998484921813621806e-01
4.036036036036035739e+02 9.998704909154797482e-01
4.050450450450450717e+02 9.998911095469663612e-01
4.064864864864864558e+02 9.999102288548605832e-01
4.079279279279278967e+02 9.999277381547641008e-01
4.093693693693693376e+02 9.999435359707576909e-01
4.108108108108108354e+02 9.999575306539696395e-01
4.122522522522522195e+02 9.999696409433251887e-01
4.136936936936936604e+02 9.999797964644041581e-01
4.151351351351351582e+02 9.999879381627069241e-01
4.165765765765765423e+02 9.999940186681371967e-01
4.180180180180179264e+02 9.999980025879520174e-01
4.194594594594594241e+02 9.999998667259863971e-01
4.209009009009009219e+02 9.999996002264931461e-01
4.223423423423423060e+02 9.999972046414971061e-01
4.237837837837837469e+02 9.999926939211674082e-01
4.252252252252251878e+02 9.999860943272634861e-01
4.266666666666666288e+02 9.999774442703329713e-01
4.281081081081080129e+02 9.999667940718728332e-01
4.295495495495495106e+02 9.999542056532694234e-01
4.309909909909910084e+02 9.999397521538490041e-01
4.324324324324323925e+02 9.999235174808832616e-01
4.338738738738738903e+02 9.999055957949110063e-01
4.353153153153152743e+02 9.998860909341232839e-01
4.367567567567567153e+02 9.998651157820332980e-01
4.381981981981981562e+02 9.998427915829519730e-01
4.396396396396396540e+02 9.998192472101401496e-01
4.410810810810810381e+02 9.997946183917443275e-01
4.425225225225224790e+02 9.997690468998542412e-01
4.439639639639639768e+02 9.997426797081642169e-01
4.454054054054053609e+02 9.997156681238387188e-01
4.468468468468467449e+02 9.996881668992178005e-01
4.482882882882882427e+02 9.996603333290500215e-01
4.497297297297297405e+02 9.996323263388572355e-01
4.511711711711711246e+02 9.996043055699823654e-01
4.526126126126125655e+02 9.995764304667578148e-01
4.540540540540540064e+02 9.995488593710560865e-01
4.554954954954954474e+02 9.995217486293266340e-01
4.569369369369369451e+02 9.994952517169800599e-01
4.583783783783783292e+02 9.994695183847835951e-01
4.598198198198198270e+02 9.994446938316396967e-01
4.612612612612612111e+02 9.994209179078957783e-01
4.627027027027026520e+02 9.993983243530132343e-01
4.641441441441440929e+02 9.993770400711742274e-01
4.655855855855855339e+02 9.993571844481102806e-01
4.670270270270269748e+02 9.993388687121415037e-01
4.684684684684684157e+02 9.993221953421563830e-01
4.699099099099097998e+02 9.993072575249546396e-01
4.713513513513513544e+02 9.992941386641421841e-01
4.727927927927927954e+02 9.992829119424750939e-01
4.742342342342342363e+02 9.992736399393180591e-01
4.756756756756756772e+02 9.992663743046197311e-01
4.771171171171170613e+02 9.992611554905985738e-01
4.785585585585585591e+02 9.992580125420755799e-01
4.799999999999999432e+02 9.992569629462008107e-01
4.814414414414413841e+02 9.992580125420755799e-01
4.828828828828828250e+02 9.992611554905983517e-01
4.843243243243242659e+02 9.992663743046197311e-01
4.857657657657656500e+02 9.992736399393180591e-01
4.872072072072071478e+02 9.992829119424750939e-01
4.886486486486485319e+02 9.992941386641421841e-01
4.900900900900900865e+02 9.993072575249546396e-01
4.915315315315315274e+02 9.993221953421567161e-01
4.929729729729730252e+02 9.993388687121415037e-01
4.944144144144144093e+02 9.993571844481105027e-01
4.958558558558557934e+02 9.993770400711740054e-01
4.972972972972972912e+02 9.993983243530129013e-01
4.987387387387387321e+02 9.994209179078961114e-01
5.001801801801801162e+02 9.994446938316396967e-01
5.016216216216216139e+02 9.994695183847835951e-01
5.030630630630629980e+02 9.994952517169803929e-01
5.045045045045044390e+02 9.995217486293271891e-01
5.059459459459458799e+02 9.995488593710560865e-01
5.073873873873873777e+02 9.995764304667578148e-01
5.088288288288288754e+02 9.996043055699823654e-01
5.102702702702702595e+02 9.996323263388577907e-01
5.117117117117117004e+02 9.996603333290502436e-01
5.131531531531531982e+02 9.996881668992178005e-01
5.145945945945945823e+02 9.997156681238387188e-01
5.160360360360359664e+02 9.997426797081642169e-01
5.174774774774774642e+02 9.997690468998542412e-01
5.189189189189188482e+02 9.997946183917443275e-01
5.203603603603602323e+02 9.998192472101404826e-01
5.218018018018017301e+02 9.998427915829525281e-01
5.232432432432431142e+02 9.998651157820335200e-01
5.246846846846846120e+02 9.998860909341232839e-01
5.261261261261261097e+02 9.999055957949112283e-01
5.275675675675676075e+02 9.999235174808834836e-01
5.290090090090089916e+02 9.999397521538493372e-01
5.304504504504503757e+02 9.999542056532696455e-01
5.318918918918918735e+02 9.999667940718728332e-01
5.333333333333332575e+02 9.999774442703329713e-01
5.347747747747747553e+02 9.999860943272638192e-01
5.362162162162162531e+02 9.999926939211677412e-01
5.376576576576576372e+02 9.999972046414973281e-01
5.390990990990990213e+02 9.999996002264934791e-01
5.405405405405405190e+02 9.999998667259863971e-01
5.419819819819819031e+02 9.999980025879520174e-01
5.434234234234232872e+02 9.999940186681374188e-01
5.448648648648648987e+02 9.999879381627075903e-01
5.463063063063062827e+02 9.999797964644041581e-01
5.477477477477477805e+02 9.999696409433255218e-01
5.491891891891891646e+02 9.999575306539698616e-01
5.506306306306306624e+02 9.999435359707576909e-01
5.520720720720720465e+02 9.999277381547643229e-01
5.535135135135134306e+02 9.999102288548608053e-01
5.549549549549549283e+02 9.998911095469663612e-01
5.563963963963963124e+02 9.998704909154800813e-01
5.578378378378378102e+02 9.998484921813621806e-01
5.592792792792791943e+02 9.998252403816443312e-01
5.607207207207206920e+02 9.998008696054285771e-01
5.621621621621620761e+02 9.997755201916576073e-01
5.636036036036035739e+02 9.997493378941014752e-01
5.650450450450450717e+02 9.997224730191434094e-01
5.664864864864864558e+02 9.996950795419952129e-01
5.679279279279279535e+02 9.996673142070190421e-01
5.693693693693693376e+02 9.996393356177825096e-01
5.708108108108108354e+02 9.996113033224273137e-01
5.722522522522522195e+02 9.995833768998007018e-01
5.736936936936936036e+02 9.995557150516783951e-01
5.751351351351351013e+02 9.995284747062125330e-01
5.765765765765764854e+02 9.995018101375380271e-01
5.780180180180178695e+02 9.994758721062345641e-01
5.794594594594593673e+02 9.994508070251237886e-01
5.809009009009007514e+02 9.994267561545659984e-01
5.823423423423423628e+02 9.994038548311940939e-01
5.837837837837837469e+02 9.993822317337226480e-01
5.852252252252252447e+02 9.993620081891727569e-01
5.866666666666666288e+02 9.993432975225992054e-01
5.881081081081080129e+02 9.993262044530871746e-01
5.895495495495495106e+02 9.993108245385482480e-01
5.909909909909910084e+02 9.992972436715360507e-01
5.924324324324323925e+02 9.992855376280618263e-01
5.938738738738738903e+02 9.992757716711312410e-01
5.953153153153152743e+02 9.992680002104739057e-01
5.967567567567566584e+02 9.992622665197030685e-01
5.981981981981981562e+02 9.992586025119073456e-01
5.996396396396395403e+02 9.992570285744735159e-01
6.010810810810811518e+02 9.992575534636987111e-01
6.025225225225225358e+02 9.992601742595597081e-01
6.039639639639639199e+02 9.992648763807951973e-01
6.054054054054054177e+02 9.992716336602470717e-01
6.068468468468468018e+02 9.992804084801985010e-01
6.082882882882881859e+02 9.992911519672552645e-01
6.097297297297296836e+02 9.993038042460766768e-01
6.111711711711710677e+02 9.993182947510790282e-01
6.126126126126125655e+02 9.993345425949629046e-01
6.140540540540539496e+02 9.993524569927433321e-01
6.154954954954954474e+02 9.993719377396599324e-01
6.169369369369368314e+02 9.993928757411369990e-01
6.183783783783783292e+02 9.994151535926817376e-01
6.198198198198198270e+02 9.994386462073552302e-01
6.212612612612612111e+02 9.994632214881610244e-01
6.227027027027027088e+02 9.994887410424284635e-01
6.241441441441440929e+02 9.995150609349807702e-01
6.255855855855855907e+02 9.995420324765906805e-01
6.270270270270269748e+02 9.995695030439395445e-01
6.284684684684684726e+02 9.995973169270313541e-01
6.299099099099098567e+02 9.996253161997313841e-01
6.313513513513512407e+02 9.996533416088364543e-01
6.327927927927927385e+02 9.996812334768784281e-01
6.342342342342341226e+02 9.997088326135953329e-01
6.356756756756755067e+02 9.997359812308557192e-01
6.371171171171171181e+02 9.997625238556393512e-01
6.385585585585585022e+02 9.997883082355519813e-01
6.400000000000000000e+02 9.998131862312567009e-01
6.414414414414413841e+02 9.998370146901894850e-01
6.428828828828828819e+02 9.998596562958711464e-01
6.443243243243242659e+02 9.998809803872192870e-01
6.457657657657656500e+02 9.999008637423363322e-01
6.472072072072071478e+02 9.999191913214001692e-01
6.486486486486486456e+02 9.999358569634889671e-01
6.500900900900900297e+02 9.999507640324002411e-01
6.515315315315315274e+02 9.999638260068423046e-01
6.529729729729729115e+02 9.999749670107309640e-01
6.544144144144144093e+02 9.999841222796747031e-01
6.558558558558559071e+02 9.999912385602305331e-01
6.572972972972972912e+02 9.999962744389210290e-01
6.587387387387386752e+02 9.999992005985690602e-01
6.601801801801801730e+02 9.999999999999996669e-01
6.616216216216216708e+02 9.999986679877393980e-01
6.630630630630629412e+02 9.999952123189040920e-01
6.645045045045044390e+02 9.999896531150658241e-01
6.659459459459459367e+02 9.999820227374532911e-01
6.673873873873873208e+02 9.999723655864435345e-01
6.688288288288287049e+02 9.999607378268526858e-01
6.702702702702702027e+02 9.999472070411067337e-01
6.717117117117115868e+02 9.999318518128792466e-01
6.731531531531530845e+02 9.999147612443125555e-01
6.745945945945945823e+02 9.998960344103704490e-01
6.760360360360359664e+02 9.998757797543204040e-01
6.774774774774774642e+02 9.998541144287131921e-01
6.789189189189188482e+02 9.998311635865788638e-01
6.803603603603603460e+02 9.998070596278080258e-01
6.818018018018018438e+02 9.997819414059813115e-01
6.832432432432431142e+02 9.997559534010268534e-01
6.846846846846846120e+02 9.997292448632840722e-01
6.861261261261261097e+02 9.997019689345773008e-01
6.875675675675676075e+02 9.996742817519845836e-01
6.890090090090088779e+02 9.996463415399298169e-01
6.904504504504503757e+02 9.996183076962077418e-01
6.918918918918918735e+02 9.995903398774199644e-01
6.933333333333333712e+02 9.995625970891884871e-01
6.947747747747748690e+02 9.995352367863205023e-01
6.962162162162161394e+02 9.995084139879286678e-01
6.976576576576576372e+02 9.994822804122527327e-01
6.990990990990991349e+02 9.994569836357161119e-01
7.005405405405404053e+02 9.994326662804697836e-01
7.019819819819819031e+02 9.994094652344185370e-01
7.034234234234234009e+02 9.993875109074309426e-01
7.048648648648647850e+02 9.993669265271627467e-01
7.063063063063062827e+02 9.993478274776382841e-01
7.077477477477476668e+02 9.993303206834311947e-01
7.091891891891890509e+02 9.993145040420446934e-01
7.106306306306306624e+02 9.993004659067707962e-01
7.120720720720720465e+02 9.992882846220884074e-01
7.135135135135135442e+02 9.992780281133741838e-01
7.149549549549549283e+02 9.992697535324555069e-01
7.163963963963963124e+02 9.992635069603096332e-01
7.178378378378378102e+02 9.992593231679679500e-01
7.192792792792793080e+02 9.992572254364643358e-01
7.207207207207205784e+02 9.992572254364643358e-01
7.221621621621620761e+02 9.992593231679679500e-01
7.236036036036035739e+02 9.992635069603096332e-01
7.250450450450449580e+02 9.992697535324558400e-01
7.264864864864863421e+02 9.992780281133745168e-01
7.279279279279278398e+02 9.992882846220884074e-01
7.293693693693693376e+02 9.993004659067702411e-01
7.308108108108108354e+02 9.993145040420444714e-01
7.322522522522522195e+02 9.993303206834311947e-01
7.336936936936936036e+02 9.993478274776377290e-01
7.351351351351351013e+02 9.993669265271627467e-01
7.365765765765764854e+02 9.993875109074309426e-01
7.380180180180179832e+02 9.994094652344185370e-01
7.394594594594594810e+02 9.994326662804697836e-01
7.409009009009007514e+02 9.994569836357161119e-01
7.423423423423422491e+02 9.994822804122527327e-01
7.437837837837837469e+02 9.995084139879286678e-01
7.452252252252250173e+02 9.995352367863205023e-01
7.466666666666665151e+02 9.995625970891884871e-01
7.481081081081081265e+02 9.995903398774199644e-01
7.495495495495495106e+02 9.996183076962077418e-01
7.509909909909910084e+02 9.996463415399298169e-01
7.524324324324325062e+02 9.996742817519845836e-01
7.538738738738737766e+02 9.997019689345773008e-01
7.553153153153152743e+02 9.997292448632840722e-01
7.567567567567567721e+02 9.997559534010268534e-01
7.581981981981981562e+02 9.997819414059813115e-01
7.596396396396395403e+02 9.998070596278080258e-01
7.610810810810810381e+02 9.998311635865788638e-01
7.625225225225224222e+02 9.998541144287131921e-01
7.639639639639639199e+02 9.998757797543204040e-01
7.654054054054054177e+02 9.998960344103706710e-01
7.668468468468468018e+02 9.999147612443125555e-01
7.682882882882882996e+02 9.999318518128792466e-01
7.697297297297296836e+02 9.999472070411067337e-01
7.711711711711711814e+02 9.999607378268526858e-01
7.726126126126126792e+02 9.999723655864433125e-01
7.740540540540539496e+02 9.999820227374532911e-01
7.754954954954954474e+02 9.999896531150654910e-01
7.769369369369369451e+02 9.999952123189044251e-01
7.783783783783782155e+02 9.999986679877393980e-01
7.798198198198197133e+02 1.000000000000000000e+00
7.812612612612612111e+02 9.999992005985687271e-01
7.827027027027025952e+02 9.999962744389210290e-01
7.841441441441439792e+02 9.999912385602305331e-01
7.855855855855854770e+02 9.999841222796752582e-01
7.870270270270269748e+02 9.999749670107309640e-01
7.884684684684684726e+02 9.999638260068425266e-01
7.899099099099098567e+02 9.999507640324002411e-01
7.913513513513512407e+02 9.999358569634895222e-01
7.927927927927927385e+02 9.999191913214001692e-01
7.942342342342341226e+02 9.999008637423361101e-01
7.956756756756756204e+02 9.998809803872192870e-01
7.971171171171171181e+02 9.998596562958711464e-01
7.985585585585583885e+02 9.998370146901891520e-01
7.999999999999998863e+02 9.998131862312563678e-01
8.014414414414413841e+02 9.997883082355519813e-01
8.028828828828828819e+02 9.997625238556395733e-01
8.043243243243243796e+02 9.997359812308557192e-01
8.057657657657657637e+02 9.997088326135953329e-01
8.072072072072071478e+02 9.996812334768786501e-01
8.086486486486486456e+02 9.996533416088366764e-01
8.100900900900901433e+02 9.996253161997311620e-01
8.115315315315314137e+02 9.995973169270313541e-01
8.129729729729729115e+02 9.995695030439393225e-01
8.144144144144144093e+02 9.995420324765910136e-01
8.158558558558557934e+02 9.995150609349804371e-01
8.172972972972971775e+02 9.994887410424281304e-01
8.187387387387386752e+02 9.994632214881613574e-01
8.201801801801800593e+02 9.994386462073555633e-01
8.216216216216216708e+02 9.994151535926814045e-01
8.230630630630630549e+02 9.993928757411375541e-01
8.245045045045044390e+02 9.993719377396601544e-01
8.259459459459459367e+02 9.993524569927433321e-01
8.273873873873873208e+02 9.993345425949626826e-01
8.288288288288288186e+02 9.993182947510790282e-01
8.302702702702703164e+02 9.993038042460766768e-01
8.317117117117115868e+02 9.992911519672552645e-01
8.331531531531530845e+02 9.992804084801991671e-01
8.345945945945945823e+02 9.992716336602474048e-01
8.360360360360358527e+02 9.992648763807958634e-01
8.374774774774773505e+02 9.992601742595597081e-01
8.389189189189188482e+02 9.992575534636984891e-01
8.403603603603603460e+02 9.992570285744735159e-01
8.418018018018018438e+02 9.992586025119073456e-01
8.432432432432431142e+02 9.992622665197030685e-01
8.446846846846846120e+02 9.992680002104739057e-01
8.461261261261261097e+02 9.992757716711312410e-01
8.475675675675674938e+02 9.992855376280618263e-01
8.490090090090089916e+02 9.992972436715362727e-01
8.504504504504503757e+02 9.993108245385482480e-01
8.518918918918917598e+02 9.993262044530871746e-01
8.533333333333332575e+02 9.993432975225992054e-01
8.547747747747747553e+02 9.993620081891727569e-01
8.562162162162160257e+02 9.993822317337226480e-01
8.576576576576575235e+02 9.994038548311940939e-01
8.590990990990990213e+02 9.994267561545659984e-01
8.605405405405405190e+02 9.994508070251234555e-01
8.619819819819820168e+02 9.994758721062345641e-01
8.634234234234232872e+02 9.995018101375378050e-01
8.648648648648647850e+02 9.995284747062125330e-01
8.663063063063062827e+02 9.995557150516783951e-01
8.677477477477477805e+02 9.995833768998007018e-01
8.691891891891890509e+02 9.996113033224273137e-01
8.706306306306305487e+02 9.996393356177828426e-01
8.720720720720720465e+02 9.996673142070190421e-01
8.735135135135134306e+02 9.996950795419952129e-01
8.749549549549548146e+02 9.997224730191434094e-01
8.763963963963963124e+02 9.997493378941014752e-01
8.778378378378378102e+02 9.997755201916576073e-01
8.792792792792793080e+02 9.998008696054282440e-01
8.807207207207206920e+02 9.998252403816441092e-01
8.821621621621620761e+02 9.998484921813621806e-01
8.836036036036035739e+02 9.998704909154800813e-01
8.850450450450449580e+02 9.998911095469663612e-01
8.864864864864864558e+02 9.999102288548608053e-01
8.879279279279279535e+02 9.999277381547646559e-01
8.893693693693692239e+02 9.999435359707579130e-01
8.908108108108107217e+02 9.999575306539693065e-01
8.922522522522522195e+02 9.999696409433251887e-01
8.936936936936934899e+02 9.999797964644044912e-01
8.951351351351352150e+02 9.999879381627072572e-01
8.965765765765764854e+02 9.999940186681374188e-01
8.980180180180179832e+02 9.999980025879520174e-01
8.994594594594594810e+02 9.999998667259870633e-01
9.009009009009007514e+02 9.999996002264937012e-01
9.023423423423422491e+02 9.999972046414978832e-01
9.037837837837837469e+02 9.999926939211677412e-01
9.052252252252251310e+02 9.999860943272634861e-01
9.066666666666666288e+02 9.999774442703333044e-01
9.081081081081080129e+02 9.999667940718728332e-01
9.095495495495493969e+02 9.999542056532696455e-01
9.109909909909908947e+02 9.999397521538493372e-01
9.124324324324323925e+02 9.999235174808838167e-01
9.138738738738738903e+02 9.999055957949112283e-01
9.153153153153152743e+02 9.998860909341232839e-01
9.167567567567566584e+02 9.998651157820332980e-01
9.181981981981980425e+02 9.998427915829523061e-01
9.196396396396396540e+02 9.998192472101407047e-01
9.210810810810809244e+02 9.997946183917443275e-01
9.225225225225224222e+02 9.997690468998542412e-01
9.239639639639640336e+02 9.997426797081642169e-01
9.254054054054053040e+02 9.997156681238387188e-01
9.268468468468469155e+02 9.996881668992181336e-01
9.282882882882881859e+02 9.996603333290502436e-01
9.297297297297296836e+02 9.996323263388577907e-01
9.311711711711710677e+02 9.996043055699823654e-01
9.326126126126126792e+02 9.995764304667574818e-01
9.340540540540539496e+02 9.995488593710560865e-01
9.354954954954954474e+02 9.995217486293268561e-01
9.369369369369368314e+02 9.994952517169803929e-01
9.383783783783783292e+02 9.994695183847835951e-01
9.398198198198195996e+02 9.994446938316393636e-01
9.412612612612612111e+02 9.994209179078957783e-01
9.427027027027027088e+02 9.993983243530132343e-01
9.441441441441440929e+02 9.993770400711742274e-01
9.455855855855855907e+02 9.993571844481102806e-01
9.470270270270268611e+02 9.993388687121415037e-01
9.484684684684684726e+02 9.993221953421567161e-01
9.499099099099098567e+02 9.993072575249546396e-01
9.513513513513513544e+02 9.992941386641421841e-01
9.527927927927926248e+02 9.992829119424754269e-01
9.542342342342341226e+02 9.992736399393180591e-01
9.556756756756755067e+02 9.992663743046197311e-01
9.571171171171171181e+02 9.992611554905983517e-01
9.585585585585585022e+02 9.992580125420759130e-01
9.599999999999998863e+02 9.992569629462004777e-01
9.614414414414413841e+02 9.992580125420755799e-01
9.628828828828827682e+02 9.992611554905983517e-01
9.643243243243243796e+02 9.992663743046197311e-01
9.657657657657656500e+02 9.992736399393180591e-01
9.672072072072071478e+02 9.992829119424750939e-01
9.686486486486485319e+02 9.992941386641419621e-01
9.700900900900900297e+02 9.993072575249540845e-01
9.715315315315313001e+02 9.993221953421567161e-01
9.729729729729729115e+02 9.993388687121412817e-01
9.744144144144142956e+02 9.993571844481102806e-01
9.758558558558557934e+02 9.993770400711742274e-01
9.772972972972970638e+02 9.993983243530125682e-01
9.787387387387385616e+02 9.994209179078957783e-01
9.801801801801801730e+02 9.994446938316393636e-01
9.816216216216215571e+02 9.994695183847832620e-01
9.830630630630630549e+02 9.994952517169803929e-01
9.845045045045043253e+02 9.995217486293266340e-01
9.859459459459460504e+02 9.995488593710558645e-01
9.873873873873872071e+02 9.995764304667578148e-01
9.888288288288288186e+02 9.996043055699821434e-01
9.902702702702702027e+02 9.996323263388577907e-01
9.917117117117115868e+02 9.996603333290500215e-01
9.931531531531529708e+02 9.996881668992174674e-01
9.945945945945945823e+02 9.997156681238387188e-01
9.960360360360359664e+02 9.997426797081638838e-01
9.974774774774774642e+02 9.997690468998539082e-01
9.989189189189188482e+02 9.997946183917439944e-01
1.000360360360360232e+03 9.998192472101401496e-01
1.001801801801801844e+03 9.998427915829523061e-01
1.003243243243243228e+03 9.998651157820332980e-01
1.004684684684684726e+03 9.998860909341232839e-01
1.006126126126125996e+03 9.999055957949110063e-01
1.007567567567567494e+03 9.999235174808832616e-01
1.009009009009008878e+03 9.999397521538490041e-01
1.010450450450450489e+03 9.999542056532694234e-01
1.011891891891891760e+03 9.999667940718726111e-01
1.013333333333333258e+03 9.999774442703326383e-01
1.014774774774774755e+03 9.999860943272638192e-01
1.016216216216216139e+03 9.999926939211674082e-01
1.017657657657657751e+03 9.999972046414971061e-01
1.019099099099099021e+03 9.999996002264931461e-01
1.020540540540540519e+03 9.999998667259863971e-01
1.021981981981981903e+03 9.999980025879514622e-01
1.023423423423423401e+03 9.999940186681371967e-01
1.024864864864864785e+03 9.999879381627075903e-01
1.026306306306306396e+03 9.999797964644041581e-01
1.027747747747747553e+03 9.999696409433251887e-01
1.029189189189189165e+03 9.999575306539696395e-01
1.030630630630630549e+03 9.999435359707576909e-01
1.032072072072071933e+03 9.999277381547641008e-01
1.033513513513513544e+03 9.999102288548602502e-01
1.034954954954954928e+03 9.998911095469663612e-01
1.036396396396396312e+03 9.998704909154803033e-01
1.037837837837837696e+03 9.998484921813621806e-01
1.039279279279279308e+03 9.998252403816441092e-01
1.040720720720720465e+03 9.998008696054285771e-01
1.042162162162162076e+03 9.997755201916578294e-01
1.043603603603603460e+03 9.997493378941014752e-01
1.045045045045045072e+03 9.997224730191434094e-01
1.046486486486486228e+03 9.996950795419952129e-01
1.047927927927927840e+03 9.996673142070193752e-01
1.049369369369369224e+03 9.996393356177825096e-01
1.050810810810810835e+03 9.996113033224273137e-01
1.052252252252252219e+03 9.995833768998003688e-01
1.053693693693693604e+03 9.995557150516781730e-01
1.055135135135135215e+03 9.995284747062125330e-01
1.056576576576576599e+03 9.995018101375378050e-01
1.058018018018017983e+03 9.994758721062342310e-01
1.059459459459459367e+03 9.994508070251237886e-01
1.060900900900900751e+03 9.994267561545662204e-01
1.062342342342342135e+03 9.994038548311940939e-01
1.063783783783783747e+03 9.993822317337226480e-01
1.065225225225225131e+03 9.993620081891733120e-01
1.066666666666666515e+03 9.993432975225992054e-01
1.068108108108107899e+03 9.993262044530871746e-01
1.069549549549549511e+03 9.993108245385482480e-01
1.070990990990991122e+03 9.992972436715362727e-01
1.072432432432432506e+03 9.992855376280618263e-01
1.073873873873873890e+03 9.992757716711312410e-01
1.075315315315315274e+03 9.992680002104739057e-01
1.076756756756756658e+03 9.992622665197030685e-01
1.078198198198198043e+03 9.992586025119070126e-01
1.079639639639639654e+03 9.992570285744738490e-01
1.081081081081081038e+03 9.992575534636987111e-01
1.082522522522522422e+03 9.992601742595597081e-01
1.083963963963963806e+03 9.992648763807955303e-01
1.085405405405405190e+03 9.992716336602474048e-01
1.086846846846846574e+03 9.992804084801991671e-01
1.088288288288288186e+03 9.992911519672552645e-01
1.089729729729729797e+03 9.993038042460773429e-01
1.091171171171171181e+03 9.993182947510790282e-01
1.092612612612612565e+03 9.993345425949629046e-01
1.094054054054053950e+03 9.993524569927433321e-01
1.095495495495495561e+03 9.993719377396604875e-01
1.096936936936936945e+03 9.993928757411375541e-01
1.098378378378378329e+03 9.994151535926819596e-01
1.099819819819819713e+03 9.994386462073555633e-01
1.101261261261261325e+03 9.994632214881613574e-01
1.102702702702702481e+03 9.994887410424284635e-01
1.104144144144144093e+03 9.995150609349811033e-01
1.105585585585585477e+03 9.995420324765910136e-01
1.107027027027026861e+03 9.995695030439398776e-01
1.108468468468468473e+03 9.995973169270316872e-01
1.109909909909909857e+03 9.996253161997311620e-01
1.111351351351351468e+03 9.996533416088366764e-01
1.112792792792792625e+03 9.996812334768786501e-01
1.114234234234234236e+03 9.997088326135953329e-01
1.115675675675675620e+03 9.997359812308557192e-01
1.117117117117117232e+03 9.997625238556399063e-01
1.118558558558558389e+03 9.997883082355519813e-01
1.120000000000000000e+03 9.998131862312563678e-01
1.121441441441441384e+03 9.998370146901897071e-01
1.122882882882882768e+03 9.998596562958713685e-01
1.124324324324324152e+03 9.998809803872196200e-01
1.125765765765765764e+03 9.999008637423363322e-01
1.127207207207207148e+03 9.999191913214001692e-01
1.128648648648648532e+03 9.999358569634891891e-01
1.130090090090090143e+03 9.999507640323996860e-01
1.131531531531531300e+03 9.999638260068425266e-01
1.132972972972972912e+03 9.999749670107306310e-01
1.134414414414414296e+03 9.999841222796747031e-01
1.135855855855855907e+03 9.999912385602305331e-01
1.137297297297297064e+03 9.999962744389210290e-01
1.138738738738738675e+03 9.999992005985690602e-01
1.140180180180180059e+03 1.000000000000000000e+00
1.141621621621621671e+03 9.999986679877393980e-01
1.143063063063062827e+03 9.999952123189044251e-01
1.144504504504504439e+03 9.999896531150654910e-01
1.145945945945945823e+03 9.999820227374529580e-01
1.147387387387387207e+03 9.999723655864429794e-01
1.148828828828828819e+03 9.999607378268526858e-01
1.150270270270270203e+03 9.999472070411067337e-01
1.151711711711711587e+03 9.999318518128786915e-01
1.153153153153152971e+03 9.999147612443125555e-01
1.154594594594594582e+03 9.998960344103704490e-01
1.156036036036035739e+03 9.998757797543204040e-01
1.157477477477477350e+03 9.998541144287128590e-01
1.158918918918918735e+03 9.998311635865785307e-01
1.160360360360360346e+03 9.998070596278080258e-01
1.161801801801801503e+03 9.997819414059809784e-01
1.163243243243243342e+03 9.997559534010268534e-01
1.164684684684684726e+03 9.997292448632837392e-01
1.166126126126126110e+03 9.997019689345769677e-01
1.167567567567567494e+03 9.996742817519839175e-01
1.169009009009008878e+03 9.996463415399295949e-01
1.170450450450450489e+03 9.996183076962077418e-01
1.171891891891891873e+03 9.995903398774196313e-01
1.173333333333333258e+03 9.995625970891881540e-01
1.174774774774774642e+03 9.995352367863201692e-01
1.176216216216216026e+03 9.995084139879284457e-01
1.177657657657657410e+03 9.994822804122527327e-01
1.179099099099099021e+03 9.994569836357161119e-01
1.180540540540540405e+03 9.994326662804694505e-01
1.181981981981982017e+03 9.994094652344185370e-01
1.183423423423423401e+03 9.993875109074309426e-01
1.184864864864864785e+03 9.993669265271624136e-01
1.186306306306306396e+03 9.993478274776379511e-01
1.187747747747747781e+03 9.993303206834311947e-01
1.189189189189189165e+03 9.993145040420444714e-01
1.190630630630630549e+03 9.993004659067699080e-01
1.192072072072071933e+03 9.992882846220884074e-01
1.193513513513513317e+03 9.992780281133741838e-01
1.194954954954954928e+03 9.992697535324555069e-01
1.196396396396396312e+03 9.992635069603094111e-01
1.197837837837837696e+03 9.992593231679676169e-01
1.199279279279279081e+03 9.992572254364640028e-01
1.200720720720720465e+03 9.992572254364643358e-01
1.202162162162162304e+03 9.992593231679676169e-01
1.203603603603603460e+03 9.992635069603096332e-01
1.205045045045045072e+03 9.992697535324555069e-01
1.206486486486486456e+03 9.992780281133741838e-01
1.207927927927927840e+03 9.992882846220884074e-01
1.209369369369369224e+03 9.993004659067702411e-01
1.210810810810810835e+03 9.993145040420444714e-01
1.212252252252252219e+03 9.993303206834311947e-01
1.213693693693693604e+03 9.993478274776377290e-01
1.215135135135134988e+03 9.993669265271624136e-01
1.216576576576576372e+03 9.993875109074306096e-01
1.218018018018017983e+03 9.994094652344183149e-01
1.219459459459459367e+03 9.994326662804697836e-01
1.220900900900900979e+03 9.994569836357161119e-01
1.222342342342342135e+03 9.994822804122527327e-01
1.223783783783783747e+03 9.995084139879286678e-01
1.225225225225225131e+03 9.995352367863205023e-01
1.226666666666666742e+03 9.995625970891884871e-01
1.228108108108107899e+03 9.995903398774202975e-01
1.229549549549549511e+03 9.996183076962077418e-01
1.230990990990990895e+03 9.996463415399301500e-01
1.232432432432432506e+03 9.996742817519845836e-01
1.233873873873873663e+03 9.997019689345773008e-01
1.235315315315315274e+03 9.997292448632840722e-01
1.236756756756756658e+03 9.997559534010274085e-01
1.238198198198198043e+03 9.997819414059813115e-01
1.239639639639639654e+03 9.998070596278085809e-01
1.241081081081081038e+03 9.998311635865788638e-01
1.242522522522522422e+03 9.998541144287131921e-01
1.243963963963963806e+03 9.998757797543200709e-01
1.245405405405405418e+03 9.998960344103710041e-01
1.246846846846846574e+03 9.999147612443125555e-01
1.248288288288288186e+03 9.999318518128792466e-01
1.249729729729729570e+03 9.999472070411067337e-01
1.251171171171171181e+03 9.999607378268532409e-01
1.252612612612612338e+03 9.999723655864435345e-01
1.254054054054053950e+03 9.999820227374532911e-01
1.255495495495495561e+03 9.999896531150658241e-01
1.256936936936936945e+03 9.999952123189046471e-01
1.258378378378378329e+03 9.999986679877397311e-01
1.259819819819819713e+03 1.000000000000000000e+00
1.261261261261261097e+03 9.999992005985693933e-01
1.262702702702702481e+03 9.999962744389210290e-01
1.264144144144144093e+03 9.999912385602308662e-01
1.265585585585585477e+03 9.999841222796752582e-01
1.267027027027026861e+03 9.999749670107309640e-01
1.268468468468468245e+03 9.999638260068428597e-01
1.269909909909909857e+03 9.999507640324002411e-01
1.271351351351351013e+03 9.999358569634895222e-01
1.272792792792792852e+03 9.999191913214005023e-01
1.274234234234234236e+03 9.999008637423366652e-01
1.275675675675675620e+03 9.998809803872198421e-01
1.277117117117117004e+03 9.998596562958713685e-01
1.278558558558558389e+03 9.998370146901900402e-01
1.280000000000000000e+03 9.998131862312570339e-01
1.281441441441441384e+03 9.997883082355522033e-01
1.282882882882882768e+03 9.997625238556399063e-01
1.284324324324324152e+03 9.997359812308557192e-01
1.285765765765765764e+03 9.997088326135958880e-01
1.287207207207207148e+03 9.996812334768793162e-01
1.288648648648648532e+03 9.996533416088366764e-01
1.290090090090089916e+03 9.996253161997311620e-01
1.291531531531531300e+03 9.995973169270313541e-01
1.292972972972973139e+03 9.995695030439395445e-01
1.294414414414414296e+03 9.995420324765910136e-01
1.295855855855855907e+03 9.995150609349807702e-01
1.297297297297297291e+03 9.994887410424284635e-01
1.298738738738738675e+03 9.994632214881613574e-01
1.300180180180180059e+03 9.994386462073555633e-01
1.301621621621621671e+03 9.994151535926817376e-01
1.303063063063063055e+03 9.993928757411369990e-01
1.304504504504504212e+03 9.993719377396601544e-01
1.305945945945945823e+03 9.993524569927438872e-01
1.307387387387387207e+03 9.993345425949629046e-01
1.308828828828828819e+03 9.993182947510784730e-01
1.310270270270270203e+03 9.993038042460770098e-01
1.311711711711711814e+03 9.992911519672552645e-01
1.313153153153152971e+03 9.992804084801991671e-01
1.314594594594594582e+03 9.992716336602470717e-01
1.316036036036035966e+03 9.992648763807958634e-01
1.317477477477477350e+03 9.992601742595597081e-01
1.318918918918918735e+03 9.992575534636987111e-01
1.320360360360360346e+03 9.992570285744735159e-01
1.321801801801801730e+03 9.992586025119070126e-01
1.323243243243243342e+03 9.992622665197030685e-01
1.324684684684684498e+03 9.992680002104739057e-01
1.326126126126125882e+03 9.992757716711312410e-01
1.327567567567567494e+03 9.992855376280618263e-01
1.329009009009008878e+03 9.992972436715360507e-01
1.330450450450450489e+03 9.993108245385484700e-01
1.331891891891891873e+03 9.993262044530871746e-01
1.333333333333333258e+03 9.993432975225986503e-01
1.334774774774774642e+03 9.993620081891727569e-01
1.336216216216216253e+03 9.993822317337226480e-01
1.337657657657657410e+03 9.994038548311937609e-01
1.339099099099099021e+03 9.994267561545659984e-01
1.340540540540540405e+03 9.994508070251232335e-01
1.341981981981982017e+03 9.994758721062345641e-01
1.343423423423423174e+03 9.995018101375378050e-01
1.344864864864865012e+03 9.995284747062121999e-01
1.346306306306306169e+03 9.995557150516781730e-01
1.347747747747747553e+03 9.995833768998003688e-01
1.349189189189189165e+03 9.996113033224273137e-01
1.350630630630630549e+03 9.996393356177825096e-01
1.352072072072071933e+03 9.996673142070187090e-01
1.353513513513513544e+03 9.996950795419948799e-01
1.354954954954954928e+03 9.997224730191434094e-01
1.356396396396396085e+03 9.997493378941014752e-01
1.357837837837837696e+03 9.997755201916572743e-01
1.359279279279279081e+03 9.998008696054279110e-01
1.360720720720720692e+03 9.998252403816441092e-01
1.362162162162162076e+03 9.998484921813621806e-01
1.363603603603603688e+03 9.998704909154800813e-01
1.365045045045044844e+03 9.998911095469661392e-01
1.366486486486486228e+03 9.999102288548605832e-01
1.367927927927928067e+03 9.999277381547641008e-01
1.369369369369369224e+03 9.999435359707573578e-01
1.370810810810810608e+03 9.999575306539693065e-01
1.372252252252252219e+03 9.999696409433249666e-01
1.373693693693693604e+03 9.999797964644036030e-01
1.375135135135135215e+03 9.999879381627072572e-01
1.376576576576576599e+03 9.999940186681368637e-01
1.378018018018017756e+03 9.999980025879520174e-01
1.379459459459459367e+03 9.999998667259863971e-01
1.380900900900900751e+03 9.999996002264931461e-01
1.382342342342342135e+03 9.999972046414973281e-01
1.383783783783783747e+03 9.999926939211677412e-01
1.385225225225225131e+03 9.999860943272634861e-01
1.386666666666666742e+03 9.999774442703329713e-01
1.388108108108107899e+03 9.999667940718728332e-01
1.389549549549549738e+03 9.999542056532696455e-01
1.390990990990990895e+03 9.999397521538493372e-01
1.392432432432432279e+03 9.999235174808834836e-01
1.393873873873873890e+03 9.999055957949110063e-01
1.395315315315315274e+03 9.998860909341232839e-01
1.396756756756756431e+03 9.998651157820332980e-01
1.398198198198198270e+03 9.998427915829523061e-01
1.399639639639639427e+03 9.998192472101404826e-01
1.401081081081080811e+03 9.997946183917443275e-01
1.402522522522522422e+03 9.997690468998542412e-01
1.403963963963963806e+03 9.997426797081642169e-01
1.405405405405405418e+03 9.997156681238387188e-01
1.406846846846846802e+03 9.996881668992181336e-01
1.408288288288288413e+03 9.996603333290502436e-01
1.409729729729729570e+03 9.996323263388577907e-01
1.411171171171170954e+03 9.996043055699823654e-01
1.412612612612612565e+03 9.995764304667578148e-01
1.414054054054053950e+03 9.995488593710560865e-01
1.415495495495495334e+03 9.995217486293268561e-01
1.416936936936936945e+03 9.994952517169803929e-01
1.418378378378378102e+03 9.994695183847835951e-01
1.419819819819819486e+03 9.994446938316396967e-01
1.421261261261261325e+03 9.994209179078963334e-01
1.422702702702702481e+03 9.993983243530129013e-01
1.424144144144144093e+03 9.993770400711742274e-01
1.425585585585585477e+03 9.993571844481102806e-01
1.427027027027027088e+03 9.993388687121415037e-01
1.428468468468468245e+03 9.993221953421570491e-01
1.429909909909909857e+03 9.993072575249546396e-01
1.431351351351351241e+03 9.992941386641421841e-01
1.432792792792792625e+03 9.992829119424754269e-01
1.434234234234234009e+03 9.992736399393183921e-01
1.435675675675675620e+03 9.992663743046197311e-01
1.437117117117116777e+03 9.992611554905985738e-01
1.438558558558558616e+03 9.992580125420755799e-01
1.440000000000000000e+03 9.992569629462008107e-01
