Theta (degrees)	Normalized Energy
0.000000000000000000e+00 2.926924182299651678e-01
1.441441441441441373e+00 2.922578846573199440e-01
2.882882882882882747e+00 2.909923127986129843e-01
4.324324324324323676e+00 2.889941783697602129e-01
5.765765765765765494e+00 2.863885130983351845e-01
7.207207207207206423e+00 2.832972624516025828e-01
8.648648648648647352e+00 2.798240901776266054e-01
1.009009009009008828e+01 2.760509807632057777e-01
1.153153153153153099e+01 2.720406441122230068e-01
1.297297297297297369e+01 2.678405790898407135e-01
1.441441441441441285e+01 2.634869244889290196e-01
1.585585585585585555e+01 2.590075378852670362e-01
1.729729729729729470e+01 2.544242882756407864e-01
1.873873873873873563e+01 2.497547120059736836e-01
2.018018018018017656e+01 2.450131965568717318e-01
2.162162162162162105e+01 2.402118275402358727e-01
2.306306306306306197e+01 2.353609994374123993e-01
2.450450450450449935e+01 2.304698616407570844e-01
2.594594594594594739e+01 2.255466499622488796e-01
2.738738738738738476e+01 2.205989387875396945e-01
2.882882882882882569e+01 2.156338388618290469e-01
3.027027027027026662e+01 2.106581589264282517e-01
3.171171171171171110e+01 2.056785450929772829e-01
3.315315315315314848e+01 2.007016092965390741e-01
3.459459459459458941e+01 1.957340570325240836e-01
3.603603603603603034e+01 1.907828247038628466e-01
3.747747747747747127e+01 1.858552383416768594e-01
3.891891891891891930e+01 1.809592085044149368e-01
4.036036036036035313e+01 1.761034813992151116e-01
4.180180180180179406e+01 1.712979747349766546e-01
4.324324324324324209e+01 1.665542401991005339e-01
4.468468468468468302e+01 1.618861154226993726e-01
4.612612612612612395e+01 1.573106608909734527e-01
4.756756756756756488e+01 1.528495269325454986e-01
4.900900900900899870e+01 1.485309680895198492e-01
5.045045045045044674e+01 1.443928148488758112e-01
5.189189189189189477e+01 1.404867908803427434e-01
5.333333333333332860e+01 1.368844837655782687e-01
5.477477477477476953e+01 1.336846040755614029e-01
5.621621621621621756e+01 1.310189120375246929e-01
5.765765765765765138e+01 1.290491811334520678e-01
5.909909909909909942e+01 1.279420833479970876e-01
6.054054054054053324e+01 1.278159370580802812e-01
6.198198198198197417e+01 1.286855884199859523e-01
6.342342342342342221e+01 1.304544862607180111e-01
6.486486486486485603e+01 1.329622031719641106e-01
6.630630630630629696e+01 1.360422308196843899e-01
6.774774774774773789e+01 1.395544060730543601e-01
6.918918918918917882e+01 1.433921428261513697e-01
7.063063063063063396e+01 1.474777735542310009e-01
7.207207207207206068e+01 1.517552344911130835e-01
7.351351351351350161e+01 1.561836879051637095e-01
7.495495495495494254e+01 1.607328094566956855e-01
7.639639639639638347e+01 1.653795179484006950e-01
7.783783783783783861e+01 1.701057545067565235e-01
7.927927927927926532e+01 1.748969774733803439e-01
8.072072072072070625e+01 1.797411339841861744e-01
8.216216216216216139e+01 1.846279473186346887e-01
8.360360360360358811e+01 1.895484139815731273e-01
8.504504504504504325e+01 1.944944407855156432e-01
8.648648648648648418e+01 1.994585756413676525e-01
8.792792792792792511e+01 2.044338007481621144e-01
8.936936936936936604e+01 2.094133663767417664e-01
9.081081081081079276e+01 2.143906493700823424e-01
9.225225225225224790e+01 2.193590240042216366e-01
9.369369369369368883e+01 2.243117346544710733e-01
9.513513513513512976e+01 2.292417601481509248e-01
9.657657657657658490e+01 2.341416588693102652e-01
9.801801801801799741e+01 2.390033815134326445e-01
9.945945945945945255e+01 2.438180345539552041e-01
1.009009009009008935e+02 2.485755714020757012e-01
1.023423423423423344e+02 2.532643790190268751e-01
1.037837837837837895e+02 2.578707141004837333e-01
1.052252252252252305e+02 2.623779233064913452e-01
1.066666666666666572e+02 2.667653549543309577e-01
1.081081081081080981e+02 2.710068357249754145e-01
1.095495495495495391e+02 2.750685532080131557e-01
1.109909909909909942e+02 2.789061828105539043e-01
1.124324324324324351e+02 2.824612084099364928e-01
1.138738738738738618e+02 2.856568048542406091e-01
1.153153153153153028e+02 2.883947320892885080e-01
1.167567567567567437e+02 2.905567536430370135e-01
1.181981981981981988e+02 2.920163511334045725e-01
1.196396396396396398e+02 2.926650623970313281e-01
1.210810810810810665e+02 2.924471703887610019e-01
1.225225225225225216e+02 2.913819617115392946e-01
1.239639639639639483e+02 2.895556797609904476e-01
1.254054054054054035e+02 2.870899692831227479e-01
1.268468468468468444e+02 2.841095556860844251e-01
1.282882882882882996e+02 2.807233464033854764e-01
1.297297297297297121e+02 2.770186556261487465e-01
1.311711711711711530e+02 2.730626494023338791e-01
1.326126126126125939e+02 2.689062437957033258e-01
1.340540540540540633e+02 2.645880962543670223e-01
1.354954954954954758e+02 2.601378910886839035e-01
1.369369369369369451e+02 2.555788172792006208e-01
1.383783783783783576e+02 2.509293675023133163e-01
1.398198198198197986e+02 2.462046258659029707e-01
1.412612612612612679e+02 2.414171883817893272e-01
1.427027027027027088e+02 2.365778250606532795e-01
1.441441441441441214e+02 2.316959617111996605e-01
1.455855855855855907e+02 2.267800362926483404e-01
1.470270270270270032e+02 2.218377682345344382e-01
1.484684684684684726e+02 2.168763678901747260e-01
1.499099099099098851e+02 2.119027057738946396e-01
1.513513513513513544e+02 2.069234563642854963e-01
1.527927927927927669e+02 2.019452283084058331e-01
1.542342342342342079e+02 1.969746913956784973e-01
1.556756756756756772e+02 1.920187104801144851e-01
1.571171171171171181e+02 1.870844976201912202e-01
1.585585585585585306e+02 1.821797963042504631e-01
1.600000000000000000e+02 1.773131162424048668e-01
1.614414414414414125e+02 1.724940447370326702e-01
1.628828828828828819e+02 1.677336725914511106e-01
1.643243243243243228e+02 1.630451912726397223e-01
1.657657657657657353e+02 1.584447472690026781e-01
1.672072072072071762e+02 1.539526844249211046e-01
1.686486486486486456e+02 1.495953712481738196e-01
1.700900900900900865e+02 1.454078989855061843e-01
1.715315315315315274e+02 1.414380252188101039e-01
1.729729729729729684e+02 1.377517220962301281e-01
1.744144144144144093e+02 1.344402307600453539e-01
1.758558558558558502e+02 1.316267895682621814e-01
1.772972972972972627e+02 1.294669191183030199e-01
1.787387387387387321e+02 1.281300801243446807e-01
1.801801801801801446e+02 1.277526153621083294e-01
1.816216216216215855e+02 1.283785145983579457e-01
1.830630630630630549e+02 1.299362453824894070e-01
1.845045045045044958e+02 1.322754259573622748e-01
1.859459459459459367e+02 1.352268162628512682e-01
1.873873873873873777e+02 1.386422265682236976e-01
1.888288288288288186e+02 1.424068595535652737e-01
1.902702702702702595e+02 1.464364952042904455e-01
1.917117117117117004e+02 1.506703286776395478e-01
1.931531531531531698e+02 1.550642219747307149e-01
1.945945945945945539e+02 1.595855785997168652e-01
1.960360360360359948e+02 1.642097493254427443e-01
1.974774774774774642e+02 1.689175839736009599e-01
1.989189189189189051e+02 1.736937733522873895e-01
2.003603603603603460e+02 1.785257193859177416e-01
2.018018018018017870e+02 1.834027552423365681e-01
2.032432432432432279e+02 1.883155976767838524e-01
2.046846846846846688e+02 1.932559541966337169e-01
2.061261261261261097e+02 1.982162338334274021e-01
2.075675675675675791e+02 2.031893270756736647e-01
2.090090090090089632e+02 2.081684311760001183e-01
2.104504504504504609e+02 2.131469037349200957e-01
2.118918918918918735e+02 2.181181315064124049e-01
2.133333333333333144e+02 2.230754035570034211e-01
2.147747747747747553e+02 2.280117786685101899e-01
2.162162162162161962e+02 2.329199363731519756e-01
2.176576576576576372e+02 2.377919992009548955e-01
2.190990990990990781e+02 2.426193103432693066e-01
2.205405405405405190e+02 2.473921454872815839e-01
2.219819819819819884e+02 2.520993292439374645e-01
2.234234234234233725e+02 2.567277141966500253e-01
2.248648648648648702e+02 2.612614626085299485e-01
2.263063063063062827e+02 2.656810456968942136e-01
2.277477477477477237e+02 2.699618429083968096e-01
2.291891891891891646e+02 2.740721890722005449e-01
2.306306306306306055e+02 2.779707025249275043e-01
2.320720720720720465e+02 2.816027972128660739e-01
2.335135135135134874e+02 2.848965965228980601e-01
2.349549549549548999e+02 2.877593426264864473e-01
2.363963963963963977e+02 2.900772121956090577e-01
2.378378378378378386e+02 2.917238716511959540e-01
2.392792792792792795e+02 2.925831548208225330e-01
2.407207207207206920e+02 2.925831548208225330e-01
2.421621621621621330e+02 2.917238716511961205e-01
2.436036036036035739e+02 2.900772121956094463e-01
2.450450450450450433e+02 2.877593426264864473e-01
2.464864864864865126e+02 2.848965965228980601e-01
2.479279279279278967e+02 2.816027972128666290e-01
2.493693693693693660e+02 2.779707025249277819e-01
2.508108108108108070e+02 2.740721890722008225e-01
2.522522522522522195e+02 2.699618429083970872e-01
2.536936936936936888e+02 2.656810456968943801e-01
2.551351351351351298e+02 2.612614626085302816e-01
2.565765765765765991e+02 2.567277141966502474e-01
2.580180180180179832e+02 2.520993292439377420e-01
2.594594594594594241e+02 2.473921454872818060e-01
2.609009009009008651e+02 2.426193103432700282e-01
2.623423423423423060e+02 2.377919992009554784e-01
2.637837837837838038e+02 2.329199363731524197e-01
2.652252252252251878e+02 2.280117786685101899e-01
2.666666666666666288e+02 2.230754035570032268e-01
2.681081081081081265e+02 2.181181315064127657e-01
2.695495495495495106e+02 2.131469037349202345e-01
2.709909909909909516e+02 2.081684311760004236e-01
2.724324324324324493e+02 2.031893270756733871e-01
2.738738738738738903e+02 1.982162338334275409e-01
2.753153153153153312e+02 1.932559541966340222e-01
2.767567567567567153e+02 1.883155976767839079e-01
2.781981981981981562e+02 1.834027552423367069e-01
2.796396396396395971e+02 1.785257193859179636e-01
2.810810810810810381e+02 1.736937733522874727e-01
2.825225225225225358e+02 1.689175839736012652e-01
2.839639639639639768e+02 1.642097493254431884e-01
2.854054054054054177e+02 1.595855785997166987e-01
2.868468468468468018e+02 1.550642219747309369e-01
2.882882882882882427e+02 1.506703286776399087e-01
2.897297297297296836e+02 1.464364952042905010e-01
2.911711711711711814e+02 1.424068595535654125e-01
2.926126126126126223e+02 1.386422265682234201e-01
2.940540540540540064e+02 1.352268162628514070e-01
2.954954954954955042e+02 1.322754259573621916e-01
2.969369369369369451e+02 1.299362453824892683e-01
2.983783783783783292e+02 1.283785145983578069e-01
2.998198198198197701e+02 1.277526153621083294e-01
3.012612612612612679e+02 1.281300801243442644e-01
3.027027027027027088e+02 1.294669191183025203e-01
3.041441441441440929e+02 1.316267895682620148e-01
3.055855855855855339e+02 1.344402307600452984e-01
3.070270270270269748e+02 1.377517220962298505e-01
3.084684684684684157e+02 1.414380252188100207e-01
3.099099099099099135e+02 1.454078989855059068e-01
3.113513513513513544e+02 1.495953712481732367e-01
3.127927927927927954e+02 1.539526844249205217e-01
3.142342342342342363e+02 1.584447472690024838e-01
3.156756756756756204e+02 1.630451912726392227e-01
3.171171171171170613e+02 1.677336725914508331e-01
3.185585585585585591e+02 1.724940447370325314e-01
3.200000000000000000e+02 1.773131162424047835e-01
3.214414414414414409e+02 1.821797963042501023e-01
3.228828828828828250e+02 1.870844976201908594e-01
3.243243243243243228e+02 1.920187104801145683e-01
3.257657657657657637e+02 1.969746913956780809e-01
3.272072072072072046e+02 2.019452283084054722e-01
3.286486486486486456e+02 2.069234563642852742e-01
3.300900900900900865e+02 2.119027057738947228e-01
3.315315315315314706e+02 2.168763678901747260e-01
3.329729729729729684e+02 2.218377682345344382e-01
3.344144144144143524e+02 2.267800362926480628e-01
3.358558558558557934e+02 2.316959617111994385e-01
3.372972972972972912e+02 2.365778250606529742e-01
3.387387387387387321e+02 2.414171883817894937e-01
3.401801801801801730e+02 2.462046258659027764e-01
3.416216216216215571e+02 2.509293675023134274e-01
3.430630630630630549e+02 2.555788172792007873e-01
3.445045045045044390e+02 2.601378910886837370e-01
3.459459459459459367e+02 2.645880962543670778e-01
3.473873873873874345e+02 2.689062437957033813e-01
3.488288288288288186e+02 2.730626494023339901e-01
3.502702702702702027e+02 2.770186556261490241e-01
3.517117117117117004e+02 2.807233464033855874e-01
3.531531531531531414e+02 2.841095556860840921e-01
3.545945945945945255e+02 2.870899692831229144e-01
3.560360360360360232e+02 2.895556797609903366e-01
3.574774774774774642e+02 2.913819617115390170e-01
3.589189189189189051e+02 2.924471703887607243e-01
3.603603603603602892e+02 2.926650623970313281e-01
3.618018018018017870e+02 2.920163511334041284e-01
3.632432432432431710e+02 2.905567536430369024e-01
3.646846846846846688e+02 2.883947320892883415e-01
3.661261261261261097e+02 2.856568048542404425e-01
3.675675675675675507e+02 2.824612084099362153e-01
3.690090090090089916e+02 2.789061828105544594e-01
3.704504504504503757e+02 2.750685532080131557e-01
3.718918918918918735e+02 2.710068357249756921e-01
3.733333333333332575e+02 2.667653549543314018e-01
3.747747747747747553e+02 2.623779233064913452e-01
3.762162162162162531e+02 2.578707141004837333e-01
3.776576576576576372e+02 2.532643790190270972e-01
3.790990990990990781e+02 2.485755714020757012e-01
3.805405405405405190e+02 2.438180345539552041e-01
3.819819819819819600e+02 2.390033815134330053e-01
3.834234234234234009e+02 2.341416588693101264e-01
3.848648648648648418e+02 2.292417601481510636e-01
3.863063063063063396e+02 2.243117346544711566e-01
3.877477477477477237e+02 2.193590240042218587e-01
3.891891891891891078e+02 2.143906493700823424e-01
3.906306306306306055e+02 2.094133663767419051e-01
3.920720720720719896e+02 2.044338007481621144e-01
3.935135135135134874e+02 1.994585756413676525e-01
3.949549549549549283e+02 1.944944407855157820e-01
3.963963963963963693e+02 1.895484139815732660e-01
3.978378378378378102e+02 1.846279473186349107e-01
3.992792792792791943e+02 1.797411339841862576e-01
4.007207207207206920e+02 1.748969774733803995e-01
4.021621621621621898e+02 1.701057545067565790e-01
4.036036036036035739e+02 1.653795179484009170e-01
4.050450450450450717e+02 1.607328094566957688e-01
4.064864864864864558e+02 1.561836879051635707e-01
4.079279279279278967e+02 1.517552344911129447e-01
4.093693693693693376e+02 1.474777735542314172e-01
4.108108108108108354e+02 1.433921428261515085e-01
4.122522522522522195e+02 1.395544060730543601e-01
4.136936936936936604e+02 1.360422308196842511e-01
4.151351351351351582e+02 1.329622031719639719e-01
4.165765765765765423e+02 1.304544862607177891e-01
4.180180180180179264e+02 1.286855884199859523e-01
4.194594594594594241e+02 1.278159370580804199e-01
4.209009009009009219e+02 1.279420833479970321e-01
4.223423423423423060e+02 1.290491811334519290e-01
4.237837837837837469e+02 1.310189120375247762e-01
4.252252252252251878e+02 1.336846040755613474e-01
4.266666666666666288e+02 1.368844837655784075e-01
4.281081081081080129e+02 1.404867908803426602e-01
4.295495495495495106e+02 1.443928148488758667e-01
4.309909909909910084e+02 1.485309680895197937e-01
4.324324324324323925e+02 1.528495269325453598e-01
4.338738738738738903e+02 1.573106608909732307e-01
4.353153153153152743e+02 1.618861154226992061e-01
4.367567567567567153e+02 1.665542401991005894e-01
4.381981981981981562e+02 1.712979747349763771e-01
4.396396396396396540e+02 1.761034813992149728e-01
4.410810810810810381e+02 1.809592085044151033e-01
4.425225225225224790e+02 1.858552383416769982e-01
4.439639639639639768e+02 1.907828247038626246e-01
4.454054054054053609e+02 1.957340570325240281e-01
4.468468468468467449e+02 2.007016092965389353e-01
4.482882882882882427e+02 2.056785450929771164e-01
4.497297297297297405e+02 2.106581589264286958e-01
4.511711711711711246e+02 2.156338388618289637e-01
4.526126126126125655e+02 2.205989387875396945e-01
4.540540540540540064e+02 2.255466499622489629e-01
4.554954954954954474e+02 2.304698616407567235e-01
4.569369369369369451e+02 2.353609994374119552e-01
4.583783783783783292e+02 2.402118275402360115e-01
4.598198198198198270e+02 2.450131965568720094e-01
4.612612612612612111e+02 2.497547120059733228e-01
4.627027027027026520e+02 2.544242882756408974e-01
4.641441441441440929e+02 2.590075378852671473e-01
4.655855855855855339e+02 2.634869244889290196e-01
4.670270270270269748e+02 2.678405790898407135e-01
4.684684684684684157e+02 2.720406441122230068e-01
4.699099099099097998e+02 2.760509807632056112e-01
4.713513513513513544e+02 2.798240901776266054e-01
4.727927927927927954e+02 2.832972624516031379e-01
4.742342342342342363e+02 2.863885130983350735e-01
4.756756756756756772e+02 2.889941783697602129e-01
4.771171171171170613e+02 2.909923127986131508e-01
4.785585585585585591e+02 2.922578846573194999e-01
4.799999999999999432e+02 2.926924182299654453e-01
4.814414414414413841e+02 2.922578846573199440e-01
4.828828828828828250e+02 2.909923127986131508e-01
4.843243243243242659e+02 2.889941783697606570e-01
4.857657657657656500e+02 2.863885130983356286e-01
4.872072072072071478e+02 2.832972624516029714e-01
4.886486486486485319e+02 2.798240901776267719e-01
4.900900900900900865e+02 2.760509807632060553e-01
4.915315315315315274e+02 2.720406441122231733e-01
4.929729729729730252e+02 2.678405790898409355e-01
4.944144144144144093e+02 2.634869244889290751e-01
4.958558558558557934e+02 2.590075378852672028e-01
4.972972972972972912e+02 2.544242882756410085e-01
4.987387387387387321e+02 2.497547120059736836e-01
5.001801801801801162e+02 2.450131965568718706e-01
5.016216216216216139e+02 2.402118275402361502e-01
5.030630630630629980e+02 2.353609994374121772e-01
5.045045045045044390e+02 2.304698616407571676e-01
5.059459459459458799e+02 2.255466499622491849e-01
5.073873873873873777e+02 2.205989387875395003e-01
5.088288288288288754e+02 2.156338388618289081e-01
5.102702702702702595e+02 2.106581589264285570e-01
5.117117117117117004e+02 2.056785450929773384e-01
5.131531531531531982e+02 2.007016092965392962e-01
5.145945945945945823e+02 1.957340570325240836e-01
5.160360360360359664e+02 1.907828247038632075e-01
5.174774774774774642e+02 1.858552383416772202e-01
5.189189189189188482e+02 1.809592085044152421e-01
5.203603603603602323e+02 1.761034813992151948e-01
5.218018018018017301e+02 1.712979747349773207e-01
5.232432432432431142e+02 1.665542401991010335e-01
5.246846846846846120e+02 1.618861154226997334e-01
5.261261261261261097e+02 1.573106608909735915e-01
5.275675675675676075e+02 1.528495269325454986e-01
5.290090090090089916e+02 1.485309680895201545e-01
5.304504504504503757e+02 1.443928148488759500e-01
5.318918918918918735e+02 1.404867908803428822e-01
5.333333333333332575e+02 1.368844837655783242e-01
5.347747747747747553e+02 1.336846040755617637e-01
5.362162162162162531e+02 1.310189120375250815e-01
5.376576576576576372e+02 1.290491811334522065e-01
5.390990990990990213e+02 1.279420833479974762e-01
5.405405405405405190e+02 1.278159370580803367e-01
5.419819819819819031e+02 1.286855884199860356e-01
5.434234234234232872e+02 1.304544862607177336e-01
5.448648648648648987e+02 1.329622031719641939e-01
5.463063063063062827e+02 1.360422308196841124e-01
5.477477477477477805e+02 1.395544060730542768e-01
5.491891891891891646e+02 1.433921428261515085e-01
5.506306306306306624e+02 1.474777735542311397e-01
5.520720720720720465e+02 1.517552344911128615e-01
5.535135135135134306e+02 1.561836879051634874e-01
5.549549549549549283e+02 1.607328094566954635e-01
5.563963963963963124e+02 1.653795179484005562e-01
5.578378378378378102e+02 1.701057545067563015e-01
5.592792792792791943e+02 1.748969774733801219e-01
5.607207207207206920e+02 1.797411339841858968e-01
5.621621621621620761e+02 1.846279473186343834e-01
5.636036036036035739e+02 1.895484139815732105e-01
5.650450450450450717e+02 1.944944407855154211e-01
5.664864864864864558e+02 1.994585756413675137e-01
5.679279279279279535e+02 2.044338007481618924e-01
5.693693693693693376e+02 2.094133663767411835e-01
5.708108108108108354e+02 2.143906493700819815e-01
5.722522522522522195e+02 2.193590240042216366e-01
5.736936936936936036e+02 2.243117346544709345e-01
5.751351351351351013e+02 2.292417601481507028e-01
5.765765765765764854e+02 2.341416588693098211e-01
5.780180180180178695e+02 2.390033815134325057e-01
5.794594594594593673e+02 2.438180345539546490e-01
5.809009009009007514e+02 2.485755714020754237e-01
5.823423423423423628e+02 2.532643790190269861e-01
5.837837837837837469e+02 2.578707141004835113e-01
5.852252252252252447e+02 2.623779233064912342e-01
5.866666666666666288e+02 2.667653549543310132e-01
5.881081081081080129e+02 2.710068357249754700e-01
5.895495495495495106e+02 2.750685532080127116e-01
5.909909909909910084e+02 2.789061828105539043e-01
5.924324324324323925e+02 2.824612084099362153e-01
5.938738738738738903e+02 2.856568048542401650e-01
5.953153153153152743e+02 2.883947320892880639e-01
5.967567567567566584e+02 2.905567536430367359e-01
5.981981981981981562e+02 2.920163511334042949e-01
5.996396396396395403e+02 2.926650623970314391e-01
6.010810810810811518e+02 2.924471703887604468e-01
6.025225225225225358e+02 2.913819617115392946e-01
6.039639639639639199e+02 2.895556797609901700e-01
6.054054054054054177e+02 2.870899692831227479e-01
6.068468468468468018e+02 2.841095556860842586e-01
6.082882882882881859e+02 2.807233464033859205e-01
6.097297297297296836e+02 2.770186556261485800e-01
6.111711711711710677e+02 2.730626494023348227e-01
6.126126126126125655e+02 2.689062437957038254e-01
6.140540540540539496e+02 2.645880962543680215e-01
6.154954954954954474e+02 2.601378910886841811e-01
6.169369369369368314e+02 2.555788172792007318e-01
6.183783783783783292e+02 2.509293675023135939e-01
6.198198198198198270e+02 2.462046258659031928e-01
6.212612612612612111e+02 2.414171883817894104e-01
6.227027027027027088e+02 2.365778250606531963e-01
6.241441441441440929e+02 2.316959617112002434e-01
6.255855855855855907e+02 2.267800362926482016e-01
6.270270270270269748e+02 2.218377682345347990e-01
6.284684684684684726e+02 2.168763678901752257e-01
6.299099099099098567e+02 2.119027057738950004e-01
6.313513513513512407e+02 2.069234563642857183e-01
6.327927927927927385e+02 2.019452283084059718e-01
6.342342342342341226e+02 1.969746913956787193e-01
6.356756756756755067e+02 1.920187104801150679e-01
6.371171171171171181e+02 1.870844976201912202e-01
6.385585585585585022e+02 1.821797963042506296e-01
6.400000000000000000e+02 1.773131162424049223e-01
6.414414414414413841e+02 1.724940447370330310e-01
6.428828828828828819e+02 1.677336725914514159e-01
6.443243243243242659e+02 1.630451912726399444e-01
6.457657657657656500e+02 1.584447472690026781e-01
6.472072072072071478e+02 1.539526844249211879e-01
6.486486486486486456e+02 1.495953712481741804e-01
6.500900900900900297e+02 1.454078989855063508e-01
6.515315315315315274e+02 1.414380252188101594e-01
6.529729729729729115e+02 1.377517220962302114e-01
6.544144144144144093e+02 1.344402307600456592e-01
6.558558558558559071e+02 1.316267895682623756e-01
6.572972972972972912e+02 1.294669191183028811e-01
6.587387387387386752e+02 1.281300801243445420e-01
6.601801801801801730e+02 1.277526153621080240e-01
6.616216216216216708e+02 1.283785145983574461e-01
6.630630630630629412e+02 1.299362453824891017e-01
6.645045045045044390e+02 1.322754259573620528e-01
6.659459459459459367e+02 1.352268162628509074e-01
6.673873873873873208e+02 1.386422265682234201e-01
6.688288288288287049e+02 1.424068595535649961e-01
6.702702702702702027e+02 1.464364952042903067e-01
6.717117117117115868e+02 1.506703286776392703e-01
6.731531531531530845e+02 1.550642219747302153e-01
6.745945945945945823e+02 1.595855785997168652e-01
6.760360360360359664e+02 1.642097493254428275e-01
6.774774774774774642e+02 1.689175839736010987e-01
6.789189189189188482e+02 1.736937733522869454e-01
6.803603603603603460e+02 1.785257193859176028e-01
6.818018018018018438e+02 1.834027552423362628e-01
6.832432432432431142e+02 1.883155976767835471e-01
6.846846846846846120e+02 1.932559541966334393e-01
6.861261261261261097e+02 1.982162338334273188e-01
6.875675675675676075e+02 2.031893270756733871e-01
6.890090090090088779e+02 2.081684311759996187e-01
6.904504504504503757e+02 2.131469037349196793e-01
6.918918918918918735e+02 2.181181315064122384e-01
6.933333333333333712e+02 2.230754035570031435e-01
6.947747747747748690e+02 2.280117786685101344e-01
6.962162162162161394e+02 2.329199363731521977e-01
6.976576576576576372e+02 2.377919992009548955e-01
6.990990990990991349e+02 2.426193103432691678e-01
7.005405405405404053e+02 2.473921454872811398e-01
7.019819819819819031e+02 2.520993292439372424e-01
7.034234234234234009e+02 2.567277141966501364e-01
7.048648648648647850e+02 2.612614626085297820e-01
7.063063063063062827e+02 2.656810456968944356e-01
7.077477477477476668e+02 2.699618429083963100e-01
7.091891891891890509e+02 2.740721890722001008e-01
7.106306306306306624e+02 2.779707025249279484e-01
7.120720720720720465e+02 2.816027972128661849e-01
7.135135135135135442e+02 2.848965965228982267e-01
7.149549549549549283e+02 2.877593426264864473e-01
7.163963963963963124e+02 2.900772121956090577e-01
7.178378378378378102e+02 2.917238716511959540e-01
7.192792792792793080e+02 2.925831548208224220e-01
7.207207207207205784e+02 2.925831548208225330e-01
7.221621621621620761e+02 2.917238716511961205e-01
7.236036036036035739e+02 2.900772121956093352e-01
7.250450450450449580e+02 2.877593426264867804e-01
7.264864864864863421e+02 2.848965965228985042e-01
7.279279279279278398e+02 2.816027972128669621e-01
7.293693693693693376e+02 2.779707025249276153e-01
7.308108108108108354e+02 2.740721890722004339e-01
7.322522522522522195e+02 2.699618429083970317e-01
7.336936936936936036e+02 2.656810456968944356e-01
7.351351351351351013e+02 2.612614626085304481e-01
7.365765765765764854e+02 2.567277141966504139e-01
7.380180180180179832e+02 2.520993292439380751e-01
7.394594594594594810e+02 2.473921454872818615e-01
7.409009009009007514e+02 2.426193103432695286e-01
7.423423423423422491e+02 2.377919992009551731e-01
7.437837837837837469e+02 2.329199363731524752e-01
7.452252252252250173e+02 2.280117786685106340e-01
7.466666666666665151e+02 2.230754035570036431e-01
7.481081081081081265e+02 2.181181315064123216e-01
7.495495495495495106e+02 2.131469037349201789e-01
7.509909909909910084e+02 2.081684311760003403e-01
7.524324324324325062e+02 2.031893270756737480e-01
7.538738738738737766e+02 1.982162338334276797e-01
7.553153153153152743e+02 1.932559541966340222e-01
7.567567567567567721e+02 1.883155976767839079e-01
7.581981981981981562e+02 1.834027552423367069e-01
7.596396396396395403e+02 1.785257193859180469e-01
7.610810810810810381e+02 1.736937733522877503e-01
7.625225225225224222e+02 1.689175839736014040e-01
7.639639639639639199e+02 1.642097493254434659e-01
7.654054054054054177e+02 1.595855785997172815e-01
7.668468468468468018e+02 1.550642219747308537e-01
7.682882882882882996e+02 1.506703286776395478e-01
7.697297297297296836e+02 1.464364952042904455e-01
7.711711711711711814e+02 1.424068595535653570e-01
7.726126126126126792e+02 1.386422265682235588e-01
7.740540540540539496e+02 1.352268162628514903e-01
7.754954954954954474e+02 1.322754259573621916e-01
7.769369369369369451e+02 1.299362453824893238e-01
7.783783783783782155e+02 1.283785145983578624e-01
7.798198198198197133e+02 1.277526153621081628e-01
7.812612612612612111e+02 1.281300801243444032e-01
7.827027027027025952e+02 1.294669191183027424e-01
7.841441441441439792e+02 1.316267895682621814e-01
7.855855855855854770e+02 1.344402307600451318e-01
7.870270270270269748e+02 1.377517220962302114e-01
7.884684684684684726e+02 1.414380252188099651e-01
7.899099099099098567e+02 1.454078989855056847e-01
7.913513513513512407e+02 1.495953712481735975e-01
7.927927927927927385e+02 1.539526844249208271e-01
7.942342342342341226e+02 1.584447472690022618e-01
7.956756756756756204e+02 1.630451912726392782e-01
7.971171171171171181e+02 1.677336725914508331e-01
7.985585585585583885e+02 1.724940447370322261e-01
7.999999999999998863e+02 1.773131162424046448e-01
8.014414414414413841e+02 1.821797963042501856e-01
8.028828828828828819e+02 1.870844976201905541e-01
8.043243243243243796e+02 1.920187104801146238e-01
8.057657657657657637e+02 1.969746913956780809e-01
8.072072072072071478e+02 2.019452283084056943e-01
8.086486486486486456e+02 2.069234563642852742e-01
8.100900900900901433e+02 2.119027057738946396e-01
8.115315315315314137e+02 2.168763678901742820e-01
8.129729729729729115e+02 2.218377682345342994e-01
8.144144144144144093e+02 2.267800362926482849e-01
8.158558558558557934e+02 2.316959617111992997e-01
8.172972972972971775e+02 2.365778250606526134e-01
8.187387387387386752e+02 2.414171883817889108e-01
8.201801801801800593e+02 2.462046258659028319e-01
8.216216216216216708e+02 2.509293675023132608e-01
8.230630630630630549e+02 2.555788172792009538e-01
8.245045045045044390e+02 2.601378910886839591e-01
8.259459459459459367e+02 2.645880962543670778e-01
8.273873873873873208e+02 2.689062437957029372e-01
8.288288288288288186e+02 2.730626494023341566e-01
8.302702702702703164e+02 2.770186556261485800e-01
8.317117117117115868e+02 2.807233464033854764e-01
8.331531531531530845e+02 2.841095556860844251e-01
8.345945945945945823e+02 2.870899692831226369e-01
8.360360360360358527e+02 2.895556797609903366e-01
8.374774774774773505e+02 2.913819617115394611e-01
8.389189189189188482e+02 2.924471703887607243e-01
8.403603603603603460e+02 2.926650623970314391e-01
8.418018018018018438e+02 2.920163511334042949e-01
8.432432432432431142e+02 2.905567536430371800e-01
8.446846846846846120e+02 2.883947320892885080e-01
8.461261261261261097e+02 2.856568048542406091e-01
8.475675675675674938e+02 2.824612084099366593e-01
8.490090090090089916e+02 2.789061828105543484e-01
8.504504504504503757e+02 2.750685532080131557e-01
8.518918918918917598e+02 2.710068357249755255e-01
8.533333333333332575e+02 2.667653549543312352e-01
8.547747747747747553e+02 2.623779233064914562e-01
8.562162162162160257e+02 2.578707141004841219e-01
8.576576576576575235e+02 2.532643790190273192e-01
8.590990990990990213e+02 2.485755714020755625e-01
8.605405405405405190e+02 2.438180345539553706e-01
8.619819819819820168e+02 2.390033815134332273e-01
8.634234234234232872e+02 2.341416588693105705e-01
8.648648648648647850e+02 2.292417601481513412e-01
8.663063063063062827e+02 2.243117346544715174e-01
8.677477477477477805e+02 2.193590240042222195e-01
8.691891891891890509e+02 2.143906493700825089e-01
8.706306306306305487e+02 2.094133663767419051e-01
8.720720720720720465e+02 2.044338007481624753e-01
8.735135135135134306e+02 1.994585756413680966e-01
8.749549549549548146e+02 1.944944407855160040e-01
8.763963963963963124e+02 1.895484139815732105e-01
8.778378378378378102e+02 1.846279473186351050e-01
8.792792792792793080e+02 1.797411339841861744e-01
8.807207207207206920e+02 1.748969774733804827e-01
8.821621621621620761e+02 1.701057545067565235e-01
8.836036036036035739e+02 1.653795179484010003e-01
8.850450450450449580e+02 1.607328094566958243e-01
8.864864864864864558e+02 1.561836879051639870e-01
8.879279279279279535e+02 1.517552344911136109e-01
8.893693693693692239e+02 1.474777735542319446e-01
8.908108108108107217e+02 1.433921428261518971e-01
8.922522522522522195e+02 1.395544060730546376e-01
8.936936936936934899e+02 1.360422308196847507e-01
8.951351351351352150e+02 1.329622031719642494e-01
8.965765765765764854e+02 1.304544862607180944e-01
8.980180180180179832e+02 1.286855884199861189e-01
8.994594594594594810e+02 1.278159370580803367e-01
9.009009009009007514e+02 1.279420833479973096e-01
9.023423423423422491e+02 1.290491811334519290e-01
9.037837837837837469e+02 1.310189120375247762e-01
9.052252252252251310e+02 1.336846040755612641e-01
9.066666666666666288e+02 1.368844837655781854e-01
9.081081081081080129e+02 1.404867908803426046e-01
9.095495495495493969e+02 1.443928148488757279e-01
9.109909909909908947e+02 1.485309680895195716e-01
9.124324324324323925e+02 1.528495269325452766e-01
9.138738738738738903e+02 1.573106608909732307e-01
9.153153153153152743e+02 1.618861154226991506e-01
9.167567567567566584e+02 1.665542401991003119e-01
9.181981981981980425e+02 1.712979747349761550e-01
9.196396396396396540e+02 1.761034813992147507e-01
9.210810810810809244e+02 1.809592085044145204e-01
9.225225225225224222e+02 1.858552383416765819e-01
9.239639639639640336e+02 1.907828247038628466e-01
9.254054054054053040e+02 1.957340570325235840e-01
9.268468468468469155e+02 2.007016092965392129e-01
9.282882882882881859e+02 2.056785450929771164e-01
9.297297297297296836e+02 2.106581589264282517e-01
9.311711711711710677e+02 2.156338388618283808e-01
9.326126126126126792e+02 2.205989387875396390e-01
9.340540540540539496e+02 2.255466499622482413e-01
9.354954954954954474e+02 2.304698616407564460e-01
9.369369369369368314e+02 2.353609994374116776e-01
9.383783783783783292e+02 2.402118275402356506e-01
9.398198198198195996e+02 2.450131965568708436e-01
9.412612612612612111e+02 2.497547120059727399e-01
9.427027027027027088e+02 2.544242882756409529e-01
9.441441441441440929e+02 2.590075378852667032e-01
9.455855855855855907e+02 2.634869244889290196e-01
9.470270270270268611e+02 2.678405790898402694e-01
9.484684684684684726e+02 2.720406441122228403e-01
9.499099099099098567e+02 2.760509807632055002e-01
9.513513513513513544e+02 2.798240901776263279e-01
9.527927927927926248e+02 2.832972624516025828e-01
9.542342342342341226e+02 2.863885130983350735e-01
9.556756756756755067e+02 2.889941783697600464e-01
9.571171171171171181e+02 2.909923127986128732e-01
9.585585585585585022e+02 2.922578846573197775e-01
9.599999999999998863e+02 2.926924182299651678e-01
9.614414414414413841e+02 2.922578846573196665e-01
9.628828828828827682e+02 2.909923127986129843e-01
9.643243243243243796e+02 2.889941783697604905e-01
9.657657657657656500e+02 2.863885130983359062e-01
9.672072072072071478e+02 2.832972624516026938e-01
9.686486486486485319e+02 2.798240901776269385e-01
9.700900900900900297e+02 2.760509807632056112e-01
9.715315315315313001e+02 2.720406441122239505e-01
9.729729729729729115e+02 2.678405790898406580e-01
9.744144144144142956e+02 2.634869244889292972e-01
9.758558558558557934e+02 2.590075378852673693e-01
9.772972972972970638e+02 2.544242882756417301e-01
9.787387387387385616e+02 2.497547120059736281e-01
9.801801801801801730e+02 2.450131965568718706e-01
9.816216216216215571e+02 2.402118275402363168e-01
9.830630630630630549e+02 2.353609994374123993e-01
9.845045045045043253e+02 2.304698616407574729e-01
9.859459459459460504e+02 2.255466499622490184e-01
9.873873873873872071e+02 2.205989387875399999e-01
9.888288288288288186e+02 2.156338388618290469e-01
9.902702702702702027e+02 2.106581589264290011e-01
9.917117117117115868e+02 2.056785450929775050e-01
9.931531531531529708e+02 2.007016092965392129e-01
9.945945945945945823e+02 1.957340570325245277e-01
9.960360360360359664e+02 1.907828247038635683e-01
9.974774774774774642e+02 1.858552383416769982e-01
9.989189189189188482e+02 1.809592085044151588e-01
1.000360360360360232e+03 1.761034813992155557e-01
1.001801801801801844e+03 1.712979747349767934e-01
1.003243243243243228e+03 1.665542401991010335e-01
1.004684684684684726e+03 1.618861154226991506e-01
1.006126126126125996e+03 1.573106608909738691e-01
1.007567567567567494e+03 1.528495269325454986e-01
1.009009009009008878e+03 1.485309680895206541e-01
1.010450450450450489e+03 1.443928148488764496e-01
1.011891891891891760e+03 1.404867908803431042e-01
1.013333333333333258e+03 1.368844837655781022e-01
1.014774774774774755e+03 1.336846040755613474e-01
1.016216216216216139e+03 1.310189120375249983e-01
1.017657657657657751e+03 1.290491811334520678e-01
1.019099099099099021e+03 1.279420833479973929e-01
1.020540540540540519e+03 1.278159370580803367e-01
1.021981981981981903e+03 1.286855884199855915e-01
1.023423423423423401e+03 1.304544862607176503e-01
1.024864864864864785e+03 1.329622031719637498e-01
1.026306306306306396e+03 1.360422308196837238e-01
1.027747747747747553e+03 1.395544060730539160e-01
1.029189189189189165e+03 1.433921428261513142e-01
1.030630630630630549e+03 1.474777735542306956e-01
1.032072072072071933e+03 1.517552344911127227e-01
1.033513513513513544e+03 1.561836879051634042e-01
1.034954954954954928e+03 1.607328094566952414e-01
1.036396396396396312e+03 1.653795179484009170e-01
1.037837837837837696e+03 1.701057545067559407e-01
1.039279279279279308e+03 1.748969774733800386e-01
1.040720720720720465e+03 1.797411339841855915e-01
1.042162162162162076e+03 1.846279473186345221e-01
1.043603603603603460e+03 1.895484139815728497e-01
1.045045045045045072e+03 1.944944407855156432e-01
1.046486486486486228e+03 1.994585756413670696e-01
1.047927927927927840e+03 2.044338007481616704e-01
1.049369369369369224e+03 2.094133663767408227e-01
1.050810810810810835e+03 2.143906493700819260e-01
1.052252252252252219e+03 2.193590240042217199e-01
1.053693693693693604e+03 2.243117346544703516e-01
1.055135135135135215e+03 2.292417601481508416e-01
1.056576576576576599e+03 2.341416588693091827e-01
1.058018018018017983e+03 2.390033815134326445e-01
1.059459459459459367e+03 2.438180345539547877e-01
1.060900900900900751e+03 2.485755714020754792e-01
1.062342342342342135e+03 2.532643790190264865e-01
1.063783783783783747e+03 2.578707141004834003e-01
1.065225225225225131e+03 2.623779233064910676e-01
1.066666666666666515e+03 2.667653549543311242e-01
1.068108108108107899e+03 2.710068357249751925e-01
1.069549549549549511e+03 2.750685532080127116e-01
1.070990990990991122e+03 2.789061828105540153e-01
1.072432432432432506e+03 2.824612084099358822e-01
1.073873873873873890e+03 2.856568048542400540e-01
1.075315315315315274e+03 2.883947320892881749e-01
1.076756756756756658e+03 2.905567536430370135e-01
1.078198198198198043e+03 2.920163511334039619e-01
1.079639639639639654e+03 2.926650623970314391e-01
1.081081081081081038e+03 2.924471703887608909e-01
1.082522522522522422e+03 2.913819617115391281e-01
1.083963963963963806e+03 2.895556797609906141e-01
1.085405405405405190e+03 2.870899692831229144e-01
1.086846846846846574e+03 2.841095556860847027e-01
1.088288288288288186e+03 2.807233464033855874e-01
1.089729729729729797e+03 2.770186556261487465e-01
1.091171171171171181e+03 2.730626494023346562e-01
1.092612612612612565e+03 2.689062437957033258e-01
1.094054054054053950e+03 2.645880962543675774e-01
1.095495495495495561e+03 2.601378910886841256e-01
1.096936936936936945e+03 2.555788172792013979e-01
1.098378378378378329e+03 2.509293675023138159e-01
1.099819819819819713e+03 2.462046258659035536e-01
1.101261261261261325e+03 2.414171883817895492e-01
1.102702702702702481e+03 2.365778250606536959e-01
1.104144144144144093e+03 2.316959617112001046e-01
1.105585585585585477e+03 2.267800362926490065e-01
1.107027027027026861e+03 2.218377682345352431e-01
1.108468468468468473e+03 2.168763678901747260e-01
1.109909909909909857e+03 2.119027057738951392e-01
1.111351351351351468e+03 2.069234563642854408e-01
1.112792792792792625e+03 2.019452283084061106e-01
1.114234234234234236e+03 1.969746913956784418e-01
1.115675675675675620e+03 1.920187104801149847e-01
1.117117117117117232e+03 1.870844976201913590e-01
1.118558558558558389e+03 1.821797963042511292e-01
1.120000000000000000e+03 1.773131162424050056e-01
1.121441441441441384e+03 1.724940447370331698e-01
1.122882882882882768e+03 1.677336725914513327e-01
1.124324324324324152e+03 1.630451912726403885e-01
1.125765765765765764e+03 1.584447472690028447e-01
1.127207207207207148e+03 1.539526844249209103e-01
1.128648648648648532e+03 1.495953712481739029e-01
1.130090090090090143e+03 1.454078989855059068e-01
1.131531531531531300e+03 1.414380252188105480e-01
1.132972972972972912e+03 1.377517220962300726e-01
1.134414414414414296e+03 1.344402307600454372e-01
1.135855855855855907e+03 1.316267895682622369e-01
1.137297297297297064e+03 1.294669191183029366e-01
1.138738738738738675e+03 1.281300801243444032e-01
1.140180180180180059e+03 1.277526153621081628e-01
1.141621621621621671e+03 1.283785145983576681e-01
1.143063063063062827e+03 1.299362453824889629e-01
1.144504504504504439e+03 1.322754259573617752e-01
1.145945945945945823e+03 1.352268162628511294e-01
1.147387387387387207e+03 1.386422265682231147e-01
1.148828828828828819e+03 1.424068595535651349e-01
1.150270270270270203e+03 1.464364952042900847e-01
1.151711711711711587e+03 1.506703286776392703e-01
1.153153153153152971e+03 1.550642219747302153e-01
1.154594594594594582e+03 1.595855785997165599e-01
1.156036036036035739e+03 1.642097493254424667e-01
1.157477477477477350e+03 1.689175839736010987e-01
1.158918918918918735e+03 1.736937733522865845e-01
1.160360360360360346e+03 1.785257193859173808e-01
1.161801801801801503e+03 1.834027552423359020e-01
1.163243243243243342e+03 1.883155976767836304e-01
1.164684684684684726e+03 1.932559541966333561e-01
1.166126126126126110e+03 1.982162338334268192e-01
1.167567567567567494e+03 2.031893270756736092e-01
1.169009009009008878e+03 2.081684311759996187e-01
1.170450450450450489e+03 2.131469037349198181e-01
1.171891891891891873e+03 2.181181315064122384e-01
1.173333333333333258e+03 2.230754035570030602e-01
1.174774774774774642e+03 2.280117786685094683e-01
1.176216216216216026e+03 2.329199363731518369e-01
1.177657657657657410e+03 2.377919992009546180e-01
1.179099099099099021e+03 2.426193103432691678e-01
1.180540540540540405e+03 2.473921454872807790e-01
1.181981981981982017e+03 2.520993292439372979e-01
1.183423423423423401e+03 2.567277141966503584e-01
1.184864864864864785e+03 2.612614626085295044e-01
1.186306306306306396e+03 2.656810456968941581e-01
1.187747747747747781e+03 2.699618429083963100e-01
1.189189189189189165e+03 2.740721890722005449e-01
1.190630630630630549e+03 2.779707025249270602e-01
1.192072072072071933e+03 2.816027972128661849e-01
1.193513513513513317e+03 2.848965965228982267e-01
1.194954954954954928e+03 2.877593426264866139e-01
1.196396396396396312e+03 2.900772121956088911e-01
1.197837837837837696e+03 2.917238716511956764e-01
1.199279279279279081e+03 2.925831548208224220e-01
1.200720720720720465e+03 2.925831548208224220e-01
1.202162162162162304e+03 2.917238716511958430e-01
1.203603603603603460e+03 2.900772121956093352e-01
1.205045045045045072e+03 2.877593426264864473e-01
1.206486486486486456e+03 2.848965965228987818e-01
1.207927927927927840e+03 2.816027972128666290e-01
1.209369369369369224e+03 2.779707025249282260e-01
1.210810810810810835e+03 2.740721890722006560e-01
1.212252252252252219e+03 2.699618429083973092e-01
1.213693693693693604e+03 2.656810456968941581e-01
1.215135135135134988e+03 2.612614626085305591e-01
1.216576576576576372e+03 2.567277141966503584e-01
1.218018018018017983e+03 2.520993292439377420e-01
1.219459459459459367e+03 2.473921454872818615e-01
1.220900900900900979e+03 2.426193103432694453e-01
1.222342342342342135e+03 2.377919992009553396e-01
1.223783783783783747e+03 2.329199363731522809e-01
1.225225225225225131e+03 2.280117786685107173e-01
1.226666666666666742e+03 2.230754035570035043e-01
1.228108108108107899e+03 2.181181315064131265e-01
1.229549549549549511e+03 2.131469037349204010e-01
1.230990990990990895e+03 2.081684311760009232e-01
1.232432432432432506e+03 2.031893270756739700e-01
1.233873873873873663e+03 1.982162338334283458e-01
1.235315315315315274e+03 1.932559541966341610e-01
1.236756756756756658e+03 1.883155976767838524e-01
1.238198198198198043e+03 1.834027552423370677e-01
1.239639639639639654e+03 1.785257193859179081e-01
1.241081081081081038e+03 1.736937733522877503e-01
1.242522522522522422e+03 1.689175839736016260e-01
1.243963963963963806e+03 1.642097493254437712e-01
1.245405405405405418e+03 1.595855785997172260e-01
1.246846846846846574e+03 1.550642219747312978e-01
1.248288288288288186e+03 1.506703286776396866e-01
1.249729729729729570e+03 1.464364952042910284e-01
1.251171171171171181e+03 1.424068595535656345e-01
1.252612612612612338e+03 1.386422265682241417e-01
1.254054054054053950e+03 1.352268162628515458e-01
1.255495495495495561e+03 1.322754259573622748e-01
1.256936936936936945e+03 1.299362453824896846e-01
1.258378378378378329e+03 1.283785145983580844e-01
1.259819819819819713e+03 1.277526153621081073e-01
1.261261261261261097e+03 1.281300801243444865e-01
1.262702702702702481e+03 1.294669191183025758e-01
1.264144144144144093e+03 1.316267895682620981e-01
1.265585585585585477e+03 1.344402307600450763e-01
1.267027027027026861e+03 1.377517220962299338e-01
1.268468468468468245e+03 1.414380252188097431e-01
1.269909909909909857e+03 1.454078989855057680e-01
1.271351351351351013e+03 1.495953712481730979e-01
1.272792792792792852e+03 1.539526844249207438e-01
1.274234234234234236e+03 1.584447472690025394e-01
1.275675675675675620e+03 1.630451912726394170e-01
1.277117117117117004e+03 1.677336725914508886e-01
1.278558558558558389e+03 1.724940447370323093e-01
1.280000000000000000e+03 1.773131162424048668e-01
1.281441441441441384e+03 1.821797963042499635e-01
1.282882882882882768e+03 1.870844976201907761e-01
1.284324324324324152e+03 1.920187104801139022e-01
1.285765765765765764e+03 1.969746913956779977e-01
1.287207207207207148e+03 2.019452283084051669e-01
1.288648648648648532e+03 2.069234563642849967e-01
1.290090090090089916e+03 2.119027057738940567e-01
1.291531531531531300e+03 2.168763678901740599e-01
1.292972972972973139e+03 2.218377682345345214e-01
1.294414414414414296e+03 2.267800362926478408e-01
1.295855855855855907e+03 2.316959617111995218e-01
1.297297297297297291e+03 2.365778250606525301e-01
1.298738738738738675e+03 2.414171883817891329e-01
1.300180180180180059e+03 2.462046258659024711e-01
1.301621621621621671e+03 2.509293675023131498e-01
1.303063063063063055e+03 2.555788172792000656e-01
1.304504504504504212e+03 2.601378910886836815e-01
1.305945945945945823e+03 2.645880962543666892e-01
1.307387387387387207e+03 2.689062437957028817e-01
1.308828828828828819e+03 2.730626494023332129e-01
1.310270270270270203e+03 2.770186556261483024e-01
1.311711711711711814e+03 2.807233464033853099e-01
1.313153153153152971e+03 2.841095556860837035e-01
1.314594594594594582e+03 2.870899692831224703e-01
1.316036036036035966e+03 2.895556797609897259e-01
1.317477477477477350e+03 2.913819617115394611e-01
1.318918918918918735e+03 2.924471703887608909e-01
1.320360360360360346e+03 2.926650623970313281e-01
1.321801801801801730e+03 2.920163511334047390e-01
1.323243243243243342e+03 2.905567536430369024e-01
1.324684684684684498e+03 2.883947320892890631e-01
1.326126126126125882e+03 2.856568048542403315e-01
1.327567567567567494e+03 2.824612084099370479e-01
1.329009009009008878e+03 2.789061828105549035e-01
1.330450450450450489e+03 2.750685532080131557e-01
1.331891891891891873e+03 2.710068357249763582e-01
1.333333333333333258e+03 2.667653549543313463e-01
1.334774774774774642e+03 2.623779233064919558e-01
1.336216216216216253e+03 2.578707141004839554e-01
1.337657657657657410e+03 2.532643790190277078e-01
1.339099099099099021e+03 2.485755714020761453e-01
1.340540540540540405e+03 2.438180345539559535e-01
1.341981981981982017e+03 2.390033815134332273e-01
1.343423423423423174e+03 2.341416588693110701e-01
1.344864864864865012e+03 2.292417601481512857e-01
1.346306306306306169e+03 2.243117346544721002e-01
1.347747747747747553e+03 2.193590240042224415e-01
1.349189189189189165e+03 2.143906493700822036e-01
1.350630630630630549e+03 2.094133663767421272e-01
1.352072072072071933e+03 2.044338007481620589e-01
1.353513513513513544e+03 1.994585756413680133e-01
1.354954954954954928e+03 1.944944407855162261e-01
1.356396396396396085e+03 1.895484139815739877e-01
1.357837837837837696e+03 1.846279473186350495e-01
1.359279279279279081e+03 1.797411339841867572e-01
1.360720720720720692e+03 1.748969774733805382e-01
1.362162162162162076e+03 1.701057545067574672e-01
1.363603603603603688e+03 1.653795179484014999e-01
1.365045045045044844e+03 1.607328094566964072e-01
1.366486486486486228e+03 1.561836879051639870e-01
1.367927927927928067e+03 1.517552344911128615e-01
1.369369369369369224e+03 1.474777735542317225e-01
1.370810810810810608e+03 1.433921428261517306e-01
1.372252252252252219e+03 1.395544060730547764e-01
1.373693693693693604e+03 1.360422308196843066e-01
1.375135135135135215e+03 1.329622031719645547e-01
1.376576576576576599e+03 1.304544862607180944e-01
1.378018018018017756e+03 1.286855884199865352e-01
1.379459459459459367e+03 1.278159370580802812e-01
1.380900900900900751e+03 1.279420833479968933e-01
1.382342342342342135e+03 1.290491811334515682e-01
1.383783783783783747e+03 1.310189120375247762e-01
1.385225225225225131e+03 1.336846040755610421e-01
1.386666666666666742e+03 1.368844837655780466e-01
1.388108108108107899e+03 1.404867908803426046e-01
1.389549549549549738e+03 1.443928148488755892e-01
1.390990990990990895e+03 1.485309680895189888e-01
1.392432432432432279e+03 1.528495269325450545e-01
1.393873873873873890e+03 1.573106608909725646e-01
1.395315315315315274e+03 1.618861154226989285e-01
1.396756756756756431e+03 1.665542401990998678e-01
1.398198198198198270e+03 1.712979747349763771e-01
1.399639639639639427e+03 1.761034813992139458e-01
1.401081081081080811e+03 1.809592085044147147e-01
1.402522522522522422e+03 1.858552383416769427e-01
1.403963963963963806e+03 1.907828247038624025e-01
1.405405405405405418e+03 1.957340570325240281e-01
1.406846846846846802e+03 2.007016092965387133e-01
1.408288288288288413e+03 2.056785450929771164e-01
1.409729729729729570e+03 2.106581589264278354e-01
1.411171171171170954e+03 2.156338388618285196e-01
1.412612612612612565e+03 2.205989387875389174e-01
1.414054054054053950e+03 2.255466499622486576e-01
1.415495495495495334e+03 2.304698616407559464e-01
1.416936936936936945e+03 2.353609994374116776e-01
1.418378378378378102e+03 2.402118275402352066e-01
1.419819819819819486e+03 2.450131965568712045e-01
1.421261261261261325e+03 2.497547120059731285e-01
1.422702702702702481e+03 2.544242882756403423e-01
1.424144144144144093e+03 2.590075378852667032e-01
1.425585585585585477e+03 2.634869244889285200e-01
1.427027027027027088e+03 2.678405790898404359e-01
1.428468468468468245e+03 2.720406441122227292e-01
1.429909909909909857e+03 2.760509807632056112e-01
1.431351351351351241e+03 2.798240901776261613e-01
1.432792792792792625e+03 2.832972624516025828e-01
1.434234234234234009e+03 2.863885130983350735e-01
1.435675675675675620e+03 2.889941783697600464e-01
1.437117117117116777e+03 2.909923127986124292e-01
1.438558558558558616e+03 2.922578846573197775e-01
1.440000000000000000e+03 2.926924182299651678e-01
