# Theta(deg)	State0	State1	State2	State3
0.000000	0.000000000000	-0.000000000000	-0.000000000000	0.000000000000
0.576461	0.000000000000	-0.005030572704	-0.005030572704	0.000000000000
1.152922	0.000000000000	-0.010061145408	-0.010061145408	0.000000000000
1.729384	0.000000000000	-0.015091718112	-0.015091718112	0.000000000000
2.305845	0.000000000000	-0.020122290816	-0.020122290816	0.000000000000
2.882306	0.000000000000	-0.025152863520	-0.025152863520	0.000000000000
3.458767	0.000000000000	-0.030183436223	-0.030183436223	0.000000000000
4.035228	0.000000000000	-0.035214008927	-0.035214008927	0.000000000000
4.611689	0.000000000000	-0.040244581631	-0.040244581631	0.000000000000
5.188151	0.000000000000	-0.045275154335	-0.045275154335	0.000000000000
5.764612	0.000000000000	-0.050305727039	-0.050305727039	0.000000000000
6.341073	0.000000000000	-0.055336299743	-0.055336299743	0.000000000000
6.917534	0.000000000000	-0.060366872447	-0.060366872447	0.000000000000
7.493995	0.000000000000	-0.065397445151	-0.065397445151	0.000000000000
8.070456	0.000000000000	-0.070428017855	-0.070428017855	0.000000000000
8.646918	0.000000000000	-0.075458590559	-0.075458590559	0.000000000000
9.223379	0.000000000000	-0.080489163263	-0.080489163263	0.000000000000
9.799840	0.000000000000	-0.085519735966	-0.085519735966	0.000000000000
10.376301	0.000000000000	-0.090550308670	-0.090550308670	0.000000000000
10.952762	0.000000000000	-0.095580881374	-0.095580881374	0.000000000000
11.529223	0.000000000000	-0.100611454078	-0.100611454078	0.000000000000
12.105685	0.000000000000	-0.105642026782	-0.105642026782	0.000000000000
12.682146	0.000000000000	-0.110672599486	-0.110672599486	0.000000000000
13.258607	0.000000000000	-0.115703172190	-0.115703172190	0.000000000000
13.835068	0.000000000000	-0.120733744894	-0.120733744894	0.000000000000
14.411529	0.000000000000	-0.125764317598	-0.125764317598	0.000000000000
14.987990	0.000000000000	-0.130794890302	-0.130794890302	0.000000000000
15.564452	0.000000000000	-0.135825463005	-0.135825463005	0.000000000000
16.140913	0.000000000000	-0.140856035709	-0.140856035709	0.000000000000
16.717374	0.000000000000	-0.145886608413	-0.145886608413	0.000000000000
17.293835	0.000000000000	-0.150917181117	-0.150917181117	0.000000000000
17.870296	0.000000000000	-0.155947753821	-0.155947753821	0.000000000000
18.446757	0.000000000000	-0.160978326525	-0.160978326525	0.000000000000
19.023219	0.000000000000	-0.166008899229	-0.166008899229	0.000000000000
19.599680	0.000000000000	-0.171039471933	-0.171039471933	0.000000000000
20.176141	0.000000000000	-0.176070044637	-0.176070044637	0.000000000000
20.752602	0.000000000000	-0.181100617341	-0.181100617341	0.000000000000
21.329063	0.000000000000	-0.186131190045	-0.186131190045	0.000000000000
21.905524	0.000000000000	-0.191161762748	-0.191161762748	0.000000000000
22.481986	0.000000000000	-0.196192335452	-0.196192335452	0.000000000000
23.058447	0.000000000000	-0.201222908156	-0.201222908156	0.000000000000
23.634908	0.000000000000	-0.206253480860	-0.206253480860	0.000000000000
24.211369	0.000000000000	-0.211284053564	-0.211284053564	0.000000000000
24.787830	0.000000000000	-0.216314626268	-0.216314626268	0.000000000000
25.364291	0.000000000000	-0.221345198972	-0.221345198972	0.000000000000
25.940753	0.000000000000	-0.226375771676	-0.226375771676	0.000000000000
26.517214	0.000000000000	-0.231406344380	-0.231406344380	0.000000000000
27.093675	0.000000000000	-0.236436917084	-0.236436917084	0.000000000000
27.670136	0.000000000000	-0.241467489788	-0.241467489788	0.000000000000
28.246597	0.000000000000	-0.246498062491	-0.246498062491	0.000000000000
28.823058	0.000000000000	-0.251528635195	-0.251528635195	0.000000000000
29.399520	0.000000000000	-0.256559207899	-0.256559207899	0.000000000000
29.975981	0.000000000000	-0.261589780603	-0.261589780603	0.000000000000
30.552442	0.000000000000	-0.266620353307	-0.266620353307	0.000000000000
31.128903	0.000000000000	-0.271650926011	-0.271650926011	0.000000000000
31.705364	0.000000000000	-0.276681498715	-0.276681498715	0.000000000000
32.281825	0.000000000000	-0.281712071419	-0.281712071419	0.000000000000
32.858287	0.000000000000	-0.286742644123	-0.286742644123	0.000000000000
33.434748	0.000000000000	-0.291773216827	-0.291773216827	0.000000000000
34.011209	0.000000000000	-0.296803789531	-0.296803789531	0.000000000000
34.587670	0.000000000000	-0.301834362234	-0.301834362234	0.000000000000
35.164131	0.000000000000	-0.306864934938	-0.306864934938	0.000000000000
35.740592	0.000000000000	-0.311895507642	-0.311895507642	0.000000000000
36.317054	0.000000000000	-0.316926080346	-0.316926080346	0.000000000000
36.893515	0.000000000000	-0.321956653050	-0.321956653050	0.000000000000
37.469976	0.000000000000	-0.326987225754	-0.326987225754	0.000000000000
38.046437	0.000000000000	-0.332017798458	-0.332017798458	0.000000000000
38.622898	0.000000000000	-0.337048371162	-0.337048371162	0.000000000000
39.199359	0.000000000000	-0.342078943866	-0.342078943866	0.000000000000
39.775821	0.000000000000	-0.347109516570	-0.347109516570	0.000000000000
40.352282	0.000000000000	-0.352140089273	-0.352140089273	0.000000000000
40.928743	0.000000000000	-0.357170661977	-0.357170661977	0.000000000000
41.505204	0.000000000000	-0.362201234681	-0.362201234681	0.000000000000
42.081665	0.000000000000	-0.367231807385	-0.367231807385	0.000000000000
42.658127	0.000000000000	-0.372262380089	-0.372262380089	0.000000000000
43.234588	0.000000000000	-0.377292952793	-0.377292952793	0.000000000000
43.811049	0.000000000000	-0.382323525497	-0.382323525497	0.000000000000
44.387510	0.000000000000	-0.387354098201	-0.387354098201	0.000000000000
44.963971	0.000000000000	-0.392384670905	-0.392384670905	0.000000000000
45.540432	0.000000000000	-0.397415243609	-0.397415243609	0.000000000000
46.116894	0.000000000000	-0.402445816313	-0.402445816313	0.000000000000
46.693355	0.000000000000	-0.407476389016	-0.407476389016	0.000000000000
47.269816	0.000000000000	-0.412506961720	-0.412506961720	0.000000000000
47.846277	0.000000000000	-0.417537534424	-0.417537534424	0.000000000000
48.422738	0.000000000000	-0.422568107128	-0.422568107128	0.000000000000
48.999199	0.000000000000	-0.427598679832	-0.427598679832	0.000000000000
49.575661	0.000000000000	-0.432629252536	-0.432629252536	0.000000000000
50.152122	0.000000000000	-0.437659825240	-0.437659825240	0.000000000000
50.728583	0.000000000000	-0.442690397944	-0.442690397944	0.000000000000
51.305044	0.000000000000	-0.447720970648	-0.447720970648	0.000000000000
51.881505	0.000000000000	-0.452751543352	-0.452751543352	0.000000000000
52.457966	0.000000000000	-0.457782116056	-0.457782116056	0.000000000000
53.034428	0.000000000000	-0.462812688759	-0.462812688759	0.000000000000
53.610889	0.000000000000	-0.467843261463	-0.467843261463	0.000000000000
54.187350	0.000000000000	-0.472873834167	-0.472873834167	0.000000000000
54.763811	0.000000000000	-0.477904406871	-0.477904406871	0.000000000000
55.340272	0.000000000000	-0.482934979575	-0.482934979575	0.000000000000
55.916733	0.000000000000	-0.487965552279	-0.487965552279	0.000000000000
56.493195	0.000000000000	-0.492996124983	-0.492996124983	0.000000000000
57.069656	0.000000000000	-0.498026697687	-0.498026697687	0.000000000000
57.646117	0.000000000000	-0.503057270391	-0.503057270391	0.000000000000
58.222578	0.000000000000	-0.508087843095	-0.508087843095	0.000000000000
58.799039	0.000000000000	-0.513118415798	-0.513118415798	0.000000000000
59.375500	0.000000000000	-0.518148988502	-0.518148988502	0.000000000000
59.951962	0.000000000000	-0.523179561206	-0.523179561206	0.000000000000
60.528423	0.000000000000	-0.528210133910	-0.528210133910	0.000000000000
61.104884	0.000000000000	-0.533240706614	-0.533240706614	0.000000000000
61.681345	0.000000000000	-0.538271279318	-0.538271279318	0.000000000000
62.257806	0.000000000000	-0.543301852022	-0.543301852022	0.000000000000
62.834267	0.000000000000	-0.548332424726	-0.548332424726	0.000000000000
63.410729	0.000000000000	-0.553362997430	-0.553362997430	0.000000000000
63.987190	0.000000000000	-0.558393570134	-0.558393570134	0.000000000000
64.563651	0.000000000000	-0.563424142838	-0.563424142838	0.000000000000
65.140112	0.000000000000	-0.568454715541	-0.568454715541	0.000000000000
65.716573	0.000000000000	-0.573485288245	-0.573485288245	0.000000000000
66.293034	0.000000000000	-0.578515860949	-0.578515860949	0.000000000000
66.869496	0.000000000000	-0.583546433653	-0.583546433653	0.000000000000
67.445957	0.000000000000	-0.588577006357	-0.588577006357	0.000000000000
68.022418	0.000000000000	-0.593607579061	-0.593607579061	0.000000000000
68.598879	0.000000000000	-0.598638151765	-0.598638151765	0.000000000000
69.175340	0.000000000000	-0.603668724469	-0.603668724469	0.000000000000
69.751801	0.000000000000	-0.608699297173	-0.608699297173	0.000000000000
70.328263	0.000000000000	-0.613729869877	-0.613729869877	0.000000000000
70.904724	0.000000000000	-0.618760442581	-0.618760442581	0.000000000000
71.481185	0.000000000000	-0.623791015284	-0.623791015284	0.000000000000
72.057646	0.000000000000	-0.628821587988	-0.628821587988	0.000000000000
72.634107	0.000000000000	-0.633852160692	-0.633852160692	0.000000000000
73.210568	0.000000000000	-0.638882733396	-0.638882733396	0.000000000000
73.787030	0.000000000000	-0.643913306100	-0.643913306100	0.000000000000
74.363491	0.000000000000	-0.648943878804	-0.648943878804	0.000000000000
74.939952	0.000000000000	-0.653974451508	-0.653974451508	0.000000000000
75.516413	0.000000000000	-0.659005024212	-0.659005024212	0.000000000000
76.092874	0.000000000000	-0.664035596916	-0.664035596916	0.000000000000
76.669335	0.000000000000	-0.669066169620	-0.669066169620	0.000000000000
77.245797	0.000000000000	-0.674096742324	-0.674096742324	0.000000000000
77.822258	0.000000000000	-0.679127315027	-0.679127315027	0.000000000000
78.398719	0.000000000000	-0.684157887731	-0.684157887731	0.000000000000
78.975180	0.000000000000	-0.689188460435	-0.689188460435	0.000000000000
79.551641	0.000000000000	-0.694219033139	-0.694219033139	0.000000000000
80.128102	0.000000000000	-0.699249605843	-0.699249605843	0.000000000000
80.704564	0.000000000000	-0.704280178547	-0.704280178547	0.000000000000
81.281025	0.000000000000	-0.709310751251	-0.709310751251	0.000000000000
81.857486	0.000000000000	-0.714341323955	-0.714341323955	0.000000000000
82.433947	0.000000000000	-0.719371896659	-0.719371896659	0.000000000000
83.010408	0.000000000000	-0.724402469363	-0.724402469363	0.000000000000
83.586869	0.000000000000	-0.729433042066	-0.729433042066	0.000000000000
84.163331	0.000000000000	-0.734463614770	-0.734463614770	0.000000000000
84.739792	0.000000000000	-0.739494187474	-0.739494187474	0.000000000000
85.316253	0.000000000000	-0.744524760178	-0.744524760178	0.000000000000
85.892714	0.000000000000	-0.749555332882	-0.749555332882	0.000000000000
86.469175	0.000000000000	-0.754585905586	-0.754585905586	0.000000000000
87.045637	0.000000000000	-0.759616478290	-0.759616478290	0.000000000000
87.622098	0.000000000000	-0.764647050994	-0.764647050994	0.000000000000
88.198559	0.000000000000	-0.769677623698	-0.769677623698	0.000000000000
88.775020	0.000000000000	-0.774708196402	-0.774708196402	0.000000000000
89.351481	0.000000000000	-0.779738769106	-0.779738769106	0.000000000000
89.927942	0.000000000000	-0.784769341809	-0.784769341809	0.000000000000
90.504404	0.000000000000	-0.789799914513	-0.789799914513	0.000000000000
91.080865	0.000000000000	-0.794830487217	-0.794830487217	0.000000000000
91.657326	0.000000000000	-0.799861059921	-0.799861059921	0.000000000000
92.233787	0.000000000000	-0.804891632625	-0.804891632625	0.000000000000
92.810248	0.000000000000	-0.809922205329	-0.809922205329	0.000000000000
93.386709	0.000000000000	-0.814952778033	-0.814952778033	0.000000000000
93.963171	0.000000000000	-0.819983350737	-0.819983350737	0.000000000000
94.539632	0.000000000000	-0.825013923441	-0.825013923441	0.000000000000
95.116093	0.000000000000	-0.830044496145	-0.830044496145	0.000000000000
95.692554	0.000000000000	-0.835075068849	-0.835075068849	0.000000000000
96.269015	0.000000000000	-0.840105641552	-0.840105641552	0.000000000000
96.845476	0.000000000000	-0.845136214256	-0.845136214256	0.000000000000
97.421938	0.000000000000	-0.850166786960	-0.850166786960	0.000000000000
97.998399	0.000000000000	-0.855197359664	-0.855197359664	0.000000000000
98.574860	0.000000000000	-0.860227932368	-0.860227932368	0.000000000000
99.151321	0.000000000000	-0.865258505072	-0.865258505072	0.000000000000
99.727782	0.000000000000	-0.870289077776	-0.870289077776	0.000000000000
100.304243	0.000000000000	-0.875319650480	-0.875319650480	0.000000000000
100.880705	0.000000000000	-0.880350223184	-0.880350223184	0.000000000000
101.457166	0.000000000000	-0.885380795888	-0.885380795888	0.000000000000
102.033627	0.000000000000	-0.890411368592	-0.890411368592	0.000000000000
102.610088	0.000000000000	-0.895441941295	-0.895441941295	0.000000000000
103.186549	0.000000000000	-0.900472513999	-0.900472513999	0.000000000000
103.763010	0.000000000000	-0.905503086703	-0.905503086703	0.000000000000
104.339472	0.000000000000	-0.910533659407	-0.910533659407	0.000000000000
104.915933	0.000000000000	-0.915564232111	-0.915564232111	0.000000000000
105.492394	0.000000000000	-0.920594804815	-0.920594804815	0.000000000000
106.068855	0.000000000000	-0.925625377519	-0.925625377519	0.000000000000
106.645316	0.000000000000	-0.930655950223	-0.930655950223	0.000000000000
107.221777	0.000000000000	-0.935686522927	-0.935686522927	0.000000000000
107.798239	0.000000000000	-0.940717095631	-0.940717095631	0.000000000000
108.374700	0.000000000000	-0.945747668334	-0.945747668334	0.000000000000
108.951161	0.000000000000	-0.950778241038	-0.950778241038	0.000000000000
109.527622	0.000000000000	-0.955808813742	-0.955808813742	0.000000000000
110.104083	0.000000000000	-0.960839386446	-0.960839386446	0.000000000000
110.680544	0.000000000000	-0.965869959150	-0.965869959150	0.000000000000
111.257006	0.000000000000	-0.970900531854	-0.970900531854	0.000000000000
111.833467	0.000000000000	-0.975931104558	-0.975931104558	0.000000000000
112.409928	0.000000000000	-0.980961677262	-0.980961677262	0.000000000000
112.986389	0.000000000000	-0.985992249966	-0.985992249966	0.000000000000
113.562850	0.000000000000	-0.991022822670	-0.991022822670	0.000000000000
114.139311	0.000000000000	-0.996053395374	-0.996053395374	0.000000000000
114.715773	0.000000000000	-1.001083968077	-1.001083968077	0.000000000000
115.292234	0.000000000000	-1.006114540781	-1.006114540781	0.000000000000
115.868695	0.000000000000	-1.011145113485	-1.011145113485	0.000000000000
116.445156	0.000000000000	-1.016175686189	-1.016175686189	0.000000000000
117.021617	0.000000000000	-1.021206258893	-1.021206258893	0.000000000000
117.598078	0.000000000000	-1.026236831597	-1.026236831597	0.000000000000
118.174540	0.000000000000	-1.031267404301	-1.031267404301	0.000000000000
118.751001	0.000000000000	-1.036297977005	-1.036297977005	0.000000000000
119.327462	0.000000000000	-1.041328549709	-1.041328549709	0.000000000000
119.903923	0.000000000000	-1.046359122413	-1.046359122413	0.000000000000
120.480384	0.000000000000	-1.051389695117	-1.051389695117	0.000000000000
121.056845	0.000000000000	-1.056420267820	-1.056420267820	0.000000000000
121.633307	0.000000000000	-1.061450840524	-1.061450840524	0.000000000000
122.209768	0.000000000000	-1.066481413228	-1.066481413228	0.000000000000
122.786229	0.000000000000	-1.071511985932	-1.071511985932	0.000000000000
123.362690	0.000000000000	-1.076542558636	-1.076542558636	0.000000000000
123.939151	0.000000000000	-1.081573131340	-1.081573131340	0.000000000000
124.515612	0.000000000000	-1.086603704044	-1.086603704044	0.000000000000
125.092074	0.000000000000	-1.091634276748	-1.091634276748	0.000000000000
125.668535	0.000000000000	-1.096664849452	-1.096664849452	0.000000000000
126.244996	0.000000000000	-1.101695422156	-1.101695422156	0.000000000000
126.821457	0.000000000000	-1.106725994859	-1.106725994859	0.000000000000
127.397918	0.000000000000	-1.111756567563	-1.111756567563	0.000000000000
127.974380	0.000000000000	-1.116787140267	-1.116787140267	0.000000000000
128.550841	0.000000000000	-1.121817712971	-1.121817712971	0.000000000000
129.127302	0.000000000000	-1.126848285675	-1.126848285675	0.000000000000
129.703763	0.000000000000	-1.131878858379	-1.131878858379	0.000000000000
130.280224	0.000000000000	-1.136909431083	-1.136909431083	0.000000000000
130.856685	0.000000000000	-1.141940003787	-1.141940003787	0.000000000000
131.433147	0.000000000000	-1.146970576491	-1.146970576491	0.000000000000
132.009608	0.000000000000	-1.152001149195	-1.152001149195	0.000000000000
132.586069	0.000000000000	-1.157031721899	-1.157031721899	0.000000000000
133.162530	0.000000000000	-1.162062294602	-1.162062294602	0.000000000000
133.738991	0.000000000000	-1.167092867306	-1.167092867306	0.000000000000
134.315452	0.000000000000	-1.172123440010	-1.172123440010	0.000000000000
134.891914	0.000000000000	-1.177154012714	-1.177154012714	0.000000000000
135.468375	0.000000000000	-1.182184585418	-1.182184585418	0.000000000000
136.044836	0.000000000000	-1.187215158122	-1.187215158122	0.000000000000
136.621297	0.000000000000	-1.192245730826	-1.192245730826	0.000000000000
137.197758	0.000000000000	-1.197276303530	-1.197276303530	0.000000000000
137.774219	0.000000000000	-1.202306876234	-1.202306876234	0.000000000000
138.350681	0.000000000000	-1.207337448938	-1.207337448938	0.000000000000
138.927142	0.000000000000	-1.212368021642	-1.212368021642	0.000000000000
139.503603	0.000000000000	-1.217398594345	-1.217398594345	0.000000000000
140.080064	0.000000000000	-1.222429167049	-1.222429167049	0.000000000000
140.656525	0.000000000000	-1.227459739753	-1.227459739753	0.000000000000
141.232986	0.000000000000	-1.232490312457	-1.232490312457	0.000000000000
141.809448	0.000000000000	-1.237520885161	-1.237520885161	0.000000000000
142.385909	0.000000000000	-1.242551457865	-1.242551457865	0.000000000000
142.962370	0.000000000000	-1.247582030569	-1.247582030569	0.000000000000
143.538831	0.000000000000	-1.252612603273	-1.252612603273	0.000000000000
144.115292	0.000000000000	-1.257643175977	-1.257643175977	0.000000000000
144.691753	0.000000000000	-1.262673748681	-1.262673748681	0.000000000000
145.268215	0.000000000000	-1.267704321385	-1.267704321385	0.000000000000
145.844676	0.000000000000	-1.272734894088	-1.272734894088	0.000000000000
146.421137	0.000000000000	-1.277765466792	-1.277765466792	0.000000000000
146.997598	0.000000000000	-1.282796039496	-1.282796039496	0.000000000000
147.574059	0.000000000000	-1.287826612200	-1.287826612200	0.000000000000
148.150520	0.000000000000	-1.292857184904	-1.292857184904	0.000000000000
148.726982	0.000000000000	-1.297887757608	-1.297887757608	0.000000000000
149.303443	0.000000000000	-1.302918330312	-1.302918330312	0.000000000000
149.879904	0.000000000000	-1.307948903016	-1.307948903016	0.000000000000
150.456365	0.000000000000	-1.312979475720	-1.312979475720	0.000000000000
151.032826	0.000000000000	-1.318010048424	-1.318010048424	0.000000000000
151.609287	0.000000000000	-1.323040621127	-1.323040621127	0.000000000000
152.185749	0.000000000000	-1.328071193831	-1.328071193831	0.000000000000
152.762210	0.000000000000	-1.333101766535	-1.333101766535	0.000000000000
153.338671	0.000000000000	-1.338132339239	-1.338132339239	0.000000000000
153.915132	0.000000000000	-1.343162911943	-1.343162911943	0.000000000000
154.491593	0.000000000000	-1.348193484647	-1.348193484647	0.000000000000
155.068054	0.000000000000	-1.353224057351	-1.353224057351	0.000000000000
155.644516	0.000000000000	-1.358254630055	-1.358254630055	0.000000000000
156.220977	0.000000000000	-1.363285202759	-1.363285202759	0.000000000000
156.797438	0.000000000000	-1.368315775463	-1.368315775463	0.000000000000
157.373899	0.000000000000	-1.373346348167	-1.373346348167	0.000000000000
157.950360	0.000000000000	-1.378376920870	-1.378376920870	0.000000000000
158.526821	0.000000000000	-1.383407493574	-1.383407493574	0.000000000000
159.103283	0.000000000000	-1.388438066278	-1.388438066278	0.000000000000
159.679744	0.000000000000	-1.393468638982	-1.393468638982	0.000000000000
160.256205	0.000000000000	-1.398499211686	-1.398499211686	0.000000000000
160.832666	0.000000000000	-1.403529784390	-1.403529784390	0.000000000000
161.409127	0.000000000000	-1.408560357094	-1.408560357094	0.000000000000
161.985588	0.000000000000	-1.413590929798	-1.413590929798	0.000000000000
162.562050	0.000000000000	-1.418621502502	-1.418621502502	0.000000000000
163.138511	0.000000000000	-1.423652075206	-1.423652075206	0.000000000000
163.714972	0.000000000000	-1.428682647910	-1.428682647910	0.000000000000
164.291433	0.000000000000	-1.433713220613	-1.433713220613	0.000000000000
164.867894	0.000000000000	-1.438743793317	-1.438743793317	0.000000000000
165.444355	0.000000000000	-1.443774366021	-1.443774366021	0.000000000000
166.020817	0.000000000000	-1.448804938725	-1.448804938725	0.000000000000
166.597278	0.000000000000	-1.453835511429	-1.453835511429	0.000000000000
167.173739	0.000000000000	-1.458866084133	-1.458866084133	0.000000000000
167.750200	0.000000000000	-1.463896656837	-1.463896656837	0.000000000000
168.326661	0.000000000000	-1.468927229541	-1.468927229541	0.000000000000
168.903122	0.000000000000	-1.473957802245	-1.473957802245	0.000000000000
169.479584	0.000000000000	-1.478988374949	-1.478988374949	0.000000000000
170.056045	0.000000000000	-1.484018947653	-1.484018947653	0.000000000000
170.632506	0.000000000000	-1.489049520356	-1.489049520356	0.000000000000
171.208967	0.000000000000	-1.494080093060	-1.494080093060	0.000000000000
171.785428	0.000000000000	-1.499110665764	-1.499110665764	0.000000000000
172.361890	0.000000000000	-1.504141238468	-1.504141238468	0.000000000000
172.938351	0.000000000000	-1.509171811172	-1.509171811172	0.000000000000
173.514812	0.000000000000	-1.514202383876	-1.514202383876	0.000000000000
174.091273	0.000000000000	-1.519232956580	-1.519232956580	0.000000000000
174.667734	0.000000000000	-1.524263529284	-1.524263529284	0.000000000000
175.244195	0.000000000000	-1.529294101988	-1.529294101988	0.000000000000
175.820657	0.000000000000	-1.534324674692	-1.534324674692	0.000000000000
176.397118	0.000000000000	-1.539355247395	-1.539355247395	0.000000000000
176.973579	0.000000000000	-1.544385820099	-1.544385820099	0.000000000000
177.550040	0.000000000000	-1.549416392803	-1.549416392803	0.000000000000
178.126501	0.000000000000	-1.554446965507	-1.554446965507	0.000000000000
178.702962	0.000000000000	-1.559477538211	-1.559477538211	0.000000000000
179.279424	0.000000000000	-1.564508110915	-1.564508110915	0.000000000000
179.855885	0.000000000000	-1.569538683619	-1.569538683619	0.000000000000
180.432346	0.000000000000	-1.574569256323	-1.574569256323	0.000000000000
181.008807	0.000000000000	-1.579599829027	-1.579599829027	0.000000000000
181.585268	0.000000000000	-1.584630401731	-1.584630401731	0.000000000000
182.161729	0.000000000000	-1.589660974435	-1.589660974435	0.000000000000
182.738191	0.000000000000	-1.594691547138	-1.594691547138	0.000000000000
183.314652	0.000000000000	-1.599722119842	-1.599722119842	0.000000000000
183.891113	0.000000000000	-1.604752692546	-1.604752692546	0.000000000000
184.467574	0.000000000000	-1.609783265250	-1.609783265250	0.000000000000
185.044035	0.000000000000	-1.614813837954	-1.614813837954	0.000000000000
185.620496	0.000000000000	-1.619844410658	-1.619844410658	0.000000000000
186.196958	0.000000000000	-1.624874983362	-1.624874983362	0.000000000000
186.773419	0.000000000000	-1.629905556066	-1.629905556066	0.000000000000
187.349880	0.000000000000	-1.634936128770	-1.634936128770	0.000000000000
187.926341	0.000000000000	-1.639966701474	-1.639966701474	0.000000000000
188.502802	0.000000000000	-1.644997274178	-1.644997274178	0.000000000000
189.079263	0.000000000000	-1.650027846881	-1.650027846881	0.000000000000
189.655725	0.000000000000	-1.655058419585	-1.655058419585	0.000000000000
190.232186	0.000000000000	-1.660088992289	-1.660088992289	0.000000000000
190.808647	0.000000000000	-1.665119564993	-1.665119564993	0.000000000000
191.385108	0.000000000000	-1.670150137697	-1.670150137697	0.000000000000
191.961569	0.000000000000	-1.675180710401	-1.675180710401	0.000000000000
192.538030	0.000000000000	-1.680211283105	-1.680211283105	0.000000000000
193.114492	0.000000000000	-1.685241855809	-1.685241855809	0.000000000000
193.690953	0.000000000000	-1.690272428513	-1.690272428513	0.000000000000
194.267414	0.000000000000	-1.695303001217	-1.695303001217	0.000000000000
194.843875	0.000000000000	-1.700333573920	-1.700333573920	0.000000000000
195.420336	0.000000000000	-1.705364146624	-1.705364146624	0.000000000000
195.996797	0.000000000000	-1.710394719328	-1.710394719328	0.000000000000
196.573259	0.000000000000	-1.715425292032	-1.715425292032	0.000000000000
197.149720	0.000000000000	-1.720455864736	-1.720455864736	0.000000000000
197.726181	0.000000000000	-1.725486437440	-1.725486437440	0.000000000000
198.302642	0.000000000000	-1.730517010144	-1.730517010144	0.000000000000
198.879103	0.000000000000	-1.735547582848	-1.735547582848	0.000000000000
199.455564	0.000000000000	-1.740578155552	-1.740578155552	0.000000000000
200.032026	0.000000000000	-1.745608728256	-1.745608728256	0.000000000000
200.608487	0.000000000000	-1.750639300960	-1.750639300960	0.000000000000
201.184948	0.000000000000	-1.755669873663	-1.755669873663	0.000000000000
201.761409	0.000000000000	-1.760700446367	-1.760700446367	0.000000000000
202.337870	0.000000000000	-1.765731019071	-1.765731019071	0.000000000000
202.914331	0.000000000000	-1.770761591775	-1.770761591775	0.000000000000
203.490793	0.000000000000	-1.775792164479	-1.775792164479	0.000000000000
204.067254	0.000000000000	-1.780822737183	-1.780822737183	0.000000000000
204.643715	0.000000000000	-1.785853309887	-1.785853309887	0.000000000000
205.220176	0.000000000000	-1.790883882591	-1.790883882591	0.000000000000
205.796637	0.000000000000	-1.795914455295	-1.795914455295	0.000000000000
206.373098	0.000000000000	-1.800945027999	-1.800945027999	0.000000000000
206.949560	0.000000000000	-1.805975600703	-1.805975600703	0.000000000000
207.526021	0.000000000000	-1.811006173406	-1.811006173406	0.000000000000
208.102482	0.000000000000	-1.816036746110	-1.816036746110	0.000000000000
208.678943	0.000000000000	-1.821067318814	-1.821067318814	0.000000000000
209.255404	0.000000000000	-1.826097891518	-1.826097891518	0.000000000000
209.831865	0.000000000000	-1.831128464222	-1.831128464222	0.000000000000
210.408327	0.000000000000	-1.836159036926	-1.836159036926	0.000000000000
210.984788	0.000000000000	-1.841189609630	-1.841189609630	0.000000000000
211.561249	0.000000000000	-1.846220182334	-1.846220182334	0.000000000000
212.137710	0.000000000000	-1.851250755038	-1.851250755038	0.000000000000
212.714171	0.000000000000	-1.856281327742	-1.856281327742	0.000000000000
213.290633	0.000000000000	-1.861311900446	-1.861311900446	0.000000000000
213.867094	0.000000000000	-1.866342473149	-1.866342473149	0.000000000000
214.443555	0.000000000000	-1.871373045853	-1.871373045853	0.000000000000
215.020016	0.000000000000	-1.876403618557	-1.876403618557	0.000000000000
215.596477	0.000000000000	-1.881434191261	-1.881434191261	0.000000000000
216.172938	0.000000000000	-1.886464763965	-1.886464763965	0.000000000000
216.749400	0.000000000000	-1.891495336669	-1.891495336669	0.000000000000
217.325861	0.000000000000	-1.896525909373	-1.896525909373	0.000000000000
217.902322	0.000000000000	-1.901556482077	-1.901556482077	0.000000000000
218.478783	0.000000000000	-1.906587054781	-1.906587054781	0.000000000000
219.055244	0.000000000000	-1.911617627485	-1.911617627485	0.000000000000
219.631705	0.000000000000	-1.916648200188	-1.916648200188	0.000000000000
220.208167	0.000000000000	-1.921678772892	-1.921678772892	0.000000000000
220.784628	0.000000000000	-1.926709345596	-1.926709345596	0.000000000000
221.361089	0.000000000000	-1.931739918300	-1.931739918300	0.000000000000
221.937550	0.000000000000	-1.936770491004	-1.936770491004	0.000000000000
222.514011	0.000000000000	-1.941801063708	-1.941801063708	0.000000000000
223.090472	0.000000000000	-1.946831636412	-1.946831636412	0.000000000000
223.666934	0.000000000000	-1.951862209116	-1.951862209116	0.000000000000
224.243395	0.000000000000	-1.956892781820	-1.956892781820	0.000000000000
224.819856	0.000000000000	-1.961923354524	-1.961923354524	0.000000000000
225.396317	0.000000000000	-1.966953927228	-1.966953927228	0.000000000000
225.972778	0.000000000000	-1.971984499931	-1.971984499931	0.000000000000
226.549239	0.000000000000	-1.977015072635	-1.977015072635	0.000000000000
227.125701	0.000000000000	-1.982045645339	-1.982045645339	0.000000000000
227.702162	0.000000000000	-1.987076218043	-1.987076218043	0.000000000000
228.278623	0.000000000000	-1.992106790747	-1.992106790747	0.000000000000
228.855084	0.000000000000	-1.997137363451	-1.997137363451	0.000000000000
229.431545	0.000000000000	-2.002167936155	-2.002167936155	0.000000000000
230.008006	0.000000000000	-2.007198508859	-2.007198508859	0.000000000000
230.584468	0.000000000000	-2.012229081563	-2.012229081563	0.000000000000
231.160929	0.000000000000	-2.017259654267	-2.017259654267	0.000000000000
231.737390	0.000000000000	-2.022290226971	-2.022290226971	0.000000000000
232.313851	0.000000000000	-2.027320799674	-2.027320799674	0.000000000000
232.890312	0.000000000000	-2.032351372378	-2.032351372378	0.000000000000
233.466773	0.000000000000	-2.037381945082	-2.037381945082	0.000000000000
234.043235	0.000000000000	-2.042412517786	-2.042412517786	0.000000000000
234.619696	0.000000000000	-2.047443090490	-2.047443090490	0.000000000000
235.196157	0.000000000000	-2.052473663194	-2.052473663194	0.000000000000
235.772618	0.000000000000	-2.057504235898	-2.057504235898	0.000000000000
236.349079	0.000000000000	-2.062534808602	-2.062534808602	0.000000000000
236.925540	0.000000000000	-2.067565381306	-2.067565381306	0.000000000000
237.502002	0.000000000000	-2.072595954010	-2.072595954010	0.000000000000
238.078463	0.000000000000	-2.077626526714	-2.077626526714	0.000000000000
238.654924	0.000000000000	-2.082657099417	-2.082657099417	0.000000000000
239.231385	0.000000000000	-2.087687672121	-2.087687672121	0.000000000000
239.807846	0.000000000000	-2.092718244825	-2.092718244825	0.000000000000
240.384307	0.000000000000	-2.097748817529	-2.097748817529	0.000000000000
240.960769	0.000000000000	-2.102779390233	-2.102779390233	0.000000000000
241.537230	0.000000000000	-2.107809962937	-2.107809962937	0.000000000000
242.113691	0.000000000000	-2.112840535641	-2.112840535641	0.000000000000
242.690152	0.000000000000	-2.117871108345	-2.117871108345	0.000000000000
243.266613	0.000000000000	-2.122901681049	-2.122901681049	0.000000000000
243.843074	0.000000000000	-2.127932253753	-2.127932253753	0.000000000000
244.419536	0.000000000000	-2.132962826456	-2.132962826456	0.000000000000
244.995997	0.000000000000	-2.137993399160	-2.137993399160	0.000000000000
245.572458	0.000000000000	-2.143023971864	-2.143023971864	0.000000000000
246.148919	0.000000000000	-2.148054544568	-2.148054544568	0.000000000000
246.725380	0.000000000000	-2.153085117272	-2.153085117272	0.000000000000
247.301841	0.000000000000	-2.158115689976	-2.158115689976	0.000000000000
247.878303	0.000000000000	-2.163146262680	-2.163146262680	0.000000000000
248.454764	0.000000000000	-2.168176835384	-2.168176835384	0.000000000000
249.031225	0.000000000000	-2.173207408088	-2.173207408088	0.000000000000
249.607686	0.000000000000	-2.178237980792	-2.178237980792	0.000000000000
250.184147	0.000000000000	-2.183268553496	-2.183268553496	0.000000000000
250.760608	0.000000000000	-2.188299126199	-2.188299126199	0.000000000000
251.337070	0.000000000000	-2.193329698903	-2.193329698903	0.000000000000
251.913531	0.000000000000	-2.198360271607	-2.198360271607	0.000000000000
252.489992	0.000000000000	-2.203390844311	-2.203390844311	0.000000000000
253.066453	0.000000000000	-2.208421417015	-2.208421417015	0.000000000000
253.642914	0.000000000000	-2.213451989719	-2.213451989719	0.000000000000
254.219376	0.000000000000	-2.218482562423	-2.218482562423	0.000000000000
254.795837	0.000000000000	-2.223513135127	-2.223513135127	0.000000000000
255.372298	0.000000000000	-2.228543707831	-2.228543707831	0.000000000000
255.948759	0.000000000000	-2.233574280535	-2.233574280535	0.000000000000
256.525220	0.000000000000	-2.238604853239	-2.238604853239	0.000000000000
257.101681	0.000000000000	-2.243635425942	-2.243635425942	0.000000000000
257.678143	0.000000000000	-2.248665998646	-2.248665998646	0.000000000000
258.254604	0.000000000000	-2.253696571350	-2.253696571350	0.000000000000
258.831065	0.000000000000	-2.258727144054	-2.258727144054	0.000000000000
259.407526	0.000000000000	-2.263757716758	-2.263757716758	0.000000000000
259.983987	0.000000000000	-2.268788289462	-2.268788289462	0.000000000000
260.560448	0.000000000000	-2.273818862166	-2.273818862166	0.000000000000
261.136910	0.000000000000	-2.278849434870	-2.278849434870	0.000000000000
261.713371	0.000000000000	-2.283880007574	-2.283880007574	0.000000000000
262.289832	0.000000000000	-2.288910580278	-2.288910580278	0.000000000000
262.866293	0.000000000000	-2.293941152981	-2.293941152981	0.000000000000
263.442754	0.000000000000	-2.298971725685	-2.298971725685	0.000000000000
264.019215	0.000000000000	-2.304002298389	-2.304002298389	0.000000000000
264.595677	0.000000000000	-2.309032871093	-2.309032871093	0.000000000000
265.172138	0.000000000000	-2.314063443797	-2.314063443797	0.000000000000
265.748599	0.000000000000	-2.319094016501	-2.319094016501	0.000000000000
266.325060	0.000000000000	-2.324124589205	-2.324124589205	0.000000000000
266.901521	0.000000000000	-2.329155161909	-2.329155161909	0.000000000000
267.477982	0.000000000000	-2.334185734613	-2.334185734613	0.000000000000
268.054444	0.000000000000	-2.339216307317	-2.339216307317	0.000000000000
268.630905	0.000000000000	-2.344246880021	-2.344246880021	0.000000000000
269.207366	0.000000000000	-2.349277452724	-2.349277452724	0.000000000000
269.783827	0.000000000000	-2.354308025428	-2.354308025428	0.000000000000
270.360288	0.000000000000	-2.359338598132	-2.359338598132	0.000000000000
270.936749	0.000000000000	-2.364369170836	-2.364369170836	0.000000000000
271.513211	0.000000000000	-2.369399743540	-2.369399743540	0.000000000000
272.089672	0.000000000000	-2.374430316244	-2.374430316244	0.000000000000
272.666133	0.000000000000	-2.379460888948	-2.379460888948	0.000000000000
273.242594	0.000000000000	-2.384491461652	-2.384491461652	0.000000000000
273.819055	0.000000000000	-2.389522034356	-2.389522034356	0.000000000000
274.395516	0.000000000000	-2.394552607060	-2.394552607060	0.000000000000
274.971978	0.000000000000	-2.399583179764	-2.399583179764	0.000000000000
275.548439	0.000000000000	-2.404613752467	-2.404613752467	0.000000000000
276.124900	0.000000000000	-2.409644325171	-2.409644325171	0.000000000000
276.701361	0.000000000000	-2.414674897875	-2.414674897875	0.000000000000
277.277822	0.000000000000	-2.419705470579	-2.419705470579	0.000000000000
277.854283	0.000000000000	-2.424736043283	-2.424736043283	0.000000000000
278.430745	0.000000000000	-2.429766615987	-2.429766615987	0.000000000000
279.007206	0.000000000000	-2.434797188691	-2.434797188691	0.000000000000
279.583667	0.000000000000	-2.439827761395	-2.439827761395	0.000000000000
280.160128	0.000000000000	-2.444858334099	-2.444858334099	0.000000000000
280.736589	0.000000000000	-2.449888906803	-2.449888906803	0.000000000000
281.313050	0.000000000000	-2.454919479507	-2.454919479507	0.000000000000
281.889512	0.000000000000	-2.459950052210	-2.459950052210	0.000000000000
282.465973	0.000000000000	-2.464980624914	-2.464980624914	0.000000000000
283.042434	0.000000000000	-2.470011197618	-2.470011197618	0.000000000000
283.618895	0.000000000000	-2.475041770322	-2.475041770322	0.000000000000
284.195356	0.000000000000	-2.480072343026	-2.480072343026	0.000000000000
284.771817	0.000000000000	-2.485102915730	-2.485102915730	0.000000000000
285.348279	0.000000000000	-2.490133488434	-2.490133488434	0.000000000000
285.924740	0.000000000000	-2.495164061138	-2.495164061138	0.000000000000
286.501201	0.000000000000	-2.500194633842	-2.500194633842	0.000000000000
287.077662	0.000000000000	-2.505225206546	-2.505225206546	0.000000000000
287.654123	0.000000000000	-2.510255779249	-2.510255779249	0.000000000000
288.230584	0.000000000000	-2.515286351953	-2.515286351953	0.000000000000
288.807046	0.000000000000	-2.520316924657	-2.520316924657	0.000000000000
289.383507	0.000000000000	-2.525347497361	-2.525347497361	0.000000000000
289.959968	0.000000000000	-2.530378070065	-2.530378070065	0.000000000000
290.536429	0.000000000000	-2.535408642769	-2.535408642769	0.000000000000
291.112890	0.000000000000	-2.540439215473	-2.540439215473	0.000000000000
291.689351	0.000000000000	-2.545469788177	-2.545469788177	0.000000000000
292.265813	0.000000000000	-2.550500360881	-2.550500360881	0.000000000000
292.842274	0.000000000000	-2.555530933585	-2.555530933585	0.000000000000
293.418735	0.000000000000	-2.560561506289	-2.560561506289	0.000000000000
293.995196	0.000000000000	-2.565592078992	-2.565592078992	0.000000000000
294.571657	0.000000000000	-2.570622651696	-2.570622651696	0.000000000000
295.148118	0.000000000000	-2.575653224400	-2.575653224400	0.000000000000
295.724580	0.000000000000	-2.580683797104	-2.580683797104	0.000000000000
296.301041	0.000000000000	-2.585714369808	-2.585714369808	0.000000000000
296.877502	0.000000000000	-2.590744942512	-2.590744942512	0.000000000000
297.453963	0.000000000000	-2.595775515216	-2.595775515216	0.000000000000
298.030424	0.000000000000	-2.600806087920	-2.600806087920	0.000000000000
298.606886	0.000000000000	-2.605836660624	-2.605836660624	0.000000000000
299.183347	0.000000000000	-2.610867233328	-2.610867233328	0.000000000000
299.759808	0.000000000000	-2.615897806032	-2.615897806032	0.000000000000
300.336269	0.000000000000	-2.620928378735	-2.620928378735	0.000000000000
300.912730	0.000000000000	-2.625958951439	-2.625958951439	0.000000000000
301.489191	0.000000000000	-2.630989524143	-2.630989524143	0.000000000000
302.065653	0.000000000000	-2.636020096847	-2.636020096847	0.000000000000
302.642114	0.000000000000	-2.641050669551	-2.641050669551	0.000000000000
303.218575	0.000000000000	-2.646081242255	-2.646081242255	0.000000000000
303.795036	0.000000000000	-2.651111814959	-2.651111814959	0.000000000000
304.371497	0.000000000000	-2.656142387663	-2.656142387663	0.000000000000
304.947958	0.000000000000	-2.661172960367	-2.661172960367	0.000000000000
305.524420	0.000000000000	-2.666203533071	-2.666203533071	0.000000000000
306.100881	0.000000000000	-2.671234105775	-2.671234105775	0.000000000000
306.677342	0.000000000000	-2.676264678478	-2.676264678478	0.000000000000
307.253803	0.000000000000	-2.681295251182	-2.681295251182	0.000000000000
307.830264	0.000000000000	-2.686325823886	-2.686325823886	0.000000000000
308.406725	0.000000000000	-2.691356396590	-2.691356396590	0.000000000000
308.983187	0.000000000000	-2.696386969294	-2.696386969294	0.000000000000
309.559648	0.000000000000	-2.701417541998	-2.701417541998	0.000000000000
310.136109	0.000000000000	-2.706448114702	-2.706448114702	0.000000000000
310.712570	0.000000000000	-2.711478687406	-2.711478687406	0.000000000000
311.289031	0.000000000000	-2.716509260110	-2.716509260110	0.000000000000
311.865492	0.000000000000	-2.721539832814	-2.721539832814	0.000000000000
312.441954	0.000000000000	-2.726570405517	-2.726570405517	0.000000000000
313.018415	0.000000000000	-2.731600978221	-2.731600978221	0.000000000000
313.594876	0.000000000000	-2.736631550925	-2.736631550925	0.000000000000
314.171337	0.000000000000	-2.741662123629	-2.741662123629	0.000000000000
314.747798	0.000000000000	-2.746692696333	-2.746692696333	0.000000000000
315.324259	0.000000000000	-2.751723269037	-2.751723269037	0.000000000000
315.900721	0.000000000000	-2.756753841741	-2.756753841741	0.000000000000
316.477182	0.000000000000	-2.761784414445	-2.761784414445	0.000000000000
317.053643	0.000000000000	-2.766814987149	-2.766814987149	0.000000000000
317.630104	0.000000000000	-2.771845559853	-2.771845559853	0.000000000000
318.206565	0.000000000000	-2.776876132557	-2.776876132557	0.000000000000
318.783026	0.000000000000	-2.781906705260	-2.781906705260	0.000000000000
319.359488	0.000000000000	-2.786937277964	-2.786937277964	0.000000000000
319.935949	0.000000000000	-2.791967850668	-2.791967850668	0.000000000000
320.512410	0.000000000000	-2.796998423372	-2.796998423372	0.000000000000
321.088871	0.000000000000	-2.802028996076	-2.802028996076	0.000000000000
321.665332	0.000000000000	-2.807059568780	-2.807059568780	0.000000000000
322.241793	0.000000000000	-2.812090141484	-2.812090141484	0.000000000000
322.818255	0.000000000000	-2.817120714188	-2.817120714188	0.000000000000
323.394716	0.000000000000	-2.822151286892	-2.822151286892	0.000000000000
323.971177	0.000000000000	-2.827181859596	-2.827181859596	0.000000000000
324.547638	0.000000000000	-2.832212432300	-2.832212432300	0.000000000000
325.124099	0.000000000000	-2.837243005003	-2.837243005003	0.000000000000
325.700560	0.000000000000	-2.842273577707	-2.842273577707	0.000000000000
326.277022	0.000000000000	-2.847304150411	-2.847304150411	0.000000000000
326.853483	0.000000000000	-2.852334723115	-2.852334723115	0.000000000000
327.429944	0.000000000000	-2.857365295819	-2.857365295819	0.000000000000
328.006405	0.000000000000	-2.862395868523	-2.862395868523	0.000000000000
328.582866	0.000000000000	-2.867426441227	-2.867426441227	0.000000000000
329.159327	0.000000000000	-2.872457013931	-2.872457013931	0.000000000000
329.735789	0.000000000000	-2.877487586635	-2.877487586635	0.000000000000
330.312250	0.000000000000	-2.882518159339	-2.882518159339	0.000000000000
330.888711	0.000000000000	-2.887548732043	-2.887548732043	0.000000000000
331.465172	0.000000000000	-2.892579304746	-2.892579304746	0.000000000000
332.041633	0.000000000000	-2.897609877450	-2.897609877450	0.000000000000
332.618094	0.000000000000	-2.902640450154	-2.902640450154	0.000000000000
333.194556	0.000000000000	-2.907671022858	-2.907671022858	0.000000000000
333.771017	0.000000000000	-2.912701595562	-2.912701595562	0.000000000000
334.347478	0.000000000000	-2.917732168266	-2.917732168266	0.000000000000
334.923939	0.000000000000	-2.922762740970	-2.922762740970	0.000000000000
335.500400	0.000000000000	-2.927793313674	-2.927793313674	0.000000000000
336.076861	0.000000000000	-2.932823886378	-2.932823886378	0.000000000000
336.653323	0.000000000000	-2.937854459082	-2.937854459082	0.000000000000
337.229784	0.000000000000	-2.942885031785	-2.942885031785	0.000000000000
337.806245	0.000000000000	-2.947915604489	-2.947915604489	0.000000000000
338.382706	0.000000000000	-2.952946177193	-2.952946177193	0.000000000000
338.959167	0.000000000000	-2.957976749897	-2.957976749897	0.000000000000
339.535629	0.000000000000	-2.963007322601	-2.963007322601	0.000000000000
340.112090	0.000000000000	-2.968037895305	-2.968037895305	0.000000000000
340.688551	0.000000000000	-2.973068468009	-2.973068468009	0.000000000000
341.265012	0.000000000000	-2.978099040713	-2.978099040713	0.000000000000
341.841473	0.000000000000	-2.983129613417	-2.983129613417	0.000000000000
342.417934	0.000000000000	-2.988160186121	-2.988160186121	0.000000000000
342.994396	0.000000000000	-2.993190758825	-2.993190758825	0.000000000000
343.570857	0.000000000000	-2.998221331528	-2.998221331528	0.000000000000
344.147318	0.000000000000	-3.003251904232	-3.003251904232	0.000000000000
344.723779	0.000000000000	-3.008282476936	-3.008282476936	0.000000000000
345.300240	0.000000000000	-3.013313049640	-3.013313049640	0.000000000000
345.876701	0.000000000000	-3.018343622344	-3.018343622344	0.000000000000
346.453163	0.000000000000	-3.023374195048	-3.023374195048	0.000000000000
347.029624	0.000000000000	-3.028404767752	-3.028404767752	0.000000000000
347.606085	0.000000000000	-3.033435340456	-3.033435340456	0.000000000000
348.182546	0.000000000000	-3.038465913160	-3.038465913160	0.000000000000
348.759007	0.000000000000	-3.043496485864	-3.043496485864	0.000000000000
349.335468	0.000000000000	-3.048527058568	-3.048527058568	0.000000000000
349.911930	0.000000000000	-3.053557631271	-3.053557631271	0.000000000000
350.488391	0.000000000000	-3.058588203975	-3.058588203975	0.000000000000
351.064852	0.000000000000	-3.063618776679	-3.063618776679	0.000000000000
351.641313	0.000000000000	-3.068649349383	-3.068649349383	0.000000000000
352.217774	0.000000000000	-3.073679922087	-3.073679922087	0.000000000000
352.794235	0.000000000000	-3.078710494791	-3.078710494791	0.000000000000
353.370697	0.000000000000	-3.083741067495	-3.083741067495	0.000000000000
353.947158	0.000000000000	-3.088771640199	-3.088771640199	0.000000000000
354.523619	0.000000000000	-3.093802212903	-3.093802212903	0.000000000000
355.100080	0.000000000000	-3.098832785607	-3.098832785607	0.000000000000
355.676541	0.000000000000	-3.103863358310	-3.103863358310	0.000000000000
356.253002	0.000000000000	-3.108893931014	-3.108893931014	0.000000000000
356.829464	0.000000000000	-3.113924503718	-3.113924503718	0.000000000000
357.405925	0.000000000000	-3.118955076422	-3.118955076422	0.000000000000
357.982386	0.000000000000	-3.123985649126	-3.123985649126	0.000000000000
358.558847	0.000000000000	-3.129016221830	-3.129016221830	0.000000000000
359.135308	0.000000000000	-3.134046794534	-3.134046794534	0.000000000000
359.711769	0.000000000000	-3.139077367238	-3.139077367238	0.000000000000
360.288231	0.000000000000	-3.139077367238	-3.139077367238	0.000000000000
360.864692	0.000000000000	-3.134046794534	-3.134046794534	0.000000000000
361.441153	0.000000000000	-3.129016221830	-3.129016221830	0.000000000000
362.017614	0.000000000000	-3.123985649126	-3.123985649126	0.000000000000
362.594075	0.000000000000	-3.118955076422	-3.118955076422	0.000000000000
363.170536	0.000000000000	-3.113924503718	-3.113924503718	0.000000000000
363.746998	0.000000000000	-3.108893931014	-3.108893931014	0.000000000000
364.323459	0.000000000000	-3.103863358310	-3.103863358310	0.000000000000
364.899920	0.000000000000	-3.098832785607	-3.098832785607	0.000000000000
365.476381	0.000000000000	-3.093802212903	-3.093802212903	0.000000000000
366.052842	0.000000000000	-3.088771640199	-3.088771640199	0.000000000000
366.629303	0.000000000000	-3.083741067495	-3.083741067495	0.000000000000
367.205765	0.000000000000	-3.078710494791	-3.078710494791	0.000000000000
367.782226	0.000000000000	-3.073679922087	-3.073679922087	0.000000000000
368.358687	0.000000000000	-3.068649349383	-3.068649349383	0.000000000000
368.935148	0.000000000000	-3.063618776679	-3.063618776679	0.000000000000
369.511609	0.000000000000	-3.058588203975	-3.058588203975	0.000000000000
370.088070	0.000000000000	-3.053557631271	-3.053557631271	0.000000000000
370.664532	0.000000000000	-3.048527058568	-3.048527058568	0.000000000000
371.240993	0.000000000000	-3.043496485864	-3.043496485864	0.000000000000
371.817454	0.000000000000	-3.038465913160	-3.038465913160	0.000000000000
372.393915	0.000000000000	-3.033435340456	-3.033435340456	0.000000000000
372.970376	0.000000000000	-3.028404767752	-3.028404767752	0.000000000000
373.546837	0.000000000000	-3.023374195048	-3.023374195048	0.000000000000
374.123299	0.000000000000	-3.018343622344	-3.018343622344	0.000000000000
374.699760	0.000000000000	-3.013313049640	-3.013313049640	0.000000000000
375.276221	0.000000000000	-3.008282476936	-3.008282476936	0.000000000000
375.852682	0.000000000000	-3.003251904232	-3.003251904232	0.000000000000
376.429143	0.000000000000	-2.998221331528	-2.998221331528	0.000000000000
377.005604	0.000000000000	-2.993190758825	-2.993190758825	0.000000000000
377.582066	0.000000000000	-2.988160186121	-2.988160186121	0.000000000000
378.158527	0.000000000000	-2.983129613417	-2.983129613417	0.000000000000
378.734988	0.000000000000	-2.978099040713	-2.978099040713	0.000000000000
379.311449	0.000000000000	-2.973068468009	-2.973068468009	0.000000000000
379.887910	0.000000000000	-2.968037895305	-2.968037895305	0.000000000000
380.464371	0.000000000000	-2.963007322601	-2.963007322601	0.000000000000
381.040833	0.000000000000	-2.957976749897	-2.957976749897	0.000000000000
381.617294	0.000000000000	-2.952946177193	-2.952946177193	0.000000000000
382.193755	0.000000000000	-2.947915604489	-2.947915604489	0.000000000000
382.770216	0.000000000000	-2.942885031785	-2.942885031785	0.000000000000
383.346677	0.000000000000	-2.937854459082	-2.937854459082	0.000000000000
383.923139	0.000000000000	-2.932823886378	-2.932823886378	0.000000000000
384.499600	0.000000000000	-2.927793313674	-2.927793313674	0.000000000000
385.076061	0.000000000000	-2.922762740970	-2.922762740970	0.000000000000
385.652522	0.000000000000	-2.917732168266	-2.917732168266	0.000000000000
386.228983	0.000000000000	-2.912701595562	-2.912701595562	0.000000000000
386.805444	0.000000000000	-2.907671022858	-2.907671022858	0.000000000000
387.381906	0.000000000000	-2.902640450154	-2.902640450154	0.000000000000
387.958367	0.000000000000	-2.897609877450	-2.897609877450	0.000000000000
388.534828	0.000000000000	-2.892579304746	-2.892579304746	0.000000000000
389.111289	0.000000000000	-2.887548732043	-2.887548732043	0.000000000000
389.687750	0.000000000000	-2.882518159339	-2.882518159339	0.000000000000
390.264211	0.000000000000	-2.877487586635	-2.877487586635	0.000000000000
390.840673	0.000000000000	-2.872457013931	-2.872457013931	0.000000000000
391.417134	0.000000000000	-2.867426441227	-2.867426441227	0.000000000000
391.993595	0.000000000000	-2.862395868523	-2.862395868523	0.000000000000
392.570056	0.000000000000	-2.857365295819	-2.857365295819	0.000000000000
393.146517	0.000000000000	-2.852334723115	-2.852334723115	0.000000000000
393.722978	0.000000000000	-2.847304150411	-2.847304150411	0.000000000000
394.299440	0.000000000000	-2.842273577707	-2.842273577707	0.000000000000
394.875901	0.000000000000	-2.837243005003	-2.837243005003	0.000000000000
395.452362	0.000000000000	-2.832212432300	-2.832212432300	0.000000000000
396.028823	0.000000000000	-2.827181859596	-2.827181859596	0.000000000000
396.605284	0.000000000000	-2.822151286892	-2.822151286892	0.000000000000
397.181745	0.000000000000	-2.817120714188	-2.817120714188	0.000000000000
397.758207	0.000000000000	-2.812090141484	-2.812090141484	0.000000000000
398.334668	0.000000000000	-2.807059568780	-2.807059568780	0.000000000000
398.911129	0.000000000000	-2.802028996076	-2.802028996076	0.000000000000
399.487590	0.000000000000	-2.796998423372	-2.796998423372	0.000000000000
400.064051	0.000000000000	-2.791967850668	-2.791967850668	0.000000000000
400.640512	0.000000000000	-2.786937277964	-2.786937277964	0.000000000000
401.216974	0.000000000000	-2.781906705260	-2.781906705260	0.000000000000
401.793435	0.000000000000	-2.776876132557	-2.776876132557	0.000000000000
402.369896	0.000000000000	-2.771845559853	-2.771845559853	0.000000000000
402.946357	0.000000000000	-2.766814987149	-2.766814987149	0.000000000000
403.522818	0.000000000000	-2.761784414445	-2.761784414445	0.000000000000
404.099279	0.000000000000	-2.756753841741	-2.756753841741	0.000000000000
404.675741	0.000000000000	-2.751723269037	-2.751723269037	0.000000000000
405.252202	0.000000000000	-2.746692696333	-2.746692696333	0.000000000000
405.828663	0.000000000000	-2.741662123629	-2.741662123629	0.000000000000
406.405124	0.000000000000	-2.736631550925	-2.736631550925	0.000000000000
406.981585	0.000000000000	-2.731600978221	-2.731600978221	0.000000000000
407.558046	0.000000000000	-2.726570405517	-2.726570405517	0.000000000000
408.134508	0.000000000000	-2.721539832814	-2.721539832814	0.000000000000
408.710969	0.000000000000	-2.716509260110	-2.716509260110	0.000000000000
409.287430	0.000000000000	-2.711478687406	-2.711478687406	0.000000000000
409.863891	0.000000000000	-2.706448114702	-2.706448114702	0.000000000000
410.440352	0.000000000000	-2.701417541998	-2.701417541998	0.000000000000
411.016813	0.000000000000	-2.696386969294	-2.696386969294	0.000000000000
411.593275	0.000000000000	-2.691356396590	-2.691356396590	0.000000000000
412.169736	0.000000000000	-2.686325823886	-2.686325823886	0.000000000000
412.746197	0.000000000000	-2.681295251182	-2.681295251182	0.000000000000
413.322658	0.000000000000	-2.676264678478	-2.676264678478	0.000000000000
413.899119	0.000000000000	-2.671234105775	-2.671234105775	0.000000000000
414.475580	0.000000000000	-2.666203533071	-2.666203533071	0.000000000000
415.052042	0.000000000000	-2.661172960367	-2.661172960367	0.000000000000
415.628503	0.000000000000	-2.656142387663	-2.656142387663	0.000000000000
416.204964	0.000000000000	-2.651111814959	-2.651111814959	0.000000000000
416.781425	0.000000000000	-2.646081242255	-2.646081242255	0.000000000000
417.357886	0.000000000000	-2.641050669551	-2.641050669551	0.000000000000
417.934347	0.000000000000	-2.636020096847	-2.636020096847	0.000000000000
418.510809	0.000000000000	-2.630989524143	-2.630989524143	0.000000000000
419.087270	0.000000000000	-2.625958951439	-2.625958951439	0.000000000000
419.663731	0.000000000000	-2.620928378735	-2.620928378735	0.000000000000
420.240192	0.000000000000	-2.615897806032	-2.615897806032	0.000000000000
420.816653	0.000000000000	-2.610867233328	-2.610867233328	0.000000000000
421.393114	0.000000000000	-2.605836660624	-2.605836660624	0.000000000000
421.969576	0.000000000000	-2.600806087920	-2.600806087920	0.000000000000
422.546037	0.000000000000	-2.595775515216	-2.595775515216	0.000000000000
423.122498	0.000000000000	-2.590744942512	-2.590744942512	0.000000000000
423.698959	0.000000000000	-2.585714369808	-2.585714369808	0.000000000000
424.275420	0.000000000000	-2.580683797104	-2.580683797104	0.000000000000
424.851882	0.000000000000	-2.575653224400	-2.575653224400	0.000000000000
425.428343	0.000000000000	-2.570622651696	-2.570622651696	0.000000000000
426.004804	0.000000000000	-2.565592078992	-2.565592078992	0.000000000000
426.581265	0.000000000000	-2.560561506289	-2.560561506289	0.000000000000
427.157726	0.000000000000	-2.555530933585	-2.555530933585	0.000000000000
427.734187	0.000000000000	-2.550500360881	-2.550500360881	0.000000000000
428.310649	0.000000000000	-2.545469788177	-2.545469788177	0.000000000000
428.887110	0.000000000000	-2.540439215473	-2.540439215473	0.000000000000
429.463571	0.000000000000	-2.535408642769	-2.535408642769	0.000000000000
430.040032	0.000000000000	-2.530378070065	-2.530378070065	0.000000000000
430.616493	0.000000000000	-2.525347497361	-2.525347497361	0.000000000000
431.192954	0.000000000000	-2.520316924657	-2.520316924657	0.000000000000
431.769416	0.000000000000	-2.515286351953	-2.515286351953	0.000000000000
432.345877	0.000000000000	-2.510255779249	-2.510255779249	0.000000000000
432.922338	0.000000000000	-2.505225206546	-2.505225206546	0.000000000000
433.498799	0.000000000000	-2.500194633842	-2.500194633842	0.000000000000
434.075260	0.000000000000	-2.495164061138	-2.495164061138	0.000000000000
434.651721	0.000000000000	-2.490133488434	-2.490133488434	0.000000000000
435.228183	0.000000000000	-2.485102915730	-2.485102915730	0.000000000000
435.804644	0.000000000000	-2.480072343026	-2.480072343026	0.000000000000
436.381105	0.000000000000	-2.475041770322	-2.475041770322	0.000000000000
436.957566	0.000000000000	-2.470011197618	-2.470011197618	0.000000000000
437.534027	0.000000000000	-2.464980624914	-2.464980624914	0.000000000000
438.110488	0.000000000000	-2.459950052210	-2.459950052210	0.000000000000
438.686950	0.000000000000	-2.454919479507	-2.454919479507	0.000000000000
439.263411	0.000000000000	-2.449888906803	-2.449888906803	0.000000000000
439.839872	0.000000000000	-2.444858334099	-2.444858334099	0.000000000000
440.416333	0.000000000000	-2.439827761395	-2.439827761395	0.000000000000
440.992794	0.000000000000	-2.434797188691	-2.434797188691	0.000000000000
441.569255	0.000000000000	-2.429766615987	-2.429766615987	0.000000000000
442.145717	0.000000000000	-2.424736043283	-2.424736043283	0.000000000000
442.722178	0.000000000000	-2.419705470579	-2.419705470579	0.000000000000
443.298639	0.000000000000	-2.414674897875	-2.414674897875	0.000000000000
443.875100	0.000000000000	-2.409644325171	-2.409644325171	0.000000000000
444.451561	0.000000000000	-2.404613752467	-2.404613752467	0.000000000000
445.028022	0.000000000000	-2.399583179764	-2.399583179764	0.000000000000
445.604484	0.000000000000	-2.394552607060	-2.394552607060	0.000000000000
446.180945	0.000000000000	-2.389522034356	-2.389522034356	0.000000000000
446.757406	0.000000000000	-2.384491461652	-2.384491461652	0.000000000000
447.333867	0.000000000000	-2.379460888948	-2.379460888948	0.000000000000
447.910328	0.000000000000	-2.374430316244	-2.374430316244	0.000000000000
448.486789	0.000000000000	-2.369399743540	-2.369399743540	0.000000000000
449.063251	0.000000000000	-2.364369170836	-2.364369170836	0.000000000000
449.639712	0.000000000000	-2.359338598132	-2.359338598132	0.000000000000
450.216173	0.000000000000	-2.354308025428	-2.354308025428	0.000000000000
450.792634	0.000000000000	-2.349277452724	-2.349277452724	0.000000000000
451.369095	0.000000000000	-2.344246880021	-2.344246880021	0.000000000000
451.945556	0.000000000000	-2.339216307317	-2.339216307317	0.000000000000
452.522018	0.000000000000	-2.334185734613	-2.334185734613	0.000000000000
453.098479	0.000000000000	-2.329155161909	-2.329155161909	0.000000000000
453.674940	0.000000000000	-2.324124589205	-2.324124589205	0.000000000000
454.251401	0.000000000000	-2.319094016501	-2.319094016501	0.000000000000
454.827862	0.000000000000	-2.314063443797	-2.314063443797	0.000000000000
455.404323	0.000000000000	-2.309032871093	-2.309032871093	0.000000000000
455.980785	0.000000000000	-2.304002298389	-2.304002298389	0.000000000000
456.557246	0.000000000000	-2.298971725685	-2.298971725685	0.000000000000
457.133707	0.000000000000	-2.293941152981	-2.293941152981	0.000000000000
457.710168	0.000000000000	-2.288910580278	-2.288910580278	0.000000000000
458.286629	0.000000000000	-2.283880007574	-2.283880007574	0.000000000000
458.863090	0.000000000000	-2.278849434870	-2.278849434870	0.000000000000
459.439552	0.000000000000	-2.273818862166	-2.273818862166	0.000000000000
460.016013	0.000000000000	-2.268788289462	-2.268788289462	0.000000000000
460.592474	0.000000000000	-2.263757716758	-2.263757716758	0.000000000000
461.168935	0.000000000000	-2.258727144054	-2.258727144054	0.000000000000
461.745396	0.000000000000	-2.253696571350	-2.253696571350	0.000000000000
462.321857	0.000000000000	-2.248665998646	-2.248665998646	0.000000000000
462.898319	0.000000000000	-2.243635425942	-2.243635425942	0.000000000000
463.474780	0.000000000000	-2.238604853239	-2.238604853239	0.000000000000
464.051241	0.000000000000	-2.233574280535	-2.233574280535	0.000000000000
464.627702	0.000000000000	-2.228543707831	-2.228543707831	0.000000000000
465.204163	0.000000000000	-2.223513135127	-2.223513135127	0.000000000000
465.780624	0.000000000000	-2.218482562423	-2.218482562423	0.000000000000
466.357086	0.000000000000	-2.213451989719	-2.213451989719	0.000000000000
466.933547	0.000000000000	-2.208421417015	-2.208421417015	0.000000000000
467.510008	0.000000000000	-2.203390844311	-2.203390844311	0.000000000000
468.086469	0.000000000000	-2.198360271607	-2.198360271607	0.000000000000
468.662930	0.000000000000	-2.193329698903	-2.193329698903	0.000000000000
469.239392	0.000000000000	-2.188299126199	-2.188299126199	0.000000000000
469.815853	0.000000000000	-2.183268553496	-2.183268553496	0.000000000000
470.392314	0.000000000000	-2.178237980792	-2.178237980792	0.000000000000
470.968775	0.000000000000	-2.173207408088	-2.173207408088	0.000000000000
471.545236	0.000000000000	-2.168176835384	-2.168176835384	0.000000000000
472.121697	0.000000000000	-2.163146262680	-2.163146262680	0.000000000000
472.698159	0.000000000000	-2.158115689976	-2.158115689976	0.000000000000
473.274620	0.000000000000	-2.153085117272	-2.153085117272	0.000000000000
473.851081	0.000000000000	-2.148054544568	-2.148054544568	0.000000000000
474.427542	0.000000000000	-2.143023971864	-2.143023971864	0.000000000000
475.004003	0.000000000000	-2.137993399160	-2.137993399160	0.000000000000
475.580464	0.000000000000	-2.132962826456	-2.132962826456	0.000000000000
476.156926	0.000000000000	-2.127932253753	-2.127932253753	0.000000000000
476.733387	0.000000000000	-2.122901681049	-2.122901681049	0.000000000000
477.309848	0.000000000000	-2.117871108345	-2.117871108345	0.000000000000
477.886309	0.000000000000	-2.112840535641	-2.112840535641	0.000000000000
478.462770	0.000000000000	-2.107809962937	-2.107809962937	0.000000000000
479.039231	0.000000000000	-2.102779390233	-2.102779390233	0.000000000000
479.615693	0.000000000000	-2.097748817529	-2.097748817529	0.000000000000
480.192154	0.000000000000	-2.092718244825	-2.092718244825	0.000000000000
480.768615	0.000000000000	-2.087687672121	-2.087687672121	0.000000000000
481.345076	0.000000000000	-2.082657099417	-2.082657099417	0.000000000000
481.921537	0.000000000000	-2.077626526714	-2.077626526714	0.000000000000
482.497998	0.000000000000	-2.072595954010	-2.072595954010	0.000000000000
483.074460	0.000000000000	-2.067565381306	-2.067565381306	0.000000000000
483.650921	0.000000000000	-2.062534808602	-2.062534808602	0.000000000000
484.227382	0.000000000000	-2.057504235898	-2.057504235898	0.000000000000
484.803843	0.000000000000	-2.052473663194	-2.052473663194	0.000000000000
485.380304	0.000000000000	-2.047443090490	-2.047443090490	0.000000000000
485.956765	0.000000000000	-2.042412517786	-2.042412517786	0.000000000000
486.533227	0.000000000000	-2.037381945082	-2.037381945082	0.000000000000
487.109688	0.000000000000	-2.032351372378	-2.032351372378	0.000000000000
487.686149	0.000000000000	-2.027320799674	-2.027320799674	0.000000000000
488.262610	0.000000000000	-2.022290226971	-2.022290226971	0.000000000000
488.839071	0.000000000000	-2.017259654267	-2.017259654267	0.000000000000
489.415532	0.000000000000	-2.012229081563	-2.012229081563	0.000000000000
489.991994	0.000000000000	-2.007198508859	-2.007198508859	0.000000000000
490.568455	0.000000000000	-2.002167936155	-2.002167936155	0.000000000000
491.144916	0.000000000000	-1.997137363451	-1.997137363451	0.000000000000
491.721377	0.000000000000	-1.992106790747	-1.992106790747	0.000000000000
492.297838	0.000000000000	-1.987076218043	-1.987076218043	0.000000000000
492.874299	0.000000000000	-1.982045645339	-1.982045645339	0.000000000000
493.450761	0.000000000000	-1.977015072635	-1.977015072635	0.000000000000
494.027222	0.000000000000	-1.971984499931	-1.971984499931	0.000000000000
494.603683	0.000000000000	-1.966953927228	-1.966953927228	0.000000000000
495.180144	0.000000000000	-1.961923354524	-1.961923354524	0.000000000000
495.756605	0.000000000000	-1.956892781820	-1.956892781820	0.000000000000
496.333066	0.000000000000	-1.951862209116	-1.951862209116	0.000000000000
496.909528	0.000000000000	-1.946831636412	-1.946831636412	0.000000000000
497.485989	0.000000000000	-1.941801063708	-1.941801063708	0.000000000000
498.062450	0.000000000000	-1.936770491004	-1.936770491004	0.000000000000
498.638911	0.000000000000	-1.931739918300	-1.931739918300	0.000000000000
499.215372	0.000000000000	-1.926709345596	-1.926709345596	0.000000000000
499.791833	0.000000000000	-1.921678772892	-1.921678772892	0.000000000000
500.368295	0.000000000000	-1.916648200188	-1.916648200188	0.000000000000
500.944756	0.000000000000	-1.911617627485	-1.911617627485	0.000000000000
501.521217	0.000000000000	-1.906587054781	-1.906587054781	0.000000000000
502.097678	0.000000000000	-1.901556482077	-1.901556482077	0.000000000000
502.674139	0.000000000000	-1.896525909373	-1.896525909373	0.000000000000
503.250600	0.000000000000	-1.891495336669	-1.891495336669	0.000000000000
503.827062	0.000000000000	-1.886464763965	-1.886464763965	0.000000000000
504.403523	0.000000000000	-1.881434191261	-1.881434191261	0.000000000000
504.979984	0.000000000000	-1.876403618557	-1.876403618557	0.000000000000
505.556445	0.000000000000	-1.871373045853	-1.871373045853	0.000000000000
506.132906	0.000000000000	-1.866342473149	-1.866342473149	0.000000000000
506.709367	0.000000000000	-1.861311900446	-1.861311900446	0.000000000000
507.285829	0.000000000000	-1.856281327742	-1.856281327742	0.000000000000
507.862290	0.000000000000	-1.851250755038	-1.851250755038	0.000000000000
508.438751	0.000000000000	-1.846220182334	-1.846220182334	0.000000000000
509.015212	0.000000000000	-1.841189609630	-1.841189609630	0.000000000000
509.591673	0.000000000000	-1.836159036926	-1.836159036926	0.000000000000
510.168135	0.000000000000	-1.831128464222	-1.831128464222	0.000000000000
510.744596	0.000000000000	-1.826097891518	-1.826097891518	0.000000000000
511.321057	0.000000000000	-1.821067318814	-1.821067318814	0.000000000000
511.897518	0.000000000000	-1.816036746110	-1.816036746110	0.000000000000
512.473979	0.000000000000	-1.811006173406	-1.811006173406	0.000000000000
513.050440	0.000000000000	-1.805975600703	-1.805975600703	0.000000000000
513.626902	0.000000000000	-1.800945027999	-1.800945027999	0.000000000000
514.203363	0.000000000000	-1.795914455295	-1.795914455295	0.000000000000
514.779824	0.000000000000	-1.790883882591	-1.790883882591	0.000000000000
515.356285	0.000000000000	-1.785853309887	-1.785853309887	0.000000000000
515.932746	0.000000000000	-1.780822737183	-1.780822737183	0.000000000000
516.509207	0.000000000000	-1.775792164479	-1.775792164479	0.000000000000
517.085669	0.000000000000	-1.770761591775	-1.770761591775	0.000000000000
517.662130	0.000000000000	-1.765731019071	-1.765731019071	0.000000000000
518.238591	0.000000000000	-1.760700446367	-1.760700446367	0.000000000000
518.815052	0.000000000000	-1.755669873663	-1.755669873663	0.000000000000
519.391513	0.000000000000	-1.750639300960	-1.750639300960	0.000000000000
519.967974	0.000000000000	-1.745608728256	-1.745608728256	0.000000000000
520.544436	0.000000000000	-1.740578155552	-1.740578155552	0.000000000000
521.120897	0.000000000000	-1.735547582848	-1.735547582848	0.000000000000
521.697358	0.000000000000	-1.730517010144	-1.730517010144	0.000000000000
522.273819	0.000000000000	-1.725486437440	-1.725486437440	0.000000000000
522.850280	0.000000000000	-1.720455864736	-1.720455864736	0.000000000000
523.426741	0.000000000000	-1.715425292032	-1.715425292032	0.000000000000
524.003203	0.000000000000	-1.710394719328	-1.710394719328	0.000000000000
524.579664	0.000000000000	-1.705364146624	-1.705364146624	0.000000000000
525.156125	0.000000000000	-1.700333573920	-1.700333573920	0.000000000000
525.732586	0.000000000000	-1.695303001217	-1.695303001217	0.000000000000
526.309047	0.000000000000	-1.690272428513	-1.690272428513	0.000000000000
526.885508	0.000000000000	-1.685241855809	-1.685241855809	0.000000000000
527.461970	0.000000000000	-1.680211283105	-1.680211283105	0.000000000000
528.038431	0.000000000000	-1.675180710401	-1.675180710401	0.000000000000
528.614892	0.000000000000	-1.670150137697	-1.670150137697	0.000000000000
529.191353	0.000000000000	-1.665119564993	-1.665119564993	0.000000000000
529.767814	0.000000000000	-1.660088992289	-1.660088992289	0.000000000000
530.344275	0.000000000000	-1.655058419585	-1.655058419585	0.000000000000
530.920737	0.000000000000	-1.650027846881	-1.650027846881	0.000000000000
531.497198	0.000000000000	-1.644997274178	-1.644997274178	0.000000000000
532.073659	0.000000000000	-1.639966701474	-1.639966701474	0.000000000000
532.650120	0.000000000000	-1.634936128770	-1.634936128770	0.000000000000
533.226581	0.000000000000	-1.629905556066	-1.629905556066	0.000000000000
533.803042	0.000000000000	-1.624874983362	-1.624874983362	0.000000000000
534.379504	0.000000000000	-1.619844410658	-1.619844410658	0.000000000000
534.955965	0.000000000000	-1.614813837954	-1.614813837954	0.000000000000
535.532426	0.000000000000	-1.609783265250	-1.609783265250	0.000000000000
536.108887	0.000000000000	-1.604752692546	-1.604752692546	0.000000000000
536.685348	0.000000000000	-1.599722119842	-1.599722119842	0.000000000000
537.261809	0.000000000000	-1.594691547138	-1.594691547138	0.000000000000
537.838271	0.000000000000	-1.589660974435	-1.589660974435	0.000000000000
538.414732	0.000000000000	-1.584630401731	-1.584630401731	0.000000000000
538.991193	0.000000000000	-1.579599829027	-1.579599829027	0.000000000000
539.567654	0.000000000000	-1.574569256323	-1.574569256323	0.000000000000
540.144115	0.000000000000	-1.569538683619	-1.569538683619	0.000000000000
540.720576	0.000000000000	-1.564508110915	-1.564508110915	0.000000000000
541.297038	0.000000000000	-1.559477538211	-1.559477538211	0.000000000000
541.873499	0.000000000000	-1.554446965507	-1.554446965507	0.000000000000
542.449960	0.000000000000	-1.549416392803	-1.549416392803	0.000000000000
543.026421	0.000000000000	-1.544385820099	-1.544385820099	0.000000000000
543.602882	0.000000000000	-1.539355247395	-1.539355247395	0.000000000000
544.179343	0.000000000000	-1.534324674692	-1.534324674692	0.000000000000
544.755805	0.000000000000	-1.529294101988	-1.529294101988	0.000000000000
545.332266	0.000000000000	-1.524263529284	-1.524263529284	0.000000000000
545.908727	0.000000000000	-1.519232956580	-1.519232956580	0.000000000000
546.485188	0.000000000000	-1.514202383876	-1.514202383876	0.000000000000
547.061649	0.000000000000	-1.509171811172	-1.509171811172	0.000000000000
547.638110	0.000000000000	-1.504141238468	-1.504141238468	0.000000000000
548.214572	0.000000000000	-1.499110665764	-1.499110665764	0.000000000000
548.791033	0.000000000000	-1.494080093060	-1.494080093060	0.000000000000
549.367494	0.000000000000	-1.489049520356	-1.489049520356	0.000000000000
549.943955	0.000000000000	-1.484018947653	-1.484018947653	0.000000000000
550.520416	0.000000000000	-1.478988374949	-1.478988374949	0.000000000000
551.096878	0.000000000000	-1.473957802245	-1.473957802245	0.000000000000
551.673339	0.000000000000	-1.468927229541	-1.468927229541	0.000000000000
552.249800	0.000000000000	-1.463896656837	-1.463896656837	0.000000000000
552.826261	0.000000000000	-1.458866084133	-1.458866084133	0.000000000000
553.402722	0.000000000000	-1.453835511429	-1.453835511429	0.000000000000
553.979183	0.000000000000	-1.448804938725	-1.448804938725	0.000000000000
554.555645	0.000000000000	-1.443774366021	-1.443774366021	0.000000000000
555.132106	0.000000000000	-1.438743793317	-1.438743793317	0.000000000000
555.708567	0.000000000000	-1.433713220613	-1.433713220613	0.000000000000
556.285028	0.000000000000	-1.428682647910	-1.428682647910	0.000000000000
556.861489	0.000000000000	-1.423652075206	-1.423652075206	0.000000000000
557.437950	0.000000000000	-1.418621502502	-1.418621502502	0.000000000000
558.014412	0.000000000000	-1.413590929798	-1.413590929798	0.000000000000
558.590873	0.000000000000	-1.408560357094	-1.408560357094	0.000000000000
559.167334	0.000000000000	-1.403529784390	-1.403529784390	0.000000000000
559.743795	0.000000000000	-1.398499211686	-1.398499211686	0.000000000000
560.320256	0.000000000000	-1.393468638982	-1.393468638982	0.000000000000
560.896717	0.000000000000	-1.388438066278	-1.388438066278	0.000000000000
561.473179	0.000000000000	-1.383407493574	-1.383407493574	0.000000000000
562.049640	0.000000000000	-1.378376920870	-1.378376920870	0.000000000000
562.626101	0.000000000000	-1.373346348167	-1.373346348167	0.000000000000
563.202562	0.000000000000	-1.368315775463	-1.368315775463	0.000000000000
563.779023	0.000000000000	-1.363285202759	-1.363285202759	0.000000000000
564.355484	0.000000000000	-1.358254630055	-1.358254630055	0.000000000000
564.931946	0.000000000000	-1.353224057351	-1.353224057351	0.000000000000
565.508407	0.000000000000	-1.348193484647	-1.348193484647	0.000000000000
566.084868	0.000000000000	-1.343162911943	-1.343162911943	0.000000000000
566.661329	0.000000000000	-1.338132339239	-1.338132339239	0.000000000000
567.237790	0.000000000000	-1.333101766535	-1.333101766535	0.000000000000
567.814251	0.000000000000	-1.328071193831	-1.328071193831	0.000000000000
568.390713	0.000000000000	-1.323040621127	-1.323040621127	0.000000000000
568.967174	0.000000000000	-1.318010048424	-1.318010048424	0.000000000000
569.543635	0.000000000000	-1.312979475720	-1.312979475720	0.000000000000
570.120096	0.000000000000	-1.307948903016	-1.307948903016	0.000000000000
570.696557	0.000000000000	-1.302918330312	-1.302918330312	0.000000000000
571.273018	0.000000000000	-1.297887757608	-1.297887757608	0.000000000000
571.849480	0.000000000000	-1.292857184904	-1.292857184904	0.000000000000
572.425941	0.000000000000	-1.287826612200	-1.287826612200	0.000000000000
573.002402	0.000000000000	-1.282796039496	-1.282796039496	0.000000000000
573.578863	0.000000000000	-1.277765466792	-1.277765466792	0.000000000000
574.155324	0.000000000000	-1.272734894088	-1.272734894088	0.000000000000
574.731785	0.000000000000	-1.267704321385	-1.267704321385	0.000000000000
575.308247	0.000000000000	-1.262673748681	-1.262673748681	0.000000000000
575.884708	0.000000000000	-1.257643175977	-1.257643175977	0.000000000000
576.461169	0.000000000000	-1.252612603273	-1.252612603273	0.000000000000
577.037630	0.000000000000	-1.247582030569	-1.247582030569	0.000000000000
577.614091	0.000000000000	-1.242551457865	-1.242551457865	0.000000000000
578.190552	0.000000000000	-1.237520885161	-1.237520885161	0.000000000000
578.767014	0.000000000000	-1.232490312457	-1.232490312457	0.000000000000
579.343475	0.000000000000	-1.227459739753	-1.227459739753	0.000000000000
579.919936	0.000000000000	-1.222429167049	-1.222429167049	0.000000000000
580.496397	0.000000000000	-1.217398594345	-1.217398594345	0.000000000000
581.072858	0.000000000000	-1.212368021642	-1.212368021642	0.000000000000
581.649319	0.000000000000	-1.207337448938	-1.207337448938	0.000000000000
582.225781	0.000000000000	-1.202306876234	-1.202306876234	0.000000000000
582.802242	0.000000000000	-1.197276303530	-1.197276303530	0.000000000000
583.378703	0.000000000000	-1.192245730826	-1.192245730826	0.000000000000
583.955164	0.000000000000	-1.187215158122	-1.187215158122	0.000000000000
584.531625	0.000000000000	-1.182184585418	-1.182184585418	0.000000000000
585.108086	0.000000000000	-1.177154012714	-1.177154012714	0.000000000000
585.684548	0.000000000000	-1.172123440010	-1.172123440010	0.000000000000
586.261009	0.000000000000	-1.167092867306	-1.167092867306	0.000000000000
586.837470	0.000000000000	-1.162062294602	-1.162062294602	0.000000000000
587.413931	0.000000000000	-1.157031721899	-1.157031721899	0.000000000000
587.990392	0.000000000000	-1.152001149195	-1.152001149195	0.000000000000
588.566853	0.000000000000	-1.146970576491	-1.146970576491	0.000000000000
589.143315	0.000000000000	-1.141940003787	-1.141940003787	0.000000000000
589.719776	0.000000000000	-1.136909431083	-1.136909431083	0.000000000000
590.296237	0.000000000000	-1.131878858379	-1.131878858379	0.000000000000
590.872698	0.000000000000	-1.126848285675	-1.126848285675	0.000000000000
591.449159	0.000000000000	-1.121817712971	-1.121817712971	0.000000000000
592.025620	0.000000000000	-1.116787140267	-1.116787140267	0.000000000000
592.602082	0.000000000000	-1.111756567563	-1.111756567563	0.000000000000
593.178543	0.000000000000	-1.106725994859	-1.106725994859	0.000000000000
593.755004	0.000000000000	-1.101695422156	-1.101695422156	0.000000000000
594.331465	0.000000000000	-1.096664849452	-1.096664849452	0.000000000000
594.907926	0.000000000000	-1.091634276748	-1.091634276748	0.000000000000
595.484388	0.000000000000	-1.086603704044	-1.086603704044	0.000000000000
596.060849	0.000000000000	-1.081573131340	-1.081573131340	0.000000000000
596.637310	0.000000000000	-1.076542558636	-1.076542558636	0.000000000000
597.213771	0.000000000000	-1.071511985932	-1.071511985932	0.000000000000
597.790232	0.000000000000	-1.066481413228	-1.066481413228	0.000000000000
598.366693	0.000000000000	-1.061450840524	-1.061450840524	0.000000000000
598.943155	0.000000000000	-1.056420267820	-1.056420267820	0.000000000000
599.519616	0.000000000000	-1.051389695117	-1.051389695117	0.000000000000
600.096077	0.000000000000	-1.046359122413	-1.046359122413	0.000000000000
600.672538	0.000000000000	-1.041328549709	-1.041328549709	0.000000000000
601.248999	0.000000000000	-1.036297977005	-1.036297977005	0.000000000000
601.825460	0.000000000000	-1.031267404301	-1.031267404301	0.000000000000
602.401922	0.000000000000	-1.026236831597	-1.026236831597	0.000000000000
602.978383	0.000000000000	-1.021206258893	-1.021206258893	0.000000000000
603.554844	0.000000000000	-1.016175686189	-1.016175686189	0.000000000000
604.131305	0.000000000000	-1.011145113485	-1.011145113485	0.000000000000
604.707766	0.000000000000	-1.006114540781	-1.006114540781	0.000000000000
605.284227	0.000000000000	-1.001083968077	-1.001083968077	0.000000000000
605.860689	0.000000000000	-0.996053395374	-0.996053395374	0.000000000000
606.437150	0.000000000000	-0.991022822670	-0.991022822670	0.000000000000
607.013611	0.000000000000	-0.985992249966	-0.985992249966	0.000000000000
607.590072	0.000000000000	-0.980961677262	-0.980961677262	0.000000000000
608.166533	0.000000000000	-0.975931104558	-0.975931104558	0.000000000000
608.742994	0.000000000000	-0.970900531854	-0.970900531854	0.000000000000
609.319456	0.000000000000	-0.965869959150	-0.965869959150	0.000000000000
609.895917	0.000000000000	-0.960839386446	-0.960839386446	0.000000000000
610.472378	0.000000000000	-0.955808813742	-0.955808813742	0.000000000000
611.048839	0.000000000000	-0.950778241038	-0.950778241038	0.000000000000
611.625300	0.000000000000	-0.945747668334	-0.945747668334	0.000000000000
612.201761	0.000000000000	-0.940717095631	-0.940717095631	0.000000000000
612.778223	0.000000000000	-0.935686522927	-0.935686522927	0.000000000000
613.354684	0.000000000000	-0.930655950223	-0.930655950223	0.000000000000
613.931145	0.000000000000	-0.925625377519	-0.925625377519	0.000000000000
614.507606	0.000000000000	-0.920594804815	-0.920594804815	0.000000000000
615.084067	0.000000000000	-0.915564232111	-0.915564232111	0.000000000000
615.660528	0.000000000000	-0.910533659407	-0.910533659407	0.000000000000
616.236990	0.000000000000	-0.905503086703	-0.905503086703	0.000000000000
616.813451	0.000000000000	-0.900472513999	-0.900472513999	0.000000000000
617.389912	0.000000000000	-0.895441941295	-0.895441941295	0.000000000000
617.966373	0.000000000000	-0.890411368592	-0.890411368592	0.000000000000
618.542834	0.000000000000	-0.885380795888	-0.885380795888	0.000000000000
619.119295	0.000000000000	-0.880350223184	-0.880350223184	0.000000000000
619.695757	0.000000000000	-0.875319650480	-0.875319650480	0.000000000000
620.272218	0.000000000000	-0.870289077776	-0.870289077776	0.000000000000
620.848679	0.000000000000	-0.865258505072	-0.865258505072	0.000000000000
621.425140	0.000000000000	-0.860227932368	-0.860227932368	0.000000000000
622.001601	0.000000000000	-0.855197359664	-0.855197359664	0.000000000000
622.578062	0.000000000000	-0.850166786960	-0.850166786960	0.000000000000
623.154524	0.000000000000	-0.845136214256	-0.845136214256	0.000000000000
623.730985	0.000000000000	-0.840105641552	-0.840105641552	0.000000000000
624.307446	0.000000000000	-0.835075068849	-0.835075068849	0.000000000000
624.883907	0.000000000000	-0.830044496145	-0.830044496145	0.000000000000
625.460368	0.000000000000	-0.825013923441	-0.825013923441	0.000000000000
626.036829	0.000000000000	-0.819983350737	-0.819983350737	0.000000000000
626.613291	0.000000000000	-0.814952778033	-0.814952778033	0.000000000000
627.189752	0.000000000000	-0.809922205329	-0.809922205329	0.000000000000
627.766213	0.000000000000	-0.804891632625	-0.804891632625	0.000000000000
628.342674	0.000000000000	-0.799861059921	-0.799861059921	0.000000000000
628.919135	0.000000000000	-0.794830487217	-0.794830487217	0.000000000000
629.495596	0.000000000000	-0.789799914513	-0.789799914513	0.000000000000
630.072058	0.000000000000	-0.784769341809	-0.784769341809	0.000000000000
630.648519	0.000000000000	-0.779738769106	-0.779738769106	0.000000000000
631.224980	0.000000000000	-0.774708196402	-0.774708196402	0.000000000000
631.801441	0.000000000000	-0.769677623698	-0.769677623698	0.000000000000
632.377902	0.000000000000	-0.764647050994	-0.764647050994	0.000000000000
632.954363	0.000000000000	-0.759616478290	-0.759616478290	0.000000000000
633.530825	0.000000000000	-0.754585905586	-0.754585905586	0.000000000000
634.107286	0.000000000000	-0.749555332882	-0.749555332882	0.000000000000
634.683747	0.000000000000	-0.744524760178	-0.744524760178	0.000000000000
635.260208	0.000000000000	-0.739494187474	-0.739494187474	0.000000000000
635.836669	0.000000000000	-0.734463614770	-0.734463614770	0.000000000000
636.413131	0.000000000000	-0.729433042066	-0.729433042066	0.000000000000
636.989592	0.000000000000	-0.724402469363	-0.724402469363	0.000000000000
637.566053	0.000000000000	-0.719371896659	-0.719371896659	0.000000000000
638.142514	0.000000000000	-0.714341323955	-0.714341323955	0.000000000000
638.718975	0.000000000000	-0.709310751251	-0.709310751251	0.000000000000
639.295436	0.000000000000	-0.704280178547	-0.704280178547	0.000000000000
639.871898	0.000000000000	-0.699249605843	-0.699249605843	0.000000000000
640.448359	0.000000000000	-0.694219033139	-0.694219033139	0.000000000000
641.024820	0.000000000000	-0.689188460435	-0.689188460435	0.000000000000
641.601281	0.000000000000	-0.684157887731	-0.684157887731	0.000000000000
642.177742	0.000000000000	-0.679127315027	-0.679127315027	0.000000000000
642.754203	0.000000000000	-0.674096742324	-0.674096742324	0.000000000000
643.330665	0.000000000000	-0.669066169620	-0.669066169620	0.000000000000
643.907126	0.000000000000	-0.664035596916	-0.664035596916	0.000000000000
644.483587	0.000000000000	-0.659005024212	-0.659005024212	0.000000000000
645.060048	0.000000000000	-0.653974451508	-0.653974451508	0.000000000000
645.636509	0.000000000000	-0.648943878804	-0.648943878804	0.000000000000
646.212970	0.000000000000	-0.643913306100	-0.643913306100	0.000000000000
646.789432	0.000000000000	-0.638882733396	-0.638882733396	0.000000000000
647.365893	0.000000000000	-0.633852160692	-0.633852160692	0.000000000000
647.942354	0.000000000000	-0.628821587988	-0.628821587988	0.000000000000
648.518815	0.000000000000	-0.623791015284	-0.623791015284	0.000000000000
649.095276	0.000000000000	-0.618760442581	-0.618760442581	0.000000000000
649.671737	0.000000000000	-0.613729869877	-0.613729869877	0.000000000000
650.248199	0.000000000000	-0.608699297173	-0.608699297173	0.000000000000
650.824660	0.000000000000	-0.603668724469	-0.603668724469	0.000000000000
651.401121	0.000000000000	-0.598638151765	-0.598638151765	0.000000000000
651.977582	0.000000000000	-0.593607579061	-0.593607579061	0.000000000000
652.554043	0.000000000000	-0.588577006357	-0.588577006357	0.000000000000
653.130504	0.000000000000	-0.583546433653	-0.583546433653	0.000000000000
653.706966	0.000000000000	-0.578515860949	-0.578515860949	0.000000000000
654.283427	0.000000000000	-0.573485288245	-0.573485288245	0.000000000000
654.859888	0.000000000000	-0.568454715541	-0.568454715541	0.000000000000
655.436349	0.000000000000	-0.563424142838	-0.563424142838	0.000000000000
656.012810	0.000000000000	-0.558393570134	-0.558393570134	0.000000000000
656.589271	0.000000000000	-0.553362997430	-0.553362997430	0.000000000000
657.165733	0.000000000000	-0.548332424726	-0.548332424726	0.000000000000
657.742194	0.000000000000	-0.543301852022	-0.543301852022	0.000000000000
658.318655	0.000000000000	-0.538271279318	-0.538271279318	0.000000000000
658.895116	0.000000000000	-0.533240706614	-0.533240706614	0.000000000000
659.471577	0.000000000000	-0.528210133910	-0.528210133910	0.000000000000
660.048038	0.000000000000	-0.523179561206	-0.523179561206	0.000000000000
660.624500	0.000000000000	-0.518148988502	-0.518148988502	0.000000000000
661.200961	0.000000000000	-0.513118415798	-0.513118415798	0.000000000000
661.777422	0.000000000000	-0.508087843095	-0.508087843095	0.000000000000
662.353883	0.000000000000	-0.503057270391	-0.503057270391	0.000000000000
662.930344	0.000000000000	-0.498026697687	-0.498026697687	0.000000000000
663.506805	0.000000000000	-0.492996124983	-0.492996124983	0.000000000000
664.083267	0.000000000000	-0.487965552279	-0.487965552279	0.000000000000
664.659728	0.000000000000	-0.482934979575	-0.482934979575	0.000000000000
665.236189	0.000000000000	-0.477904406871	-0.477904406871	0.000000000000
665.812650	0.000000000000	-0.472873834167	-0.472873834167	0.000000000000
666.389111	0.000000000000	-0.467843261463	-0.467843261463	0.000000000000
666.965572	0.000000000000	-0.462812688759	-0.462812688759	0.000000000000
667.542034	0.000000000000	-0.457782116056	-0.457782116056	0.000000000000
668.118495	0.000000000000	-0.452751543352	-0.452751543352	0.000000000000
668.694956	0.000000000000	-0.447720970648	-0.447720970648	0.000000000000
669.271417	0.000000000000	-0.442690397944	-0.442690397944	0.000000000000
669.847878	0.000000000000	-0.437659825240	-0.437659825240	0.000000000000
670.424339	0.000000000000	-0.432629252536	-0.432629252536	0.000000000000
671.000801	0.000000000000	-0.427598679832	-0.427598679832	0.000000000000
671.577262	0.000000000000	-0.422568107128	-0.422568107128	0.000000000000
672.153723	0.000000000000	-0.417537534424	-0.417537534424	0.000000000000
672.730184	0.000000000000	-0.412506961720	-0.412506961720	0.000000000000
673.306645	0.000000000000	-0.407476389016	-0.407476389016	0.000000000000
673.883106	0.000000000000	-0.402445816313	-0.402445816313	0.000000000000
674.459568	0.000000000000	-0.397415243609	-0.397415243609	0.000000000000
675.036029	0.000000000000	-0.392384670905	-0.392384670905	0.000000000000
675.612490	0.000000000000	-0.387354098201	-0.387354098201	0.000000000000
676.188951	0.000000000000	-0.382323525497	-0.382323525497	0.000000000000
676.765412	0.000000000000	-0.377292952793	-0.377292952793	0.000000000000
677.341873	0.000000000000	-0.372262380089	-0.372262380089	0.000000000000
677.918335	0.000000000000	-0.367231807385	-0.367231807385	0.000000000000
678.494796	0.000000000000	-0.362201234681	-0.362201234681	0.000000000000
679.071257	0.000000000000	-0.357170661977	-0.357170661977	0.000000000000
679.647718	0.000000000000	-0.352140089273	-0.352140089273	0.000000000000
680.224179	0.000000000000	-0.347109516570	-0.347109516570	0.000000000000
680.800641	0.000000000000	-0.342078943866	-0.342078943866	0.000000000000
681.377102	0.000000000000	-0.337048371162	-0.337048371162	0.000000000000
681.953563	0.000000000000	-0.332017798458	-0.332017798458	0.000000000000
682.530024	0.000000000000	-0.326987225754	-0.326987225754	0.000000000000
683.106485	0.000000000000	-0.321956653050	-0.321956653050	0.000000000000
683.682946	0.000000000000	-0.316926080346	-0.316926080346	0.000000000000
684.259408	0.000000000000	-0.311895507642	-0.311895507642	0.000000000000
684.835869	0.000000000000	-0.306864934938	-0.306864934938	0.000000000000
685.412330	0.000000000000	-0.301834362234	-0.301834362234	0.000000000000
685.988791	0.000000000000	-0.296803789531	-0.296803789531	0.000000000000
686.565252	0.000000000000	-0.291773216827	-0.291773216827	0.000000000000
687.141713	0.000000000000	-0.286742644123	-0.286742644123	0.000000000000
687.718175	0.000000000000	-0.281712071419	-0.281712071419	0.000000000000
688.294636	0.000000000000	-0.276681498715	-0.276681498715	0.000000000000
688.871097	0.000000000000	-0.271650926011	-0.271650926011	0.000000000000
689.447558	0.000000000000	-0.266620353307	-0.266620353307	0.000000000000
690.024019	0.000000000000	-0.261589780603	-0.261589780603	0.000000000000
690.600480	0.000000000000	-0.256559207899	-0.256559207899	0.000000000000
691.176942	0.000000000000	-0.251528635195	-0.251528635195	0.000000000000
691.753403	0.000000000000	-0.246498062491	-0.246498062491	0.000000000000
692.329864	0.000000000000	-0.241467489788	-0.241467489788	0.000000000000
692.906325	0.000000000000	-0.236436917084	-0.236436917084	0.000000000000
693.482786	0.000000000000	-0.231406344380	-0.231406344380	0.000000000000
694.059247	0.000000000000	-0.226375771676	-0.226375771676	0.000000000000
694.635709	0.000000000000	-0.221345198972	-0.221345198972	0.000000000000
695.212170	0.000000000000	-0.216314626268	-0.216314626268	0.000000000000
695.788631	0.000000000000	-0.211284053564	-0.211284053564	0.000000000000
696.365092	0.000000000000	-0.206253480860	-0.206253480860	0.000000000000
696.941553	0.000000000000	-0.201222908156	-0.201222908156	0.000000000000
697.518014	0.000000000000	-0.196192335452	-0.196192335452	0.000000000000
698.094476	0.000000000000	-0.191161762748	-0.191161762748	0.000000000000
698.670937	0.000000000000	-0.186131190045	-0.186131190045	0.000000000000
699.247398	0.000000000000	-0.181100617341	-0.181100617341	0.000000000000
699.823859	0.000000000000	-0.176070044637	-0.176070044637	0.000000000000
700.400320	0.000000000000	-0.171039471933	-0.171039471933	0.000000000000
700.976781	0.000000000000	-0.166008899229	-0.166008899229	0.000000000000
701.553243	0.000000000000	-0.160978326525	-0.160978326525	0.000000000000
702.129704	0.000000000000	-0.155947753821	-0.155947753821	0.000000000000
702.706165	0.000000000000	-0.150917181117	-0.150917181117	0.000000000000
703.282626	0.000000000000	-0.145886608413	-0.145886608413	0.000000000000
703.859087	0.000000000000	-0.140856035709	-0.140856035709	0.000000000000
704.435548	0.000000000000	-0.135825463005	-0.135825463005	0.000000000000
705.012010	0.000000000000	-0.130794890302	-0.130794890302	0.000000000000
705.588471	0.000000000000	-0.125764317598	-0.125764317598	0.000000000000
706.164932	0.000000000000	-0.120733744894	-0.120733744894	0.000000000000
706.741393	0.000000000000	-0.115703172190	-0.115703172190	0.000000000000
707.317854	0.000000000000	-0.110672599486	-0.110672599486	0.000000000000
707.894315	0.000000000000	-0.105642026782	-0.105642026782	0.000000000000
708.470777	0.000000000000	-0.100611454078	-0.100611454078	0.000000000000
709.047238	0.000000000000	-0.095580881374	-0.095580881374	0.000000000000
709.623699	0.000000000000	-0.090550308670	-0.090550308670	0.000000000000
710.200160	0.000000000000	-0.085519735966	-0.085519735966	0.000000000000
710.776621	0.000000000000	-0.080489163263	-0.080489163263	0.000000000000
711.353082	0.000000000000	-0.075458590559	-0.075458590559	0.000000000000
711.929544	0.000000000000	-0.070428017855	-0.070428017855	0.000000000000
712.506005	0.000000000000	-0.065397445151	-0.065397445151	0.000000000000
713.082466	0.000000000000	-0.060366872447	-0.060366872447	0.000000000000
713.658927	0.000000000000	-0.055336299743	-0.055336299743	0.000000000000
714.235388	0.000000000000	-0.050305727039	-0.050305727039	0.000000000000
714.811849	0.000000000000	-0.045275154335	-0.045275154335	0.000000000000
715.388311	0.000000000000	-0.040244581631	-0.040244581631	0.000000000000
715.964772	0.000000000000	-0.035214008927	-0.035214008927	0.000000000000
716.541233	0.000000000000	-0.030183436223	-0.030183436223	0.000000000000
717.117694	0.000000000000	-0.025152863520	-0.025152863520	0.000000000000
717.694155	0.000000000000	-0.020122290816	-0.020122290816	0.000000000000
718.270616	0.000000000000	-0.015091718112	-0.015091718112	0.000000000000
718.847078	0.000000000000	-0.010061145408	-0.010061145408	0.000000000000
719.423539	0.000000000000	-0.005030572704	-0.005030572704	0.000000000000
720.000000	0.000000000000	-0.000000000000	-0.000000000000	0.000000000000
