Theta (degrees)	Normalized Energy
0.000000000000000000e+00 2.926924137002231419e-01
5.764611689351480939e-01 2.926224640455598047e-01
1.152922337870296188e+00 2.924136540176760501e-01
1.729383506805444393e+00 2.920690208762525275e-01
2.305844675740592375e+00 2.915933754273208334e-01
2.882305844675740580e+00 2.909929694345902984e-01
3.458767013610888785e+00 2.902751055158749316e-01
4.035228182546037878e+00 2.894477400683824198e-01
4.611689351481184751e+00 2.885191199586011335e-01
5.188150520416332512e+00 2.874974788805513271e-01
5.764611689351481161e+00 2.863908043669179948e-01
6.341072858286629810e+00 2.852066746507438411e-01
6.917534027221777571e+00 2.839521570960004127e-01
7.493995196156925331e+00 2.826337564122168855e-01
8.070456365092075757e+00 2.812574002836615850e-01
8.646917534027222629e+00 2.798284512092539811e-01
9.223378702962369502e+00 2.783517353159898344e-01
9.799839871897518151e+00 2.768315810421391743e-01
1.037630104083266502e+01 2.752718625343323344e-01
1.095276220976781545e+01 2.736760442138792548e-01
1.152922337870296232e+01 2.720472242139015950e-01
1.210568454763811097e+01 2.703881753044283243e-01
1.268214571657325962e+01 2.687013825665358069e-01
1.325860688550840827e+01 2.669890775110280168e-01
1.383506805444355514e+01 2.652532686172878185e-01
1.441152922337870379e+01 2.634957684385772492e-01
1.498799039231385066e+01 2.617182175155408630e-01
1.556445156124899931e+01 2.599221053851475949e-01
1.614091273018415151e+01 2.581087889857365258e-01
1.671737389911929483e+01 2.562795087526091309e-01
1.729383506805444526e+01 2.544354026811307401e-01
1.787029623698959213e+01 2.525775186110791881e-01
1.844675740592473900e+01 2.507068249605513000e-01
1.902321857485988943e+01 2.488242201122403130e-01
1.959967974379503630e+01 2.469305406306637474e-01
2.017614091273018673e+01 2.450265684665402233e-01
2.075260208166533005e+01 2.431130372843522958e-01
2.132906325060048047e+01 2.411906380312106302e-01
2.190552441953563090e+01 2.392600238493866882e-01
2.248198558847077777e+01 2.373218144211597103e-01
2.305844675740592464e+01 2.353765998227385636e-01
2.363490792634107507e+01 2.334249439537780801e-01
2.421136909527622194e+01 2.314673876002015795e-01
2.478783026421137237e+01 2.295044511805295340e-01
2.536429143314651924e+01 2.275366372194730369e-01
2.594075260208166256e+01 2.255644325870981015e-01
2.651721377101681654e+01 2.235883105372334645e-01
2.709367493995195986e+01 2.216087325748862802e-01
2.767013610888711028e+01 2.196261501791558490e-01
2.824659727782225715e+01 2.176410064054145888e-01
2.882305844675740758e+01 2.156537373882834452e-01
2.939951961569255445e+01 2.136647737651325984e-01
2.997598078462770133e+01 2.116745420384235910e-01
3.055244195356285175e+01 2.096834658941529039e-01
3.112890312249799862e+01 2.076919674929429971e-01
3.170536429143314550e+01 2.057004687499219830e-01
3.228182546036830303e+01 2.037093926194414595e-01
3.285828662930344990e+01 2.017191644009147800e-01
3.343474779823858967e+01 1.997302130825924782e-01
3.401120896717373654e+01 1.977429727409862337e-01
3.458767013610889052e+01 1.957578840149014066e-01
3.516413130504403739e+01 1.937753956747031436e-01
3.574059247397918426e+01 1.917959663095555600e-01
3.631705364291433114e+01 1.898200661580125848e-01
3.689351481184947801e+01 1.878481791105824361e-01
3.746997598078462488e+01 1.858808049168245990e-01
3.804643714971977886e+01 1.839184616343116363e-01
3.862289831865492573e+01 1.819616883625155002e-01
3.919935948759007260e+01 1.800110483115807125e-01
3.977582065652522658e+01 1.780671322642069510e-01
4.035228182546037345e+01 1.761305624987623830e-01
4.092874299439551322e+01 1.742019972536088812e-01
4.150520416333066009e+01 1.722821358267896397e-01
4.208166533226581407e+01 1.703717244221994442e-01
4.265812650120096094e+01 1.684715628735720394e-01
4.323458767013610782e+01 1.665825124017757120e-01
4.381104883907126180e+01 1.647055045895513548e-01
4.438751000800640867e+01 1.628415517918037903e-01
4.496397117694155554e+01 1.609917592395028185e-01
4.554043234587670241e+01 1.591573391419103811e-01
4.611689351481184929e+01 1.573396271456442008e-01
4.669335468374699616e+01 1.555401015700735301e-01
4.726981585268215014e+01 1.537604059058557404e-01
4.784627702161729701e+01 1.520023751347386043e-01
4.842273819055244388e+01 1.502680664991859483e-01
4.899919935948759786e+01 1.485597954109304508e-01
4.957566052842274473e+01 1.468801772226003000e-01
5.015212169735789161e+01 1.452321755704357731e-01
5.072858286629303848e+01 1.436191578878783237e-01
5.130504403522817825e+01 1.420449584265283116e-01
5.188150520416332512e+01 1.405139486092889245e-01
5.245796637309847199e+01 1.390311136477342946e-01
5.303442754203363307e+01 1.376021329041875463e-01
5.361088871096877284e+01 1.362334592513536613e-01
5.418734987990391971e+01 1.349323894532156176e-01
5.476381104883908080e+01 1.337071132103661297e-01
5.534027221777422056e+01 1.325667230756444048e-01
5.591673338670936744e+01 1.315211615757364005e-01
5.649319455564451431e+01 1.305810771066112375e-01
5.706965572457966118e+01 1.297575592889806950e-01
5.764611689351481516e+01 1.290617314297799745e-01
5.822257806244995493e+01 1.285041965836039024e-01
5.879903923138510891e+01 1.280943660197042810e-01
5.937550040032026288e+01 1.278397402086737522e-01
5.995196156925540265e+01 1.277452499780717121e-01
6.052842273819055663e+01 1.278127808606061011e-01
6.110488390712570350e+01 1.280409821534286841e-01
6.168134507606085037e+01 1.284254042103215587e-01
6.225780624499599725e+01 1.289589325175661272e-01
6.283426741393115122e+01 1.296324244727442010e-01
6.341072858286629099e+01 1.304354266373295435e-01
6.398718975180144497e+01 1.313568602041139954e-01
6.456365092073660605e+01 1.323855975863452994e-01
6.514011208967173161e+01 1.335108948232142656e-01
6.571657325860689980e+01 1.347226788309837109e-01
6.629303442754202536e+01 1.360117096292270678e-01
6.686949559647717933e+01 1.373696463584595240e-01
6.744595676541233331e+01 1.387890460329079811e-01
6.802241793434747308e+01 1.402633196224662426e-01
6.859887910328262706e+01 1.417866642342438255e-01
6.917534027221778103e+01 1.433539845918020417e-01
6.975180144115292080e+01 1.449608124368092221e-01
7.032826261008807478e+01 1.466032290632805213e-01
7.090472377902322876e+01 1.482777938150314223e-01
7.148118494795836853e+01 1.499814798119655235e-01
7.205764611689350829e+01 1.517116171984838613e-01
7.263410728582866227e+01 1.534658436424986283e-01
7.321056845476380204e+01 1.552420615162782846e-01
7.378702962369895602e+01 1.570384010613807835e-01
7.436349079263410999e+01 1.588531888117602209e-01
7.493995196156924976e+01 1.606849205777988454e-01
7.551641313050440374e+01 1.625322383516017988e-01
7.609287429943955772e+01 1.643939105634445452e-01
7.666933546837469748e+01 1.662688151908645329e-01
7.724579663730985146e+01 1.681559252900873269e-01
7.782225780624500544e+01 1.700542965815930729e-01
7.839871897518014521e+01 1.719630567766510798e-01
7.897518014411529919e+01 1.738813963794698936e-01
7.955164131305045316e+01 1.758085607406330297e-01
8.012810248198559293e+01 1.777438431724002454e-01
8.070456365092074691e+01 1.796865789659589929e-01
8.128102481985588668e+01 1.816361401755426930e-01
8.185748598879102644e+01 1.835919310551670791e-01
8.243394715772619463e+01 1.855533840512255950e-01
8.301040832666132019e+01 1.875199562687567545e-01
8.358686949559648838e+01 1.894911263414434943e-01
8.416333066453162814e+01 1.914663916455848214e-01
8.473979183346676791e+01 1.934452658068102626e-01
8.531625300240192189e+01 1.954272764554040309e-01
8.589271417133706166e+01 1.974119631920318585e-01
8.646917534027221564e+01 1.993988757305741877e-01
8.704563650920735540e+01 2.013875721888335191e-01
8.762209767814252359e+01 2.033776175012522447e-01
8.819855884707764915e+01 2.053685819304912896e-01
8.877502001601281734e+01 2.073600396569267312e-01
8.935148118494795710e+01 2.093515674268583426e-01
8.992794235388311108e+01 2.113427432415382612e-01
9.050440352281825085e+01 2.133331450700717558e-01
9.108086469175340483e+01 2.153223495698486922e-01
9.165732586068854459e+01 2.173099307984368844e-01
9.223378702962369857e+01 2.192954589008294375e-01
9.281024819855885255e+01 2.212784987555969640e-01
9.338670936749399232e+01 2.232586085628169847e-01
9.396317053642914630e+01 2.252353383556717492e-01
9.453963170536430027e+01 2.272082284162445509e-01
9.511609287429944004e+01 2.291768075743098876e-01
9.569255404323459402e+01 2.311405913657647027e-01
9.626901521216973379e+01 2.330990800246867112e-01
9.684547638110488776e+01 2.350517562798551952e-01
9.742193755004002753e+01 2.369980829227570085e-01
9.799839871897519572e+01 2.389375001095896400e-01
9.857485988791032128e+01 2.408694223544901036e-01
9.915132105684548947e+01 2.427932351649230991e-01
9.972778222578062923e+01 2.447082912628591178e-01
1.003042433947157832e+02 2.466139063267823728e-01
1.008807045636509230e+02 2.485093541795845573e-01
1.014571657325860770e+02 2.503938613358060450e-01
1.020336269015212167e+02 2.522666008082721789e-01
1.026100880704563565e+02 2.541266850587850512e-01
1.031865492393915105e+02 2.559731579599859863e-01
1.037630104083266502e+02 2.578049856156815478e-01
1.043394715772618184e+02 2.596210458649588770e-01
1.049159327461969440e+02 2.614201162713999937e-01
1.054923939151321122e+02 2.632008603733850260e-01
1.060688550840672661e+02 2.649618119459028476e-01
1.066453162530024059e+02 2.667013570004952427e-01
1.072217774219375457e+02 2.684177132311972858e-01
1.077982385908726997e+02 2.701089066057544286e-01
1.083746997598078394e+02 2.717727448108124277e-01
1.089511609287429934e+02 2.734067872988380499e-01
1.095276220976781616e+02 2.750083117701323521e-01
1.101040832666132872e+02 2.765742770793363503e-01
1.106805444355484411e+02 2.781012828148449745e-01
1.112570056044835951e+02 2.795855262047323708e-01
1.118334667734187349e+02 2.810227576075489675e-01
1.124099279423538889e+02 2.824082367122977555e-01
1.129863891112890286e+02 2.837366927596058352e-01
1.135628502802241826e+02 2.850022936461468759e-01
1.141393114491593224e+02 2.861986306724033646e-01
1.147157726180944906e+02 2.873187278143950474e-01
1.152922337870296303e+02 2.883550864299711525e-01
1.158686949559647701e+02 2.892997776671099586e-01
1.164451561248999099e+02 2.901445946264999409e-01
1.170216172938350780e+02 2.908812733964858399e-01
1.175980784627702178e+02 2.915017853138935355e-01
1.181745396317053718e+02 2.919986917037906693e-01
1.187510008006405258e+02 2.923655377879599282e-01
1.193274619695756655e+02 2.925972472959903481e-01
1.199039231385108053e+02 2.926904682917140232e-01
1.204803843074459593e+02 2.926438190208228707e-01
1.210568454763811133e+02 2.924579933589782632e-01
1.216333066453162672e+02 2.921357075579295026e-01
1.222097678142514070e+02 2.916814976035632667e-01
1.227862289831865326e+02 2.911014012920013494e-01
1.233626901521217007e+02 2.904025740609321726e-01
1.239391513210568547e+02 2.895928898914175154e-01
1.245156124899919945e+02 2.886805701466037544e-01
1.250920736589271627e+02 2.876738688464688387e-01
1.256685348278623024e+02 2.865808276925989051e-01
1.262449959967974280e+02 2.854091017149492648e-01
1.268214571657325820e+02 2.841658482073465830e-01
1.273979183346677502e+02 2.828576675155812237e-01
1.279743795036028899e+02 2.814905832545716580e-01
1.285508406725380439e+02 2.800700504790796797e-01
1.291273018414732121e+02 2.786009822181305107e-01
1.297037630104083235e+02 2.770877869201558430e-01
1.302802241793434632e+02 2.755344113495168390e-01
1.308566853482786314e+02 2.739443851468459923e-01
1.314331465172137996e+02 2.723208645714357279e-01
1.320096076861489394e+02 2.706666739107910225e-01
1.325860688550840507e+02 2.689843437272934068e-01
1.331625300240192189e+02 2.672761455771469619e-01
1.337389911929543587e+02 2.655441231392299817e-01
1.343154523618895269e+02 2.637901198777099498e-01
1.348919135308246666e+02 2.620158034683161552e-01
1.354683746997598348e+02 2.602226872705614702e-01
1.360448358686949462e+02 2.584121491459794306e-01
1.366212970376301143e+02 2.565854479188253157e-01
1.371977582065652541e+02 2.547437377596326047e-01
1.377742193755003939e+02 2.528880807494753302e-01
1.383506805444355621e+02 2.510194578575132840e-01
1.389271417133707018e+02 2.491387785388429754e-01
1.395036028823058416e+02 2.472468891351405074e-01
1.400800640512409814e+02 2.453445802378831919e-01
1.406565252201761496e+02 2.434325931533891929e-01
1.412329863891112893e+02 2.415116255906249454e-01
1.418094475580464575e+02 2.395823366766202389e-01
1.423859087269815973e+02 2.376453513903030168e-01
1.429623698959167371e+02 2.357012644933638434e-01
1.435388310648518768e+02 2.337506440262753227e-01
1.441152922337870166e+02 2.317940344285584764e-01
1.446917534027221848e+02 2.298319593346596357e-01
1.452682145716573245e+02 2.278649240902024531e-01
1.458446757405924927e+02 2.258934180277702430e-01
1.464211369095276041e+02 2.239179165366089186e-01
1.469975980784627723e+02 2.219388829566208698e-01
1.475740592473979120e+02 2.199567703236447735e-01
1.481505204163330518e+02 2.179720229902079309e-01
1.487269815852682200e+02 2.159850781436214451e-01
1.493034427542033598e+02 2.139963672414253726e-01
1.498799039231384995e+02 2.120063173826952641e-01
1.504563650920736393e+02 2.100153526326417885e-01
1.510328262610088075e+02 2.080238953171321126e-01
1.516092874299439472e+02 2.060323673033236380e-01
1.521857485988791154e+02 2.040411912824553475e-01
1.527622097678142268e+02 2.020507920710170602e-01
1.533386709367493950e+02 2.000615979470014294e-01
1.539151321056845347e+02 1.980740420387730183e-01
1.544915932746197029e+02 1.960885637852854413e-01
1.550680544435548427e+02 1.941056104879592403e-01
1.556445156124900109e+02 1.921256389765745309e-01
1.562209767814251222e+02 1.901491174140775009e-01
1.567974379503602904e+02 1.881765272683366408e-01
1.573738991192954302e+02 1.862083654827028367e-01
1.579503602882305984e+02 1.842451468818313842e-01
1.585268214571657381e+02 1.822874068548190896e-01
1.591032826261009063e+02 1.803357043643580016e-01
1.596797437950360177e+02 1.783906253386608742e-01
1.602562049639711859e+02 1.764527865124943529e-01
1.608326661329063256e+02 1.745228397951774368e-01
1.614091273018414938e+02 1.726014772571581868e-01
1.619855884707766336e+02 1.706894368432355091e-01
1.625620496397117734e+02 1.687875089401552897e-01
1.631385108086469131e+02 1.668965439497322734e-01
1.637149719775820529e+02 1.650174610465237335e-01
1.642914331465172211e+02 1.631512583321003129e-01
1.648678943154523893e+02 1.612990246368645186e-01
1.654443554843875290e+02 1.594619532658685390e-01
1.660208166533226404e+02 1.576413580376750390e-01
1.665972778222578086e+02 1.558386920251093599e-01
1.671737389911929768e+02 1.540555694731282066e-01
1.677502001601281165e+02 1.522937914399377646e-01
1.683266613290632563e+02 1.505553757785508540e-01
1.689031224979983961e+02 1.488425921390484630e-01
1.694795836669335358e+02 1.471580027125448942e-01
1.700560448358687040e+02 1.455045094326409272e-01
1.706325060048038438e+02 1.438854082608995166e-01
1.712089671737389835e+02 1.423044509510295319e-01
1.717854283426741233e+02 1.407659142242053130e-01
1.723618895116093199e+02 1.392746754697984646e-01
1.729383506805444313e+02 1.378362927415971162e-01
1.735148118494795710e+02 1.364570847373990925e-01
1.740912730184147108e+02 1.351442034016416549e-01
1.746677341873499074e+02 1.339056876049810330e-01
1.752441953562850472e+02 1.327504810689064396e-01
1.758206565252201869e+02 1.316883918284374733e-01
1.763971176941552983e+02 1.307299654174229331e-01
1.769735788630904949e+02 1.298862421822173097e-01
1.775500400320256347e+02 1.291683744805955381e-01
1.781265012009607744e+02 1.285870961709444926e-01
1.787029623698959142e+02 1.281520669677435331e-01
1.792794235388310824e+02 1.278711547085800149e-01
1.798558847077662222e+02 1.277497579494112079e-01
1.804323458767013619e+02 1.277902916453437510e-01
1.810088070456365017e+02 1.279919438119164476e-01
1.815852682145716699e+02 1.283507582649431045e-01
1.821617293835068097e+02 1.288600244231914993e-01
1.827381905524419778e+02 1.295108885351624328e-01
1.833146517213770892e+02 1.302930659943506431e-01
1.838911128903122290e+02 1.311955385864288226e-01
1.844675740592473971e+02 1.322071527677797231e-01
1.850440352281825369e+02 1.333170769428162206e-01
1.856204963971177051e+02 1.345151119096359427e-01
1.861969575660528164e+02 1.357918720276380387e-01
1.867734187349879846e+02 1.371388651880753595e-01
1.873498799039231244e+02 1.385485009213185958e-01
1.879263410728582926e+02 1.400140521266357851e-01
1.885028022417934608e+02 1.415295901803846068e-01
1.890792634107286005e+02 1.430899074910073343e-01
1.896557245796637119e+02 1.446904368067863933e-01
1.902321857485988801e+02 1.463271729784990371e-01
1.908086469175340198e+02 1.479966003412949149e-01
1.913851080864691880e+02 1.496956271954769935e-01
1.919615692554043278e+02 1.514215278087783223e-01
1.925380304243394676e+02 1.531718917409324310e-01
1.931144915932746073e+02 1.549445799573951899e-01
1.936909527622097755e+02 1.567376870474700701e-01
1.942674139311449153e+02 1.585495088207225511e-01
1.948438751000800551e+02 1.603785145770509346e-01
1.954203362690151948e+02 1.622233233999711144e-01
1.959967974379503914e+02 1.640826838910702523e-01
1.965732586068855028e+02 1.659554568353162063e-01
1.971497197758206426e+02 1.678406003559210213e-01
1.977261809447557823e+02 1.697371571806955415e-01
1.983026421136909789e+02 1.716442436980542829e-01
1.988791032826261187e+02 1.735610405298364800e-01
1.994555644515612585e+02 1.754867843902182256e-01
2.000320256204963698e+02 1.774207610358786436e-01
2.006084867894315664e+02 1.793622991429264790e-01
2.011849479583667062e+02 1.813107649716531600e-01
2.017614091273018460e+02 1.832655577016601145e-01
2.023378702962369857e+02 1.852261053378747302e-01
2.029143314651721539e+02 1.871918611030363166e-01
2.034907926341072937e+02 1.891623002448078461e-01
2.040672538030424334e+02 1.911369171961889435e-01
2.046437149719775732e+02 1.931152230366792732e-01
2.052201761409127130e+02 1.950967432089691922e-01
2.057966373098478812e+02 1.970810154520321877e-01
2.063730984787830209e+02 1.990675879165699214e-01
2.069495596477181607e+02 2.010560174329549255e-01
2.075260208166533005e+02 2.030458679052865034e-01
2.081024819855884687e+02 2.050367088079978195e-01
2.086789431545236368e+02 2.070281137637454971e-01
2.092554043234587766e+02 2.090196591831035844e-01
2.098318654923938880e+02 2.110109229479873449e-01
2.104083266613290562e+02 2.130014831217221516e-01
2.109847878302642243e+02 2.149909166693401152e-01
2.115612489991993641e+02 2.169787981720098791e-01
2.121377101681345323e+02 2.189646985195209117e-01
2.127141713370696721e+02 2.209481835644492576e-01
2.132906325060048118e+02 2.229288127210221904e-01
2.138670936749399516e+02 2.249061374907470878e-01
2.144435548438750914e+02 2.268796998955920907e-01
2.150200160128102596e+02 2.288490307978411353e-01
2.155964771817453993e+02 2.308136480836407711e-01
2.161729383506805391e+02 2.327730546847250892e-01
2.167493995196156789e+02 2.347267364097032627e-01
2.173258606885508470e+02 2.366741595526205555e-01
2.179023218574859868e+02 2.386147682421176641e-01
2.184787830264211266e+02 2.405479814893422552e-01
2.190552441953563232e+02 2.424731898866824276e-01
2.196317053642914630e+02 2.443897519022394105e-01
2.202081665332265743e+02 2.462969897066174807e-01
2.207846277021617141e+02 2.481941844588425039e-01
2.213610888710968823e+02 2.500805709669336463e-01
2.219375500400320504e+02 2.519553316255427888e-01
2.225140112089671902e+02 2.538175895180321273e-01
2.230904723779023016e+02 2.556664005531779638e-01
2.236669335468374697e+02 2.575007444872692286e-01
2.242433947157726379e+02 2.593195146607154555e-01
2.248198558847077777e+02 2.611215062546077825e-01
2.253963170536429175e+02 2.629054028474903104e-01
2.259727782225780572e+02 2.646697610269695411e-01
2.265492393915132254e+02 2.664129927865093173e-01
2.271257005604483652e+02 2.681333454178605469e-01
2.277021617293835050e+02 2.698288785988459670e-01
2.282786228983186447e+02 2.714974383819273029e-01
2.288550840672537845e+02 2.731366278221104560e-01
2.294315452361889811e+02 2.747437740591393007e-01
2.300080064051240925e+02 2.763158918112079698e-01
2.305844675740592606e+02 2.778496434766071221e-01
2.311609287429943720e+02 2.793412964170641222e-01
2.317373899119295402e+02 2.807866785639377416e-01
2.323138510808647084e+02 2.821811343064302147e-01
2.328903122497998197e+02 2.835194837513683730e-01
2.334667734187350163e+02 2.847959899326895639e-01
2.340432345876701561e+02 2.860043403937000406e-01
2.346196957566052959e+02 2.871376516641893084e-01
2.351961569255404356e+02 2.881885072318625118e-01
2.357726180944755470e+02 2.891490411304114549e-01
2.363490792634107436e+02 2.900110793884368432e-01
2.369255404323458833e+02 2.907663491860262850e-01
2.375020016012810515e+02 2.914067595001006428e-01
2.380784627702161629e+02 2.919247466282824943e-01
2.386549239391513311e+02 2.923136638535069887e-01
2.392313851080864708e+02 2.925681791664325737e-01
2.398078462770216106e+02 2.926846328780999262e-01
2.403843074459568072e+02 2.926613033880766657e-01
2.409607686148919186e+02 2.924985380104315746e-01
2.415372297838270583e+02 2.921987262801177265e-01
2.421136909527622265e+02 2.917661204172817269e-01
2.426901521216973379e+02 2.912065334602812472e-01
2.432666132906325345e+02 2.905269624823728081e-01
2.438430744595676458e+02 2.897351886741451610e-01
2.444195356285028140e+02 2.888393991239956993e-01
2.449959967974379538e+02 2.878478613723720048e-01
2.455724579663730651e+02 2.867686664643817607e-01
2.461489191353082617e+02 2.856095431684380626e-01
2.467253803042434015e+02 2.843777370919750580e-01
2.473018414731785413e+02 2.830799436936086710e-01
2.478783026421137095e+02 2.817222827675155972e-01
2.484547638110487924e+02 2.803103026780860429e-01
2.490312249799839890e+02 2.788490044087036379e-01
2.496076861489191288e+02 2.773428776179424626e-01
2.501841473178543254e+02 2.757959429311621080e-01
2.507606084867894367e+02 2.742117964267130059e-01
2.513370696557246049e+02 2.725936536421245671e-01
2.519135308246597162e+02 2.709443914455598734e-01
2.524899919935948560e+02 2.692665868452248645e-01
2.530664531625300526e+02 2.675625523071136214e-01
2.536429143314651640e+02 2.658343674774722998e-01
2.542193755004003322e+02 2.640839074092353189e-01
2.547958366693355003e+02 2.623128675089863027e-01
2.553722978382706117e+02 2.605227854808408461e-01
2.559487590072057799e+02 2.587150605661355240e-01
2.565252201761408628e+02 2.568909703770392849e-01
2.571016813450760878e+02 2.550516856077414407e-01
2.576781425140111992e+02 2.531982828850758982e-01
2.582546036829464242e+02 2.513317559954630354e-01
2.588310648518815356e+02 2.494530256993948147e-01
2.594075260208166469e+02 2.475629483199271175e-01
2.599839871897518151e+02 2.456623232686090119e-01
2.605604483586869264e+02 2.437518996513531322e-01
2.611369095276221515e+02 2.418323820780943489e-01
2.617133706965572628e+02 2.399044357836092045e-01
2.622898318654923742e+02 2.379686911525099591e-01
2.628662930344275992e+02 2.360257477289473549e-01
2.634427542033626537e+02 2.340761777807719435e-01
2.640192153722978787e+02 2.321205294786649886e-01
2.645956765412329901e+02 2.301593297428067009e-01
2.651721377101681014e+02 2.281930868028711479e-01
2.657485988791033265e+02 2.262222925113838989e-01
2.663250600480384378e+02 2.242474244455580912e-01
2.669015212169736060e+02 2.222689478286173914e-01
2.674779823859087173e+02 2.202873172981106575e-01
2.680544435548438855e+02 2.183029785458444894e-01
2.686309047237790537e+02 2.163163698516543387e-01
2.692073658927141651e+02 2.143279235312999242e-01
2.697838270616493332e+02 2.123380673172292343e-01
2.703602882305845014e+02 2.103472256897899462e-01
2.709367493995196696e+02 2.083558211756307565e-01
2.715132105684547810e+02 2.063642756295341885e-01
2.720896717373898923e+02 2.043730115157341709e-01
2.726661329063250605e+02 2.023824532048753566e-01
2.732425940752602287e+02 2.003930283032298865e-01
2.738190552441953969e+02 1.984051690315305483e-01
2.743955164131305082e+02 1.964193136719382948e-01
2.749719775820656764e+02 1.944359081031467873e-01
2.755484387510007878e+02 1.924554074456228392e-01
2.761248999199359559e+02 1.904782778414045030e-01
2.767013610888711241e+02 1.885049983959337649e-01
2.772778222578062355e+02 1.865360633130845325e-01
2.778542834267414037e+02 1.845719842590191895e-01
2.784307445956765719e+02 1.826132929959181084e-01
2.790072057646116832e+02 1.806605443330936700e-01
2.795836669335468514e+02 1.787143194507907762e-01
2.801601281024819627e+02 1.767752296613038510e-01
2.807365892714171309e+02 1.748439206831835790e-01
2.813130504403522991e+02 1.729210775176954484e-01
2.818895116092874105e+02 1.710074300326372976e-01
2.824659727782225787e+02 1.691037593777303671e-01
2.830424339471577468e+02 1.672109053785290900e-01
2.836188951160929150e+02 1.653297750829076096e-01
2.841953562850280264e+02 1.634613526662661298e-01
2.847718174539631946e+02 1.616067109394837831e-01
2.853482786228983059e+02 1.597670247480095229e-01
2.859247397918334741e+02 1.579435866018595869e-01
2.865012009607686423e+02 1.561378249349146263e-01
2.870776621297037536e+02 1.543513254572942694e-01
2.876541232986389218e+02 1.525858561349468789e-01
2.882305844675740332e+02 1.508433964020839402e-01
2.888070456365092014e+02 1.491261712772746495e-01
2.893835068054443695e+02 1.474366910998230751e-01
2.899599679743794809e+02 1.457777976076631010e-01
2.905364291433146491e+02 1.441527170061988328e-01
2.911128903122498173e+02 1.425651204746243295e-01
2.916893514811849855e+02 1.410191921399821524e-01
2.922658126501200968e+02 1.395197038009740043e-01
2.928422738190552082e+02 1.380720944407238804e-01
2.934187349879903763e+02 1.366825506244977451e-01
2.939951961569255445e+02 1.353580810059512307e-01
2.945716573258607127e+02 1.341065741749813967e-01
2.951481184947958241e+02 1.329368239592165490e-01
2.957245796637309923e+02 1.318585004480744005e-01
2.963010408326661036e+02 1.308820396300011402e-01
2.968775020016012718e+02 1.300184219650180051e-01
2.974539631705364400e+02 1.292788140780166684e-01
2.980304243394715513e+02 1.286740622769962095e-01
2.986068855084067195e+02 1.282140545484303784e-01
2.991833466773418877e+02 1.279070069926558084e-01
2.997598078462769990e+02 1.277587713522026491e-01
3.003362690152121672e+02 1.277722851141335769e-01
3.009127301841472786e+02 1.279472773559779120e-01
3.014891913530825036e+02 1.282802963866450097e-01
3.020656525220176150e+02 1.287650528192625099e-01
3.026421136909527263e+02 1.293930018099264667e-01
3.032185748598878945e+02 1.301540471435990720e-01
3.037950360288230627e+02 1.310372479101440946e-01
3.043714971977582309e+02 1.320314373201703084e-01
3.049479583666933422e+02 1.331257047233031232e-01
3.055244195356284536e+02 1.343097297659340272e-01
3.061008807045636786e+02 1.355739833012120088e-01
3.066773418734987899e+02 1.369098221384792147e-01
3.072538030424339581e+02 1.383095072167904172e-01
3.078302642113690695e+02 1.397661715308827768e-01
3.084067253803042945e+02 1.412737585545284225e-01
3.089831865492394058e+02 1.428269461270881002e-01
3.095596477181745172e+02 1.444210658233344713e-01
3.101361088871096854e+02 1.460520240304882256e-01
3.107125700560447967e+02 1.477162282542341110e-01
3.112890312249800218e+02 1.494105203647586311e-01
3.118654923939151331e+02 1.511321173467256307e-01
3.124419535628502445e+02 1.528785594342023102e-01
3.130184147317854695e+02 1.546476651379860012e-01
3.135948759007205808e+02 1.564374924966221991e-01
3.141713370696557490e+02 1.582463058264795552e-01
3.147477982385908604e+02 1.600725472597622767e-01
3.153242594075259717e+02 1.619148124096137231e-01
3.159007205764611967e+02 1.637718295684040537e-01
3.164771817453963081e+02 1.656424419170156037e-01
3.170536429143314763e+02 1.675255922926573715e-01
3.176301040832665876e+02 1.694203101270816969e-01
3.182065652522018127e+02 1.713257002245012484e-01
3.187830264211369240e+02 1.732409330986790230e-01
3.193594875900720353e+02 1.751652366319257914e-01
3.199359487590072604e+02 1.770978888555662933e-01
3.205124099279423717e+02 1.790382116826907954e-01
3.210888710968775399e+02 1.809855654502939837e-01
3.216653322658126513e+02 1.829393441500285766e-01
3.222417934347477626e+02 1.848989712453095458e-01
3.228182546036829876e+02 1.868638959880228045e-01
3.233947157726180990e+02 1.888335901610518064e-01
3.239711769415532672e+02 1.908075451836746816e-01
3.245476381104883785e+02 1.927852695259240634e-01
3.251240992794235467e+02 1.947662863855582349e-01
3.257005604483587149e+02 1.967501315875762880e-01
3.262770216172938262e+02 1.987363516714499290e-01
3.268534827862290513e+02 2.007245021355633929e-01
3.274299439551641058e+02 2.027141458119582629e-01
3.280064051240993308e+02 2.047048513473831155e-01
3.285828662930344422e+02 2.066961917690282036e-01
3.291593274619695535e+02 2.086877431152080742e-01
3.297357886309047785e+02 2.106790831127077768e-01
3.303122497998398330e+02 2.126697898835611666e-01
3.308887109687750581e+02 2.146594406647685527e-01
3.314651721377101694e+02 2.166476105248156814e-01
3.320416333066452808e+02 2.186338710609411207e-01
3.326180944755805058e+02 2.206177890608496117e-01
3.331945556445156171e+02 2.225989251120044643e-01
3.337710168134507853e+02 2.245768321407615176e-01
3.343474779823859535e+02 2.265510538623561332e-01
3.349239391513210649e+02 2.285211231211810301e-01
3.355004003202562330e+02 2.304865600987449636e-01
3.360768614891913444e+02 2.324468703642684764e-01
3.366533226581265126e+02 2.344015427398433715e-01
3.372297838270616808e+02 2.363500469485350364e-01
3.378062449959967921e+02 2.382918310095306080e-01
3.383827061649319603e+02 2.402263183394108270e-01
3.389591673338670716e+02 2.421529045126967483e-01
3.395356285028022398e+02 2.440709536278647951e-01
3.401120896717374080e+02 2.459797942168808760e-01
3.406885508406725194e+02 2.478787146268058295e-01
3.412650120096076876e+02 2.497669577909923389e-01
3.418414731785428557e+02 2.516437152946015554e-01
3.424179343474779671e+02 2.535081206244644836e-01
3.429943955164131353e+02 2.553592414764922491e-01
3.435708566853482466e+02 2.571960709747988516e-01
3.441473178542834148e+02 2.590175176354025943e-01
3.447237790232186398e+02 2.608223938840352196e-01
3.453002401921536944e+02 2.626094029125557450e-01
3.458767013610888625e+02 2.643771236328657515e-01
3.464531625300239739e+02 2.661239934624875514e-01
3.470296236989591421e+02 2.678482886551088460e-01
3.476060848678943671e+02 2.695481018766907599e-01
3.481825460368294216e+02 2.712213167300550620e-01
3.487590072057646466e+02 2.728655789584872315e-01
3.493354683746998148e+02 2.744782641267088374e-01
3.499119295436348693e+02 2.760564417069470422e-01
3.504883907125700944e+02 2.775968357183187241e-01
3.510648518815051489e+02 2.790957824187265679e-01
3.516413130504403739e+02 2.805491860801681558e-01
3.522177742193755421e+02 2.819524746501790857e-01
3.527942353883105966e+02 2.833005581765650760e-01
3.533706965572458216e+02 2.845877942997540044e-01
3.539471577261809898e+02 2.858079669062343897e-01
3.545236188951161012e+02 2.869542861066429751e-01
3.551000800640512693e+02 2.880194198121286964e-01
3.556765412329863238e+02 2.889955688479607931e-01
3.562530024019215489e+02 2.898745979706990328e-01
3.568294635708567171e+02 2.906482332615407116e-01
3.574059247397918284e+02 2.913083309815932553e-01
3.579823859087269966e+02 2.918472133071776109e-01
3.585588470776621648e+02 2.922580527412393936e-01
3.591353082465972761e+02 2.925352715894624644e-01
3.597117694155324443e+02 2.926749098933341120e-01
3.602882305844675557e+02 2.926749098933341120e-01
3.608646917534027239e+02 2.925352715894626310e-01
3.614411529223378921e+02 2.922580527412395046e-01
3.620176140912730034e+02 2.918472133071777774e-01
3.625940752602081716e+02 2.913083309815934219e-01
3.631705364291433398e+02 2.906482332615407116e-01
3.637469975980784511e+02 2.898745979706988662e-01
3.643234587670136193e+02 2.889955688479605156e-01
3.648999199359487307e+02 2.880194198121290294e-01
3.654763811048839557e+02 2.869542861066428641e-01
3.660528422738190670e+02 2.858079669062343897e-01
3.666293034427541784e+02 2.845877942997541710e-01
3.672057646116893466e+02 2.833005581765652425e-01
3.677822257806244579e+02 2.819524746501790857e-01
3.683586869495596829e+02 2.805491860801678783e-01
3.689351481184947943e+02 2.790957824187267344e-01
3.695116092874299056e+02 2.775968357183184465e-01
3.700880704563650738e+02 2.760564417069473753e-01
3.706645316253002420e+02 2.744782641267092260e-01
3.712409927942354102e+02 2.728655789584871205e-01
3.718174539631705215e+02 2.712213167300547290e-01
3.723939151321056329e+02 2.695481018766910375e-01
3.729703763010408579e+02 2.678482886551092901e-01
3.735468374699759693e+02 2.661239934624873849e-01
3.741232986389111375e+02 2.643771236328663066e-01
3.746997598078462488e+02 2.626094029125558560e-01
3.752762209767814738e+02 2.608223938840352196e-01
3.758526821457165852e+02 2.590175176354029829e-01
3.764291433146516965e+02 2.571960709747986851e-01
3.770056044835869216e+02 2.553592414764925267e-01
3.775820656525220329e+02 2.535081206244644836e-01
3.781585268214572011e+02 2.516437152946016109e-01
3.787349879903923124e+02 2.497669577909922001e-01
3.793114491593274238e+02 2.478787146268059127e-01
3.798879103282626488e+02 2.459797942168810425e-01
3.804643714971977602e+02 2.440709536278651559e-01
3.810408326661329284e+02 2.421529045126968038e-01
3.816172938350680397e+02 2.402263183394106882e-01
3.821937550040032079e+02 2.382918310095307746e-01
3.827702161729383761e+02 2.363500469485350364e-01
3.833466773418734874e+02 2.344015427398433715e-01
3.839231385108086556e+02 2.324468703642685596e-01
3.844995996797438238e+02 2.304865600987450469e-01
3.850760608486789351e+02 2.285211231211808081e-01
3.856525220176141033e+02 2.265510538623563552e-01
3.862289831865492147e+02 2.245768321407615176e-01
3.868054443554843829e+02 2.225989251120047419e-01
3.873819055244195511e+02 2.206177890608496672e-01
3.879583666933546624e+02 2.186338710609413427e-01
3.885348278622898306e+02 2.166476105248159589e-01
3.891112890312249419e+02 2.146594406647689135e-01
3.896877502001601101e+02 2.126697898835610279e-01
3.902642113690952783e+02 2.106790831127078600e-01
3.908406725380303897e+02 2.086877431152082962e-01
3.914171337069655578e+02 2.066961917690279815e-01
3.919935948759007829e+02 2.047048513473831155e-01
3.925700560448358374e+02 2.027141458119581796e-01
3.931465172137710056e+02 2.007245021355632542e-01
3.937229783827062306e+02 1.987363516714499290e-01
3.942994395516412851e+02 1.967501315875767320e-01
3.948759007205765101e+02 1.947662863855578741e-01
3.954523618895115646e+02 1.927852695259240079e-01
3.960288230584467328e+02 1.908075451836749037e-01
3.966052842273819579e+02 1.888335901610517231e-01
3.971817453963170124e+02 1.868638959880228045e-01
3.977582065652522374e+02 1.848989712453095458e-01
3.983346677341874056e+02 1.829393441500286321e-01
3.989111289031225169e+02 1.809855654502937616e-01
3.994875900720576851e+02 1.790382116826907399e-01
4.000640512409927396e+02 1.770978888555665709e-01
4.006405124099279647e+02 1.751652366319259302e-01
4.012169735788631328e+02 1.732409330986790785e-01
4.017934347477982442e+02 1.713257002245010263e-01
4.023698959167334124e+02 1.694203101270819745e-01
4.029463570856685237e+02 1.675255922926573160e-01
4.035228182546036919e+02 1.656424419170157425e-01
4.040992794235388601e+02 1.637718295684043313e-01
4.046757405924739714e+02 1.619148124096137231e-01
4.052522017614091396e+02 1.600725472597624988e-01
4.058286629303443078e+02 1.582463058264795552e-01
4.064051240992794192e+02 1.564374924966227820e-01
4.069815852682145874e+02 1.546476651379862233e-01
4.075580464371496987e+02 1.528785594342020882e-01
4.081345076060848669e+02 1.511321173467256307e-01
4.087109687750200351e+02 1.494105203647578262e-01
4.092874299439551464e+02 1.477162282542342497e-01
4.098638911128903146e+02 1.460520240304887252e-01
4.104403522818254260e+02 1.444210658233344713e-01
4.110168134507605942e+02 1.428269461270881002e-01
4.115932746196957623e+02 1.412737585545288665e-01
4.121697357886308737e+02 1.397661715308827768e-01
4.127461969575660419e+02 1.383095072167907225e-01
4.133226581265012101e+02 1.369098221384793534e-01
4.138991192954363214e+02 1.355739833012117312e-01
4.144755804643715464e+02 1.343097297659339440e-01
4.150520416333066009e+02 1.331257047233028457e-01
4.156285028022418260e+02 1.320314373201704472e-01
4.162049639711769373e+02 1.310372479101440113e-01
4.167814251401120487e+02 1.301540471435987667e-01
4.173578863090472737e+02 1.293930018099263834e-01
4.179343474779823282e+02 1.287650528192623711e-01
4.185108086469175532e+02 1.282802963866455093e-01
4.190872698158527214e+02 1.279472773559778287e-01
4.196637309847877759e+02 1.277722851141335769e-01
4.202401921537230010e+02 1.277587713522025104e-01
4.208166533226581123e+02 1.279070069926558917e-01
4.213931144915932805e+02 1.282140545484302951e-01
4.219695756605284487e+02 1.286740622769960707e-01
4.225460368294636169e+02 1.292788140780168349e-01
4.231224979983987282e+02 1.300184219650179218e-01
4.236989591673338964e+02 1.308820396300013622e-01
4.242754203362690646e+02 1.318585004480742617e-01
4.248518815052041759e+02 1.329368239592163825e-01
4.254283426741393441e+02 1.341065741749819795e-01
4.260048038430744555e+02 1.353580810059509254e-01
4.265812650120096237e+02 1.366825506244977451e-01
4.271577261809447918e+02 1.380720944407239636e-01
4.277341873498799032e+02 1.395197038009737267e-01
4.283106485188150714e+02 1.410191921399823745e-01
4.288871096877501827e+02 1.425651204746241907e-01
4.294635708566853509e+02 1.441527170061989160e-01
4.300400320256205191e+02 1.457777976076628790e-01
4.306164931945556305e+02 1.474366910998228808e-01
4.311929543634907986e+02 1.491261712772747050e-01
4.317694155324259100e+02 1.508433964020838014e-01
4.323458767013610782e+02 1.525858561349464348e-01
4.329223378702962464e+02 1.543513254572939919e-01
4.334987990392313577e+02 1.561378249349143488e-01
4.340752602081665259e+02 1.579435866018595036e-01
4.346517213771016941e+02 1.597670247480093841e-01
4.352281825460368623e+02 1.616067109394832835e-01
4.358046437149719736e+02 1.634613526662659910e-01
4.363811048839070850e+02 1.653297750829078872e-01
4.369575660528422532e+02 1.672109053785292565e-01
4.375340272217774213e+02 1.691037593777303671e-01
4.381104883907126464e+02 1.710074300326371588e-01
4.386869495596477009e+02 1.729210775176950876e-01
4.392634107285829259e+02 1.748439206831837178e-01
4.398398718975180373e+02 1.767752296613042950e-01
4.404163330664531486e+02 1.787143194507909982e-01
4.409927942353883736e+02 1.806605443330935312e-01
4.415692554043234281e+02 1.826132929959178308e-01
4.421457165732586532e+02 1.845719842590193283e-01
4.427221777421937645e+02 1.865360633130844770e-01
4.432986389111288759e+02 1.885049983959339870e-01
4.438751000800641009e+02 1.904782778414043087e-01
4.444515612489992122e+02 1.924554074456228392e-01
4.450280224179343804e+02 1.944359081031468706e-01
4.456044835868695486e+02 1.964193136719381561e-01
4.461809447558046031e+02 1.984051690315305483e-01
4.467574059247398282e+02 2.003930283032298032e-01
4.473338670936749395e+02 2.023824532048753566e-01
4.479103282626101077e+02 2.043730115157340321e-01
4.484867894315452759e+02 2.063642756295343272e-01
4.490632506004803872e+02 2.083558211756307565e-01
4.496397117694155554e+02 2.103472256897899462e-01
4.502161729383506668e+02 2.123380673172288735e-01
4.507926341072858349e+02 2.143279235312995079e-01
4.513690952762210031e+02 2.163163698516544775e-01
4.519455564451561145e+02 2.183029785458448502e-01
4.525220176140912827e+02 2.202873172981108241e-01
4.530984787830264509e+02 2.222689478286168641e-01
4.536749399519615622e+02 2.242474244455580079e-01
4.542514011208967304e+02 2.262222925113840655e-01
4.548278622898318417e+02 2.281930868028710924e-01
4.554043234587670099e+02 2.301593297428062568e-01
4.559807846277022350e+02 2.321205294786651274e-01
4.565572457966372895e+02 2.340761777807719435e-01
4.571337069655724576e+02 2.360257477289473549e-01
4.577101681345075690e+02 2.379686911525095705e-01
4.582866293034427372e+02 2.399044357836089270e-01
4.588630904723779622e+02 2.418323820780944322e-01
4.594395516413131304e+02 2.437518996513532710e-01
4.600160128102481849e+02 2.456623232686084846e-01
4.605924739791832963e+02 2.475629483199271730e-01
4.611689351481185213e+02 2.494530256993951756e-01
4.617453963170536326e+02 2.513317559954629243e-01
4.623218574859887440e+02 2.531982828850759537e-01
4.628983186549239690e+02 2.550516856077414407e-01
4.634747798238590804e+02 2.568909703770392849e-01
4.640512409927941917e+02 2.587150605661353020e-01
4.646277021617294167e+02 2.605227854808410681e-01
4.652041633306645849e+02 2.623128675089865247e-01
4.657806244995996394e+02 2.640839074092348748e-01
4.663570856685348645e+02 2.658343674774720222e-01
4.669335468374700326e+02 2.675625523071135103e-01
4.675100080064050871e+02 2.692665868452251421e-01
4.680864691753403122e+02 2.709443914455598734e-01
4.686629303442754235e+02 2.725936536421249556e-01
4.692393915132105917e+02 2.742117964267128949e-01
4.698158526821456462e+02 2.757959429311615529e-01
4.703923138510808712e+02 2.773428776179422961e-01
4.709687750200160394e+02 2.788490044087040820e-01
4.715452361889510939e+02 2.803103026780859319e-01
4.721216973578863190e+02 2.817222827675150421e-01
4.726981585268214872e+02 2.830799436936085045e-01
4.732746196957565417e+02 2.843777370919747804e-01
4.738510808646917667e+02 2.856095431684377850e-01
4.744275420336269349e+02 2.867686664643817607e-01
4.750040032025621031e+02 2.878478613723715607e-01
4.755804643714972144e+02 2.888393991239956993e-01
4.761569255404323258e+02 2.897351886741449944e-01
4.767333867093675508e+02 2.905269624823729191e-01
4.773098478783026621e+02 2.912065334602810807e-01
4.778863090472377735e+02 2.917661204172818934e-01
4.784627702161729417e+02 2.921987262801175600e-01
4.790392313851081667e+02 2.924985380104311306e-01
4.796156925540432212e+02 2.926613033880766657e-01
4.801921537229783894e+02 2.926846328781000373e-01
4.807686148919136144e+02 2.925681791664328513e-01
4.813450760608486689e+02 2.923136638535072662e-01
4.819215372297838371e+02 2.919247466282824943e-01
4.824979983987190053e+02 2.914067595001003652e-01
4.830744595676541167e+02 2.907663491860262850e-01
4.836509207365892280e+02 2.900110793884368432e-01
4.842273819055244530e+02 2.891490411304111774e-01
4.848038430744596212e+02 2.881885072318620677e-01
4.853803042433946757e+02 2.871376516641891419e-01
4.859567654123298439e+02 2.860043403937003736e-01
4.865332265812650689e+02 2.847959899326894528e-01
4.871096877502001234e+02 2.835194837513680399e-01
4.876861489191352916e+02 2.821811343064300481e-01
4.882626100880705167e+02 2.807866785639376306e-01
4.888390712570056280e+02 2.793412964170644552e-01
4.894155324259406825e+02 2.778496434766071221e-01
4.899919935948759075e+02 2.763158918112080809e-01
4.905684547638110757e+02 2.747437740591393007e-01
4.911449159327461302e+02 2.731366278221108446e-01
4.917213771016813553e+02 2.714974383819273585e-01
4.922978382706165235e+02 2.698288785988457450e-01
4.928742994395516348e+02 2.681333454178602138e-01
4.934507606084868030e+02 2.664129927865085956e-01
4.940272217774219712e+02 2.646697610269699297e-01
4.946036829463570825e+02 2.629054028474901994e-01
4.951801441152921939e+02 2.611215062546080046e-01
4.957566052842274189e+02 2.593195146607157886e-01
4.963330664531625303e+02 2.575007444872692286e-01
4.969095276220975848e+02 2.556664005531782413e-01
4.974859887910328098e+02 2.538175895180321273e-01
4.980624499599679780e+02 2.519553316255429554e-01
4.986389111289032030e+02 2.500805709669337018e-01
4.992153722978382575e+02 2.481941844588422819e-01
4.997918334667734257e+02 2.462969897066176195e-01
5.003682946357086507e+02 2.443897519022394105e-01
5.009447558046437052e+02 2.424731898866822610e-01
5.015212169735788734e+02 2.405479814893426160e-01
5.020976781425139848e+02 2.386147682421177474e-01
5.026741393114492098e+02 2.366741595526205555e-01
5.032506004803843211e+02 2.347267364097030407e-01
5.038270616493194325e+02 2.327730546847252280e-01
5.044035228182546575e+02 2.308136480836407156e-01
5.049799839871897120e+02 2.288490307978416349e-01
5.055564451561248802e+02 2.268796998955922295e-01
5.061329063250601052e+02 2.249061374907470323e-01
5.067093674939951597e+02 2.229288127210226345e-01
5.072858286629303279e+02 2.209481835644491743e-01
5.078622898318655530e+02 2.189646985195208284e-01
5.084387510008006643e+02 2.169787981720098791e-01
5.090152121697357757e+02 2.149909166693404206e-01
5.095916733386710007e+02 2.130014831217222071e-01
5.101681345076061120e+02 2.110109229479872617e-01
5.107445956765412234e+02 2.090196591831039452e-01
5.113210568454763347e+02 2.070281137637458579e-01
5.118975180144115598e+02 2.050367088079980415e-01
5.124739791833467280e+02 2.030458679052863646e-01
5.130504403522817256e+02 2.010560174329552308e-01
5.136269015212169506e+02 1.990675879165700046e-01
5.142033626901521757e+02 1.970810154520320490e-01
5.147798238590871733e+02 1.950967432089691922e-01
5.153562850280223984e+02 1.931152230366794120e-01
5.159327461969576234e+02 1.911369171961890268e-01
5.165092073658928484e+02 1.891623002448077628e-01
5.170856685348278461e+02 1.871918611030363999e-01
5.176621297037630711e+02 1.852261053378746469e-01
5.182385908726981825e+02 1.832655577016601145e-01
5.188150520416332938e+02 1.813107649716532987e-01
5.193915132105684052e+02 1.793622991429263402e-01
5.199679743795036302e+02 1.774207610358787823e-01
5.205444355484386278e+02 1.754867843902181701e-01
5.211208967173738529e+02 1.735610405298363135e-01
5.216973578863090779e+02 1.716442436980543385e-01
5.222738190552443029e+02 1.697371571806954582e-01
5.228502802241793006e+02 1.678406003559212434e-01
5.234267413931145256e+02 1.659554568353159842e-01
5.240032025620497507e+02 1.640826838910702523e-01
5.245796637309847483e+02 1.622233233999711977e-01
5.251561248999199734e+02 1.603785145770507958e-01
5.257325860688551984e+02 1.585495088207223846e-01
5.263090472377903097e+02 1.567376870474701533e-01
5.268855084067253074e+02 1.549445799573954119e-01
5.274619695756605324e+02 1.531718917409325975e-01
5.280384307445957575e+02 1.514215278087784056e-01
5.286148919135307551e+02 1.496956271954771323e-01
5.291913530824659802e+02 1.479966003412949982e-01
5.297678142514012052e+02 1.463271729784991204e-01
5.303442754203362028e+02 1.446904368067869762e-01
5.309207365892714279e+02 1.430899074910073343e-01
5.314971977582066529e+02 1.415295901803846068e-01
5.320736589271417643e+02 1.400140521266357019e-01
5.326501200960768756e+02 1.385485009213188734e-01
5.332265812650121006e+02 1.371388651880754428e-01
5.338030424339472120e+02 1.357918720276380387e-01
5.343795036028822096e+02 1.345151119096360259e-01
5.349559647718174347e+02 1.333170769428160818e-01
5.355324259407526597e+02 1.322071527677795844e-01
5.361088871096877710e+02 1.311955385864288781e-01
5.366853482786228824e+02 1.302930659943505876e-01
5.372618094475581074e+02 1.295108885351624328e-01
5.378382706164932188e+02 1.288600244231912773e-01
5.384147317854283301e+02 1.283507582649432710e-01
5.389911929543635551e+02 1.279919438119165309e-01
5.395676541232986665e+02 1.277902916453437510e-01
5.401441152922337778e+02 1.277497579494112079e-01
5.407205764611690029e+02 1.278711547085797928e-01
5.412970376301041142e+02 1.281520669677436719e-01
5.418734987990393392e+02 1.285870961709447702e-01
5.424499599679743369e+02 1.291683744805953715e-01
5.430264211369095619e+02 1.298862421822169488e-01
5.436028823058446733e+02 1.307299654174227110e-01
5.441793434747797846e+02 1.316883918284371957e-01
5.447558046437150097e+02 1.327504810689061343e-01
5.453322658126501210e+02 1.339056876049810330e-01
5.459087269815853460e+02 1.351442034016414329e-01
5.464851881505204574e+02 1.364570847373990370e-01
5.470616493194555687e+02 1.378362927415973382e-01
5.476381104883907938e+02 1.392746754697983813e-01
5.482145716573257914e+02 1.407659142242052575e-01
5.487910328262610165e+02 1.423044509510293099e-01
5.493674939951962415e+02 1.438854082608993501e-01
5.499439551641313528e+02 1.455045094326412325e-01
5.505204163330664642e+02 1.471580027125446721e-01
5.510968775020015755e+02 1.488425921390481577e-01
5.516733386709368006e+02 1.505553757785511593e-01
5.522497998398719119e+02 1.522937914399374038e-01
5.528262610088070232e+02 1.540555694731282621e-01
5.534027221777422483e+02 1.558386920251093599e-01
5.539791833466773596e+02 1.576413580376750390e-01
5.545556445156124710e+02 1.594619532658686223e-01
5.551321056845476960e+02 1.612990246368645186e-01
5.557085668534828073e+02 1.631512583321003684e-01
5.562850280224179187e+02 1.650174610465234559e-01
5.568614891913531437e+02 1.668965439497319680e-01
5.574379503602882551e+02 1.687875089401552897e-01
5.580144115292233664e+02 1.706894368432353704e-01
5.585908726981585914e+02 1.726014772571581868e-01
5.591673338670937028e+02 1.745228397951774924e-01
5.597437950360288141e+02 1.764527865124941863e-01
5.603202562049639255e+02 1.783906253386605689e-01
5.608967173738991505e+02 1.803357043643577795e-01
5.614731785428342619e+02 1.822874068548191451e-01
5.620496397117693732e+02 1.842451468818313842e-01
5.626261008807045982e+02 1.862083654827026147e-01
5.632025620496397096e+02 1.881765272683366408e-01
5.637790232185748209e+02 1.901491174140768348e-01
5.643554843875100460e+02 1.921256389765743922e-01
5.649319455564451573e+02 1.941056104879593236e-01
5.655084067253803823e+02 1.960885637852854413e-01
5.660848678943154937e+02 1.980740420387725187e-01
5.666613290632506050e+02 2.000615979470012074e-01
5.672377902321858301e+02 2.020507920710171990e-01
5.678142514011209414e+02 2.040411912824549867e-01
5.683907125700560528e+02 2.060323673033234992e-01
5.689671737389911641e+02 2.080238953171321958e-01
5.695436349079263891e+02 2.100153526326419273e-01
5.701200960768615005e+02 2.120063173826949587e-01
5.706965572457966118e+02 2.139963672414251505e-01
5.712730184147318369e+02 2.159850781436215839e-01
5.718494795836669482e+02 2.179720229902074313e-01
5.724259407526020595e+02 2.199567703236447180e-01
5.730024019215372846e+02 2.219388829566208698e-01
5.735788630904723959e+02 2.239179165366085578e-01
5.741553242594075073e+02 2.258934180277702986e-01
5.747317854283427323e+02 2.278649240902023698e-01
5.753082465972778436e+02 2.298319593346597745e-01
5.758847077662129550e+02 2.317940344285584764e-01
5.764611689351480663e+02 2.337506440262753227e-01
5.770376301040832914e+02 2.357012644933638434e-01
5.776140912730184027e+02 2.376453513903030168e-01
5.781905524419535141e+02 2.395823366766201001e-01
5.787670136108887391e+02 2.415116255906245013e-01
5.793434747798238504e+02 2.434325931533893317e-01
5.799199359487589618e+02 2.453445802378829699e-01
5.804963971176941868e+02 2.472468891351407849e-01
5.810728582866292982e+02 2.491387785388431420e-01
5.816493194555644095e+02 2.510194578575131175e-01
5.822257806244996345e+02 2.528880807494752192e-01
5.828022417934347459e+02 2.547437377596324382e-01
5.833787029623699709e+02 2.565854479188251491e-01
5.839551641313050823e+02 2.584121491459794306e-01
5.845316253002401936e+02 2.602226872705613592e-01
5.851080864691753050e+02 2.620158034683158776e-01
5.856845476381104163e+02 2.637901198777097278e-01
5.862610088070456413e+02 2.655441231392300372e-01
5.868374699759807527e+02 2.672761455771469064e-01
5.874139311449158640e+02 2.689843437272929627e-01
5.879903923138510891e+02 2.706666739107910225e-01
5.885668534827862004e+02 2.723208645714358944e-01
5.891433146517214254e+02 2.739443851468457147e-01
5.897197758206565368e+02 2.755344113495161174e-01
5.902962369895916481e+02 2.770877869201562871e-01
5.908726981585268732e+02 2.786009822181305107e-01
5.914491593274619845e+02 2.800700504790793466e-01
5.920256204963970958e+02 2.814905832545721021e-01
5.926020816653322072e+02 2.828576675155810571e-01
5.931785428342674322e+02 2.841658482073467495e-01
5.937550040032025436e+02 2.854091017149491538e-01
5.943314651721376549e+02 2.865808276925993492e-01
5.949079263410728799e+02 2.876738688464689497e-01
5.954843875100079913e+02 2.886805701466037544e-01
5.960608486789431026e+02 2.895928898914173488e-01
5.966373098478783277e+02 2.904025740609321726e-01
5.972137710168134390e+02 2.911014012920014604e-01
5.977902321857485504e+02 2.916814976035629892e-01
5.983666933546837754e+02 2.921357075579295026e-01
5.989431545236188867e+02 2.924579933589785408e-01
5.995196156925539981e+02 2.926438190208231482e-01
6.000960768614892231e+02 2.926904682917139122e-01
6.006725380304243345e+02 2.925972472959903481e-01
6.012489991993594458e+02 2.923655377879600947e-01
6.018254603682945572e+02 2.919986917037903917e-01
6.024019215372297822e+02 2.915017853138929804e-01
6.029783827061650072e+02 2.908812733964858399e-01
6.035548438751000049e+02 2.901445946264997744e-01
6.041313050440352299e+02 2.892997776671099586e-01
6.047077662129704549e+02 2.883550864299717076e-01
6.052842273819054526e+02 2.873187278143952139e-01
6.058606885508406776e+02 2.861986306724033646e-01
6.064371497197757890e+02 2.850022936461468759e-01
6.070136108887110140e+02 2.837366927596059463e-01
6.075900720576461254e+02 2.824082367122972004e-01
6.081665332265812367e+02 2.810227576075488010e-01
6.087429943955164617e+02 2.795855262047331480e-01
6.093194555644514594e+02 2.781012828148448079e-01
6.098959167333866844e+02 2.765742770793362393e-01
6.104723779023219095e+02 2.750083117701323521e-01
6.110488390712569071e+02 2.734067872988383829e-01
6.116253002401921322e+02 2.717727448108130939e-01
6.122017614091273572e+02 2.701089066057545396e-01
6.127782225780624685e+02 2.684177132311971747e-01
6.133546837469975799e+02 2.667013570004951317e-01
6.139311449159326912e+02 2.649618119459027921e-01
6.145076060848679163e+02 2.632008603733850816e-01
6.150840672538030276e+02 2.614201162714003268e-01
6.156605284227381389e+02 2.596210458649593211e-01
6.162369895916733640e+02 2.578049856156813813e-01
6.168134507606085890e+02 2.559731579599858753e-01
6.173899119295435867e+02 2.541266850587857173e-01
6.179663730984788117e+02 2.522666008082722344e-01
6.185428342674140367e+02 2.503938613358060450e-01
6.191192954363490344e+02 2.485093541795847794e-01
6.196957566052842594e+02 2.466139063267825116e-01
6.202722177742193708e+02 2.447082912628590623e-01
6.208486789431544821e+02 2.427932351649230991e-01
6.214251401120895935e+02 2.408694223544898816e-01
6.220016012810248185e+02 2.389375001095896400e-01
6.225780624499600435e+02 2.369980829227570640e-01
6.231545236188950412e+02 2.350517562798556392e-01
6.237309847878302662e+02 2.330990800246868500e-01
6.243074459567654912e+02 2.311405913657647027e-01
6.248839071257004889e+02 2.291768075743105537e-01
6.254603682946357139e+02 2.272082284162444121e-01
6.260368294635709390e+02 2.252353383556718325e-01
6.266132906325060503e+02 2.232586085628168460e-01
6.271897518014411617e+02 2.212784987555966865e-01
6.277662129703762730e+02 2.192954589008298538e-01
6.283426741393114980e+02 2.173099307984366624e-01
6.289191353082464957e+02 2.153223495698489975e-01
6.294955964771817207e+02 2.133331450700716725e-01
6.300720576461169458e+02 2.113427432415381224e-01
6.306485188150519434e+02 2.093515674268586479e-01
6.312249799839871685e+02 2.073600396569267312e-01
6.318014411529223935e+02 2.053685819304911508e-01
6.323779023218576185e+02 2.033776175012521614e-01
6.329543634907926162e+02 2.013875721888339632e-01
6.335308246597278412e+02 1.993988757305743265e-01
6.341072858286629526e+02 1.974119631920319418e-01
6.346837469975979502e+02 1.954272764554038089e-01
6.352602081665331752e+02 1.934452658068104847e-01
6.358366693354684003e+02 1.914663916455849602e-01
6.364131305044036253e+02 1.894911263414433278e-01
6.369895916733386230e+02 1.875199562687571153e-01
6.375660528422738480e+02 1.855533840512257338e-01
6.381425140112090730e+02 1.835919310551669958e-01
6.387189751801440707e+02 1.816361401755427485e-01
6.392954363490792957e+02 1.796865789659593537e-01
6.398718975180145208e+02 1.777438431724002454e-01
6.404483586869496321e+02 1.758085607406331685e-01
6.410248198558847434e+02 1.738813963794698936e-01
6.416012810248198548e+02 1.719630567766510798e-01
6.421777421937550798e+02 1.700542965815925733e-01
6.427542033626900775e+02 1.681559252900876045e-01
6.433306645316253025e+02 1.662688151908644774e-01
6.439071257005605275e+02 1.643939105634444897e-01
6.444835868694955252e+02 1.625322383516021041e-01
6.450600480384307502e+02 1.606849205777990397e-01
6.456365092073659753e+02 1.588531888117600543e-01
6.462129703763010866e+02 1.570384010613807835e-01
6.467894315452361980e+02 1.552420615162790063e-01
6.473658927141714230e+02 1.534658436424988504e-01
6.479423538831065343e+02 1.517116171984838613e-01
6.485188150520416457e+02 1.499814798119655235e-01
6.490952762209767570e+02 1.482777938150316999e-01
6.496717373899119821e+02 1.466032290632806601e-01
6.502481985588470934e+02 1.449608124368090001e-01
6.508246597277822048e+02 1.433539845918021249e-01
6.514011208967174298e+02 1.417866642342439087e-01
6.519775820656526548e+02 1.402633196224662426e-01
6.525540432345876525e+02 1.387890460329082587e-01
6.531305044035227638e+02 1.373696463584596628e-01
6.537069655724581025e+02 1.360117096292271510e-01
6.542834267413931002e+02 1.347226788309835721e-01
6.548598879103282115e+02 1.335108948232146264e-01
6.554363490792634366e+02 1.323855975863456047e-01
6.560128102481986616e+02 1.313568602041139399e-01
6.565892714171336593e+02 1.304354266373294602e-01
6.571657325860688843e+02 1.296324244727443675e-01
6.577421937550041093e+02 1.289589325175659884e-01
6.583186549239391070e+02 1.284254042103216420e-01
6.588951160928742183e+02 1.280409821534288506e-01
6.594715772618095571e+02 1.278127808606059623e-01
6.600480384307446684e+02 1.277452499780717954e-01
6.606244995996796661e+02 1.278397402086737522e-01
6.612009607686150048e+02 1.280943660197042810e-01
6.617774219375501161e+02 1.285041965836037636e-01
6.623538831064851138e+02 1.290617314297796692e-01
6.629303442754203388e+02 1.297575592889805562e-01
6.635068054443555638e+02 1.305810771066109321e-01
6.640832666132905615e+02 1.315211615757359009e-01
6.646597277822257865e+02 1.325667230756440995e-01
6.652361889511610116e+02 1.337071132103664073e-01
6.658126501200961229e+02 1.349323894532158952e-01
6.663891112890312343e+02 1.362334592513534393e-01
6.669655724579664593e+02 1.376021329041870467e-01
6.675420336269015706e+02 1.390311136477345999e-01
6.681184947958365683e+02 1.405139486092888690e-01
6.686949559647719070e+02 1.420449584265280896e-01
6.692714171337070184e+02 1.436191578878781017e-01
6.698478783026421297e+02 1.452321755704357731e-01
6.704243394715772411e+02 1.468801772226003000e-01
6.710008006405124661e+02 1.485597954109305063e-01
6.715772618094475774e+02 1.502680664991860315e-01
6.721537229783826888e+02 1.520023751347386043e-01
6.727301841473179138e+02 1.537604059058556849e-01
6.733066453162530252e+02 1.555401015700736689e-01
6.738831064851881365e+02 1.573396271456441453e-01
6.744595676541233615e+02 1.591573391419102979e-01
6.750360288230584729e+02 1.609917592395029018e-01
6.756124899919935842e+02 1.628415517918036515e-01
6.761889511609288093e+02 1.647055045895513548e-01
6.767654123298639206e+02 1.665825124017755732e-01
6.773418734987990319e+02 1.684715628735720394e-01
6.779183346677341433e+02 1.703717244221990001e-01
6.784947958366693683e+02 1.722821358267896397e-01
6.790712570056044797e+02 1.742019972536086592e-01
6.796477181745395910e+02 1.761305624987626051e-01
6.802241793434748161e+02 1.780671322642066734e-01
6.808006405124099274e+02 1.800110483115805737e-01
6.813771016813450387e+02 1.819616883625155557e-01
6.819535628502802638e+02 1.839184616343115530e-01
6.825300240192153751e+02 1.858808049168245435e-01
6.831064851881504865e+02 1.878481791105822141e-01
6.836829463570857115e+02 1.898200661580128068e-01
6.842594075260208228e+02 1.917959663095554212e-01
6.848358686949559342e+02 1.937753956747031436e-01
6.854123298638910455e+02 1.957578840149012678e-01
6.859887910328262706e+02 1.977429727409860949e-01
6.865652522017613819e+02 1.997302130825922561e-01
6.871417133706964933e+02 2.017191644009144746e-01
6.877181745396317183e+02 2.037093926194410987e-01
6.882946357085668296e+02 2.057004687499215390e-01
6.888710968775019410e+02 2.076919674929429971e-01
6.894475580464372797e+02 2.096834658941528207e-01
6.900240192153722774e+02 2.116745420384230636e-01
6.906004803843073887e+02 2.136647737651327372e-01
6.911769415532426137e+02 2.156537373882832787e-01
6.917534027221777251e+02 2.176410064054143667e-01
6.923298638911128364e+02 2.196261501791560433e-01
6.929063250600479478e+02 2.216087325748864190e-01
6.934827862289832865e+02 2.235883105372336865e-01
6.940592473979182842e+02 2.255644325870979627e-01
6.946357085668533955e+02 2.275366372194729814e-01
6.952121697357887342e+02 2.295044511805296172e-01
6.957886309047237319e+02 2.314673876002011355e-01
6.963650920736588432e+02 2.334249439537777193e-01
6.969415532425941819e+02 2.353765998227387857e-01
6.975180144115292933e+02 2.373218144211595715e-01
6.980944755804642909e+02 2.392600238493866882e-01
6.986709367493996297e+02 2.411906380312104081e-01
6.992473979183347410e+02 2.431130372843526566e-01
6.998238590872697387e+02 2.450265684665403620e-01
7.004003202562048500e+02 2.469305406306641915e-01
7.009767814251401887e+02 2.488242201122400910e-01
7.015532425940751864e+02 2.507068249605514110e-01
7.021297037630102977e+02 2.525775186110792436e-01
7.027061649319456365e+02 2.544354026811306291e-01
7.032826261008807478e+02 2.562795087526092419e-01
7.038590872698157455e+02 2.581087889857363593e-01
7.044355484387510842e+02 2.599221053851472063e-01
7.050120096076861955e+02 2.617182175155405854e-01
7.055884707766211932e+02 2.634957684385769716e-01
7.061649319455565319e+02 2.652532686172878185e-01
7.067413931144916432e+02 2.669890775110281833e-01
7.073178542834267546e+02 2.687013825665361400e-01
7.078943154523619796e+02 2.703881753044284353e-01
7.084707766212970910e+02 2.720472242139015950e-01
7.090472377902322023e+02 2.736760442138791438e-01
7.096236989591672000e+02 2.752718625343325010e-01
7.102001601281025387e+02 2.768315810421390077e-01
7.107766212970376500e+02 2.783517353159899455e-01
7.113530824659726477e+02 2.798284512092540921e-01
7.119295436349079864e+02 2.812574002836614739e-01
7.125060048038430978e+02 2.826337564122166079e-01
7.130824659727782091e+02 2.839521570960002461e-01
7.136589271417134341e+02 2.852066746507435635e-01
7.142353883106485455e+02 2.863908043669181613e-01
7.148118494795836568e+02 2.874974788805513271e-01
7.153883106485188819e+02 2.885191199586012445e-01
7.159647718174539932e+02 2.894477400683830304e-01
7.165412329863891046e+02 2.902751055158752092e-01
7.171176941553243296e+02 2.909929694345901319e-01
7.176941553242594409e+02 2.915933754273205558e-01
7.182706164931945523e+02 2.920690208762524165e-01
7.188470776621297773e+02 2.924136540176760501e-01
7.194235388310648887e+02 2.926224640455594717e-01
7.200000000000000000e+02 2.926924137002231419e-01
