Theta (degrees)	Normalized Energy
0.000000000000000000e+00 3.417829581264206773e-01
5.764611689351480939e-01 3.418423574016036248e-01
1.152922337870296188e+00 3.420195177924396646e-01
1.729383506805444393e+00 3.423114065438440656e-01
2.305844675740592375e+00 3.427132203587964221e-01
2.882305844675740580e+00 3.432187179890632822e-01
3.458767013610888785e+00 3.438206103416558412e-01
4.035228182546037878e+00 3.445109575572911087e-01
4.611689351481184751e+00 3.452815323251446911e-01
5.188150520416332512e+00 3.461241235301769636e-01
5.764611689351481161e+00 3.470307692485343209e-01
6.341072858286629810e+00 3.479939198934374756e-01
6.917534027221777571e+00 3.490065397932564095e-01
7.493995196156925331e+00 3.500621589866922401e-01
8.070456365092075757e+00 3.511548876046308720e-01
8.646917534027222629e+00 3.522794040425806239e-01
9.223378702962369502e+00 3.534309261610172337e-01
9.799839871897518151e+00 3.546051726174683227e-01
1.037630104083266502e+01 3.557983194863639231e-01
1.095276220976781545e+01 3.570069557114177172e-01
1.152922337870296232e+01 3.582280396891305840e-01
1.210568454763811097e+01 3.594588583664080628e-01
1.268214571657325962e+01 3.606969895914112767e-01
1.325860688550840827e+01 3.619402680223279267e-01
1.383506805444355514e+01 3.631867546186618445e-01
1.441152922337870379e+01 3.644347095690077531e-01
1.498799039231385066e+01 3.656825684138126364e-01
1.556445156124899931e+01 3.669289210761970677e-01
1.614091273018415151e+01 3.681724935004880295e-01
1.671737389911929483e+01 3.694121316043836312e-01
1.729383506805444526e+01 3.706467872681845077e-01
1.787029623698959213e+01 3.718755061077851365e-01
1.844675740592473900e+01 3.730974168036201855e-01
1.902321857485988943e+01 3.743117217832601096e-01
1.959967974379503630e+01 3.755176890797026212e-01
2.017614091273018673e+01 3.767146452098043552e-01
2.075260208166533005e+01 3.779019689375537339e-01
2.132906325060048047e+01 3.790790858048925238e-01
2.190552441953563090e+01 3.802454633286175834e-01
2.248198558847077777e+01 3.814006067757416685e-01
2.305844675740592464e+01 3.825440554416691952e-01
2.363490792634107507e+01 3.836753793659464784e-01
2.421136909527622194e+01 3.847941764292728273e-01
2.478783026421137237e+01 3.859000697831695970e-01
2.536429143314651924e+01 3.869927055703148988e-01
2.594075260208166256e+01 3.880717508992422293e-01
2.651721377101681654e+01 3.891368920419765454e-01
2.709367493995195986e+01 3.901878328273742369e-01
2.767013610888711028e+01 3.912242932065471690e-01
2.824659727782225715e+01 3.922460079698270041e-01
2.882305844675740758e+01 3.932527255974190283e-01
2.939951961569255445e+01 3.942442072281667209e-01
2.997598078462770133e+01 3.952202257328548685e-01
3.055244195356285175e+01 3.961805648801644542e-01
3.112890312249799862e+01 3.971250185848912984e-01
3.170536429143314550e+01 3.980533902293176274e-01
3.228182546036830303e+01 3.989654920497277546e-01
3.285828662930344990e+01 3.998611445810368870e-01
3.343474779823858967e+01 4.007401761533273543e-01
3.401120896717373654e+01 4.016024224348353489e-01
3.458767013610889052e+01 4.024477260165476578e-01
3.516413130504403739e+01 4.032759360341388044e-01
3.574059247397918426e+01 4.040869078234705647e-01
3.631705364291433114e+01 4.048805026062753942e-01
3.689351481184947801e+01 4.056565872030611919e-01
3.746997598078462488e+01 4.064150337705705884e-01
3.804643714971977886e+01 4.071557195614254887e-01
3.862289831865492573e+01 4.078785267038552709e-01
3.919935948759007260e+01 4.085833419996265925e-01
3.977582065652522658e+01 4.092700567384662813e-01
4.035228182546037345e+01 4.099385665275025459e-01
4.092874299439551322e+01 4.105887711343476076e-01
4.150520416333066009e+01 4.112205743426075033e-01
4.208166533226581407e+01 4.118338838187476370e-01
4.265812650120096094e+01 4.124286109893106622e-01
4.323458767013610782e+01 4.130046709276182781e-01
4.381104883907126180e+01 4.135619822491554687e-01
4.438751000800640867e+01 4.141004670149243116e-01
4.496397117694155554e+01 4.146200506421139353e-01
4.554043234587670241e+01 4.151206618215040334e-01
4.611689351481184929e+01 4.156022324410746371e-01
4.669335468374699616e+01 4.160646975153464711e-01
4.726981585268215014e+01 4.165079951200105768e-01
4.784627702161729701e+01 4.169320663314620146e-01
4.842273819055244388e+01 4.173368551708813712e-01
4.899919935948759786e+01 4.177223085525438306e-01
4.957566052842274473e+01 4.180883762360606548e-01
5.015212169735789161e+01 4.184350107822940035e-01
5.072858286629303848e+01 4.187621675127000676e-01
5.130504403522817825e+01 4.190698044718942916e-01
5.188150520416332512e+01 4.193578823932245792e-01
5.245796637309847199e+01 4.196263646672040992e-01
5.303442754203363307e+01 4.198752173126122922e-01
5.361088871096877284e+01 4.201044089501425605e-01
5.418734987990391971e+01 4.203139107784623074e-01
5.476381104883908080e+01 4.205036965525587589e-01
5.534027221777422056e+01 4.206737425642886330e-01
5.591673338670936744e+01 4.208240276250142520e-01
5.649319455564451431e+01 4.209545330502693639e-01
5.706965572457966118e+01 4.210652426463655229e-01
5.764611689351481516e+01 4.211561426988881252e-01
5.822257806244995493e+01 4.212272219630300851e-01
5.879903923138510891e+01 4.212784716557095854e-01
5.937550040032026288e+01 4.213098854494479184e-01
5.995196156925540265e+01 4.213214594679784986e-01
6.052842273819055663e+01 4.213131922835593457e-01
6.110488390712570350e+01 4.212850849159865407e-01
6.168134507606085037e+01 4.212371408332990508e-01
6.225780624499599725e+01 4.211693659541806412e-01
6.283426741393115122e+01 4.210817686520679226e-01
6.341072858286629099e+01 4.209743597609825749e-01
6.398718975180144497e+01 4.208471525831136706e-01
6.456365092073660605e+01 4.207001628981890673e-01
6.514011208967173161e+01 4.205334089746672888e-01
6.571657325860689980e+01 4.203469115828127878e-01
6.629303442754202536e+01 4.201406940097004439e-01
6.686949559647717933e+01 4.199147820762382799e-01
6.744595676541233331e+01 4.196692041562625763e-01
6.802241793434747308e+01 4.194039911978192370e-01
6.859887910328262706e+01 4.191191767467113971e-01
6.917534027221778103e+01 4.188147969724466679e-01
6.975180144115292080e+01 4.184908906966966491e-01
7.032826261008807478e+01 4.181474994244133159e-01
7.090472377902322876e+01 4.177846673777638187e-01
7.148118494795836853e+01 4.174024415330546689e-01
7.205764611689350829e+01 4.170008716608318289e-01
7.263410728582866227e+01 4.165800103693845791e-01
7.321056845476380204e+01 4.161399131518682126e-01
7.378702962369895602e+01 4.156806384373253338e-01
7.436349079263410999e+01 4.152022476458760436e-01
7.493995196156924976e+01 4.147048052484028635e-01
7.551641313050440374e+01 4.141883788310746772e-01
7.609287429943955772e+01 4.136530391651019878e-01
7.666933546837469748e+01 4.130988602821348277e-01
7.724579663730985146e+01 4.125259195557924308e-01
7.782225780624500544e+01 4.119342977898302616e-01
7.839871897518014521e+01 4.113240793135243267e-01
7.897518014411529919e+01 4.106953520849115913e-01
7.955164131305045316e+01 4.100482078025884936e-01
8.012810248198559293e+01 4.093827420268493222e-01
8.070456365092074691e+01 4.086990543110372021e-01
8.128102481985588668e+01 4.079972483440616471e-01
8.185748598879102644e+01 4.072774321051675916e-01
8.243394715772619463e+01 4.065397180321342341e-01
8.301040832666132019e+01 4.057842232042401798e-01
8.358686949559648838e+01 4.050110695414779749e-01
8.416333066453162814e+01 4.042203840216703759e-01
8.473979183346676791e+01 4.034122989173309359e-01
8.531625300240192189e+01 4.025869520543544078e-01
8.589271417133706166e+01 4.017444870948440050e-01
8.646917534027221564e+01 4.008850538466913194e-01
8.704563650920735540e+01 4.000088086028245060e-01
8.762209767814252359e+01 3.991159145134264841e-01
8.819855884707764915e+01 3.982065419948344620e-01
8.877502001601281734e+01 3.972808691792918956e-01
8.935148118494795710e+01 3.963390824103192323e-01
8.992794235388311108e+01 3.953813767890127506e-01
9.050440352281825085e+01 3.944079567773901562e-01
9.108086469175340483e+01 3.934190368656242942e-01
9.165732586068854459e+01 3.924148423110397910e-01
9.223378702962369857e+01 3.913956099577548531e-01
9.281024819855885255e+01 3.903615891471595711e-01
9.338670936749399232e+01 3.893130427308322261e-01
9.396317053642914630e+01 3.882502481991761401e-01
9.453963170536430027e+01 3.871734989409997829e-01
9.511609287429944004e+01 3.860831056514884008e-01
9.569255404323459402e+01 3.849793979086317819e-01
9.626901521216973379e+01 3.838627259411802051e-01
9.684547638110488776e+01 3.827334626147352314e-01
9.742193755004002753e+01 3.815920056666344817e-01
9.799839871897519572e+01 3.804387802250905337e-01
9.857485988791032128e+01 3.792742416535516692e-01
9.915132105684548947e+01 3.780988787677198038e-01
9.972778222578062923e+01 3.769132174801735347e-01
1.003042433947157832e+02 3.757178249362512212e-01
1.008807045636509230e+02 3.745133142150006145e-01
1.014571657325860770e+02 3.733003496806926447e-01
1.020336269015212167e+02 3.720796530839364791e-01
1.026100880704563565e+02 3.708520105268867662e-01
1.031865492393915105e+02 3.696182804247077347e-01
1.037630104083266502e+02 3.683794026152941159e-01
1.043394715772618184e+02 3.671364087913521201e-01
1.049159327461969440e+02 3.658904344529514963e-01
1.054923939151321122e+02 3.646427326040932448e-01
1.060688550840672661e+02 3.633946894424019414e-01
1.066453162530024059e+02 3.621478423149392389e-01
1.072217774219375457e+02 3.609039002318844003e-01
1.077982385908726997e+02 3.596647672384889471e-01
1.083746997598078394e+02 3.584325689363001000e-01
1.089511609287429934e+02 3.572096824056348874e-01
1.095276220976781616e+02 3.559987696956689596e-01
1.101040832666132872e+02 3.548028148925599923e-01
1.106805444355484411e+02 3.536251645169410374e-01
1.112570056044835951e+02 3.524695705970342652e-01
1.118334667734187349e+02 3.513402351588358341e-01
1.124099279423538889e+02 3.502418540089216048e-01
1.129863891112890286e+02 3.491796564977235340e-01
1.135628502802241826e+02 3.481594364010979770e-01
1.141393114491593224e+02 3.471875671599785051e-01
1.147157726180944906e+02 3.462709925974029601e-01
1.152922337870296303e+02 3.454171822022087945e-01
1.158686949559647701e+02 3.446340387119024018e-01
1.164451561248999099e+02 3.439297459423212855e-01
1.170216172938350780e+02 3.433125477459819663e-01
1.175980784627702178e+02 3.427904557455264123e-01
1.181745396317053718e+02 3.423708945891617006e-01
1.187510008006405258e+02 3.420603080382945693e-01
1.193274619695756655e+02 3.418637643534098158e-01
1.199039231385108053e+02 3.417846104654538308e-01
1.204803843074459593e+02 3.418242261268551463e-01
1.210568454763811133e+02 3.419819184628768993e-01
1.216333066453162672e+02 3.422549752257690869e-01
1.222097678142514070e+02 3.426388674377985888e-01
1.227862289831865326e+02 3.431275673170651186e-01
1.233626901521217007e+02 3.437139324489134062e-01
1.239391513210568547e+02 3.443901048877227589e-01
1.245156124899919945e+02 3.451478823226934445e-01
1.250920736589271627e+02 3.459790328085133870e-01
1.256685348278623024e+02 3.468755397469568402e-01
1.262449959967974280e+02 3.478297762475222044e-01
1.268214571657325820e+02 3.488346162003951867e-01
1.273979183346677502e+02 3.498834934979698219e-01
1.279743795036028899e+02 3.509704218285053523e-01
1.285508406725380439e+02 3.520899865175400878e-01
1.291273018414732121e+02 3.532373180069923735e-01
1.297037630104083235e+02 3.544080544250450271e-01
1.302802241793434632e+02 3.555982987062721867e-01
1.308566853482786314e+02 3.568045740496905149e-01
1.314331465172137996e+02 3.580237801966776878e-01
1.320096076861489394e+02 3.592531520437735049e-01
1.325860688550840507e+02 3.604902214206139321e-01
1.331625300240192189e+02 3.617327823980080459e-01
1.337389911929543587e+02 3.629788601887687371e-01
1.343154523618895269e+02 3.642266835176606321e-01
1.348919135308246666e+02 3.654746602308438508e-01
1.354683746997598348e+02 3.667213558628108494e-01
1.360448358686949462e+02 3.679654748610624027e-01
1.366212970376301143e+02 3.692058441724556106e-01
1.371977582065652541e+02 3.704413989111627892e-01
1.377742193755003939e+02 3.716711698509101991e-01
1.383506805444355621e+02 3.728942725093103983e-01
1.389271417133707018e+02 3.741098976178528490e-01
1.395036028823058416e+02 3.753173027956228647e-01
1.400800640512409814e+02 3.765158052676266798e-01
1.406565252201761496e+02 3.777047754891941778e-01
1.412329863891112893e+02 3.788836315563252621e-01
1.418094475580464575e+02 3.800518342980099828e-01
1.423859087269815973e+02 3.812088829607390705e-01
1.429623698959167371e+02 3.823543114076659033e-01
1.435388310648518768e+02 3.834876847655663834e-01
1.441152922337870166e+02 3.846085964618744524e-01
1.446917534027221848e+02 3.857166656019889728e-01
1.452682145716573245e+02 3.868115346438329438e-01
1.458446757405924927e+02 3.878928673324542054e-01
1.464211369095276041e+02 3.889603468625119631e-01
1.469975980784627723e+02 3.900136742407265267e-01
1.475740592473979120e+02 3.910525668241237041e-01
1.481505204163330518e+02 3.920767570130557211e-01
1.487269815852682200e+02 3.930859910807037449e-01
1.493034427542033598e+02 3.940800281231636726e-01
1.498799039231384995e+02 3.950586391161802768e-01
1.504563650920736393e+02 3.960216060664287774e-01
1.510328262610088075e+02 3.969687212466834758e-01
1.516092874299439472e+02 3.978997865055841632e-01
1.521857485988791154e+02 3.988146126438024686e-01
1.527622097678142268e+02 3.997130188494412151e-01
1.533386709367493950e+02 4.005948321863174177e-01
1.539151321056845347e+02 4.014598871295584903e-01
1.544915932746197029e+02 4.023080251435707244e-01
1.550680544435548427e+02 4.031390942980354053e-01
1.556445156124900109e+02 4.039529489180528343e-01
1.562209767814251222e+02 4.047494492650142162e-01
1.567974379503602904e+02 4.055284612451631188e-01
1.573738991192954302e+02 4.062898561431333988e-01
1.579503602882305984e+02 4.070335103780461372e-01
1.585268214571657381e+02 4.077593052800368434e-01
1.591032826261009063e+02 4.084671268852563819e-01
1.596797437950360177e+02 4.091568657476730708e-01
1.602562049639711859e+02 4.098284167660997124e-01
1.608326661329063256e+02 4.104816790250866987e-01
1.614091273018414938e+02 4.111165556484505101e-01
1.619855884707766336e+02 4.117329536643057342e-01
1.625620496397117734e+02 4.123307838806307690e-01
1.631385108086469131e+02 4.129099607704392882e-01
1.637149719775820529e+02 4.134704023657754246e-01
1.642914331465172211e+02 4.140120301597821628e-01
1.648678943154523893e+02 4.145347690161940712e-01
1.654443554843875290e+02 4.150385470856580161e-01
1.660208166533226404e+02 4.155232957283452877e-01
1.665972778222578086e+02 4.159889494423628098e-01
1.671737389911929768e+02 4.164354457975344426e-01
1.677502001601281165e+02 4.168627253741380434e-01
1.683266613290632563e+02 4.172707317062574472e-01
1.689031224979983961e+02 4.176594112294057526e-01
1.694795836669335358e+02 4.180287132321275356e-01
1.700560448358687040e+02 4.183785898113245860e-01
1.706325060048038438e+02 4.187089958310380444e-01
1.712089671737389835e+02 4.190198888844914316e-01
1.717854283426741233e+02 4.193112292591789081e-01
1.723618895116093199e+02 4.195829799048308995e-01
1.729383506805444313e+02 4.198351064040773406e-01
1.735148118494795710e+02 4.200675769456885256e-01
1.740912730184147108e+02 4.202803623002311917e-01
1.746677341873499074e+02 4.204734357980489667e-01
1.752441953562850472e+02 4.206467733094481631e-01
1.758206565252201869e+02 4.208003532269924407e-01
1.763971176941552983e+02 4.209341564498346733e-01
1.769735788630904949e+02 4.210481663700069155e-01
1.775500400320256347e+02 4.211423688606022453e-01
1.781265012009607744e+02 4.212167522658067376e-01
1.787029623698959142e+02 4.212713073927248919e-01
1.792794235388310824e+02 4.213060275049604897e-01
1.798558847077662222e+02 4.213209083179461079e-01
1.804323458767013619e+02 4.213159479959637244e-01
1.810088070456365017e+02 4.212911471508847261e-01
1.815852682145716699e+02 4.212465088425872972e-01
1.821617293835068097e+02 4.211820385810758904e-01
1.827381905524419778e+02 4.210977443303015044e-01
1.833146517213770892e+02 4.209936365137098013e-01
1.838911128903122290e+02 4.208697280215278336e-01
1.844675740592473971e+02 4.207260342198328451e-01
1.850440352281825369e+02 4.205625729614377306e-01
1.856204963971177051e+02 4.203793645986491634e-01
1.861969575660528164e+02 4.201764319979484075e-01
1.867734187349879846e+02 4.199538005566693655e-01
1.873498799039231244e+02 4.197114982217414747e-01
1.879263410728582926e+02 4.194495555106029783e-01
1.885028022417934608e+02 4.191680055343617317e-01
1.890792634107286005e+02 4.188668840233363833e-01
1.896557245796637119e+02 4.185462293550812340e-01
1.902321857485988801e+02 4.182060825850591468e-01
1.908086469175340198e+02 4.178464874800853490e-01
1.913851080864691880e+02 4.174674905547454129e-01
1.919615692554043278e+02 4.170691411109545554e-01
1.925380304243394676e+02 4.166514912808724214e-01
1.931144915932746073e+02 4.162145960734090488e-01
1.936909527622097755e+02 4.157585134245755931e-01
1.942674139311449153e+02 4.152833042519611939e-01
1.948438751000800551e+02 4.147890325136402989e-01
1.954203362690151948e+02 4.142757652718728756e-01
1.959967974379503914e+02 4.137435727619470094e-01
1.965732586068855028e+02 4.131925284666193576e-01
1.971497197758206426e+02 4.126227091965760096e-01
1.977261809447557823e+02 4.120341951774622591e-01
1.983026421136909789e+02 4.114270701440177480e-01
1.988791032826261187e+02 4.108014214419644095e-01
1.994555644515612585e+02 4.101573401383196149e-01
2.000320256204963698e+02 4.094949211409287249e-01
2.006084867894315664e+02 4.088142633280429927e-01
2.011849479583667062e+02 4.081154696889077726e-01
2.017614091273018460e+02 4.073986474764112464e-01
2.023378702962369857e+02 4.066639083729522430e-01
2.029143314651721539e+02 4.059113686708507585e-01
2.034907926341072937e+02 4.051411494687431891e-01
2.040672538030424334e+02 4.043533768855879229e-01
2.046437149719775732e+02 4.035481822941017760e-01
2.052201761409127130e+02 4.027257025756577069e-01
2.057966373098478812e+02 4.018860803989168784e-01
2.063730984787830209e+02 4.010294645247531320e-01
2.069495596477181607e+02 4.001560101403409120e-01
2.075260208166533005e+02 3.992658792256320033e-01
2.081024819855884687e+02 3.983592409558613934e-01
2.086789431545236368e+02 3.974362721441850321e-01
2.092554043234587766e+02 3.964971577290834492e-01
2.098318654923938880e+02 3.955420913117823623e-01
2.104083266613290562e+02 3.945712757496240286e-01
2.109847878302642243e+02 3.935849238121471583e-01
2.115612489991993641e+02 3.925832589075274326e-01
2.121377101681345323e+02 3.915665158881116437e-01
2.127141713370696721e+02 3.905349419449912207e-01
2.132906325060048118e+02 3.894887976029712817e-01
2.138670936749399516e+02 3.884283578289198235e-01
2.144435548438750914e+02 3.873539132683758712e-01
2.150200160128102596e+02 3.862657716274723874e-01
2.155964771817453993e+02 3.851642592197705994e-01
2.161729383506805391e+02 3.840497227005528758e-01
2.167493995196156789e+02 3.829225310145426553e-01
2.173258606885508470e+02 3.817830775869980320e-01
2.179023218574859868e+02 3.806317827927951924e-01
2.184787830264211266e+02 3.794690967434727891e-01
2.190552441953563232e+02 3.782955024385452614e-01
2.196317053642914630e+02 3.771115193346851191e-01
2.202081665332265743e+02 3.759177073949022119e-01
2.207846277021617141e+02 3.747146716897089558e-01
2.213610888710968823e+02 3.735030676337253719e-01
2.219375500400320504e+02 3.722836069543463688e-01
2.225140112089671902e+02 3.710570645042642890e-01
2.230904723779023016e+02 3.698242860468963222e-01
2.236669335468374697e+02 3.685861971632636291e-01
2.242433947157726379e+02 3.673438134505878083e-01
2.248198558847077777e+02 3.660982522066099087e-01
2.253963170536429175e+02 3.648507458188651187e-01
2.259727782225780572e+02 3.636026571038376010e-01
2.265492393915132254e+02 3.623554968652412112e-01
2.271257005604483652e+02 3.611109439605844629e-01
2.277021617293835050e+02 3.598708681759951178e-01
2.282786228983186447e+02 3.586373562035424234e-01
2.288550840672537845e+02 3.574127409822451806e-01
2.294315452361889811e+02 3.561996345875494963e-01
2.300080064051240925e+02 3.550009647118341216e-01
2.305844675740592606e+02 3.538200145393105012e-01
2.311609287429943720e+02 3.526604654413740270e-01
2.317373899119295402e+02 3.515264413510802433e-01
2.323138510808647084e+02 3.504225528574219650e-01
2.328903122497998197e+02 3.493539379297342928e-01
2.334667734187350163e+02 3.483262946939393312e-01
2.340432345876701561e+02 3.473458998374834850e-01
2.346196957566052959e+02 3.464196041207553423e-01
2.351961569255404356e+02 3.455547943954430101e-01
2.357726180944755470e+02 3.447593100074387018e-01
2.363490792634107436e+02 3.440413013399872266e-01
2.369255404323458833e+02 3.434090206502325437e-01
2.375020016012810515e+02 3.428705414179761268e-01
2.380784627702161629e+02 3.424334128168629032e-01
2.386549239391513311e+02 3.421042700457299635e-01
2.392313851080864708e+02 3.418884366030189303e-01
2.398078462770216106e+02 3.417895666718007153e-01
2.403843074459568072e+02 3.418093793501281730e-01
2.409607686148919186e+02 3.419475278243943595e-01
2.415372297838270583e+02 3.422016260630786899e-01
2.421136909527622265e+02 3.425674283533877151e-01
2.426901521216973379e+02 3.430391311700060619e-01
2.432666132906325345e+02 3.436097499610127892e-01
2.438430744595676458e+02 3.442715190689066840e-01
2.444195356285028140e+02 3.450162699544685463e-01
2.449959967974379538e+02 3.458357566477792688e-01
2.455724579663730651e+02 3.467219127018257852e-01
2.461489191353082617e+02 3.476670369810719308e-01
2.467253803042434015e+02 3.486639145540367801e-01
2.473018414731785413e+02 3.497058836905405088e-01
2.478783026421137095e+02 3.507868613879470132e-01
2.484547638110487924e+02 3.519013391484114850e-01
2.490312249799839890e+02 3.530443589433855389e-01
2.496076861489191288e+02 3.542114771721880939e-01
2.501841473178543254e+02 3.553987223867767775e-01
2.507606084867894367e+02 3.566025508236438935e-01
2.513370696557246049e+02 3.578198024175966441e-01
2.519135308246597162e+02 3.590476589523111661e-01
2.524899919935948560e+02 3.602836052751258178e-01
2.530664531625300526e+02 3.615253940059087734e-01
2.536429143314651640e+02 3.627710138438112186e-01
2.542193755004003322e+02 3.640186613728988441e-01
2.547958366693355003e+02 3.652667161503620474e-01
2.553722978382706117e+02 3.665137188011959313e-01
2.559487590072057799e+02 3.677583518207798163e-01
2.565252201761408628e+02 3.689994227875851851e-01
2.571016813450760878e+02 3.702358497027521955e-01
2.576781425140111992e+02 3.714666481950841259e-01
2.582546036829464242e+02 3.726909203550606287e-01
2.588310648518815356e+02 3.739078449871598986e-01
2.594075260208166469e+02 3.751166690945978988e-01
2.599839871897518151e+02 3.763167004337005794e-01
2.605604483586869264e+02 3.775073009961046888e-01
2.611369095276221515e+02 3.786878812957441554e-01
2.617133706965572628e+02 3.798578953541031922e-01
2.622898318654923742e+02 3.810168362917197293e-01
2.628662930344275992e+02 3.821642324464876728e-01
2.634427542033626537e+02 3.832996439502190933e-01
2.640192153722978787e+02 3.844226597043254312e-01
2.645956765412329901e+02 3.855328947035729925e-01
2.651721377101681014e+02 3.866299876638248922e-01
2.657485988791033265e+02 3.877135989156703655e-01
2.663250600480384378e+02 3.887834085309670451e-01
2.669015212169736060e+02 3.898391146537407148e-01
2.674779823859087173e+02 3.908804320106682995e-01
2.680544435548438855e+02 3.919070905796421811e-01
2.686309047237790537e+02 3.929188343976920406e-01
2.692073658927141651e+02 3.939154204919850799e-01
2.697838270616493332e+02 3.948966179196797266e-01
2.703602882305845014e+02 3.958622069042171399e-01
2.709367493995196696e+02 3.968119780571978672e-01
2.715132105684547810e+02 3.977457316763031714e-01
2.720896717373898923e+02 3.986632771109269169e-01
2.726661329063250605e+02 3.995644321881566263e-01
2.732425940752602287e+02 4.004490226926551433e-01
2.738190552441953969e+02 4.013168818947249750e-01
2.743955164131305082e+02 4.021678501215369961e-01
2.749719775820656764e+02 4.030017743670672448e-01
2.755484387510007878e+02 4.038185079367966890e-01
2.761248999199359559e+02 4.046179101236869746e-01
2.767013610888711241e+02 4.053998459123203668e-01
2.772778222578062355e+02 4.061641857084513640e-01
2.778542834267414037e+02 4.069108050915003494e-01
2.784307445956765719e+02 4.076395845878090785e-01
2.790072057646116832e+02 4.083504094626993486e-01
2.795836669335468514e+02 4.090431695295741465e-01
2.801601281024819627e+02 4.097177589745118476e-01
2.807365892714171309e+02 4.103740761949413174e-01
2.813130504403522991e+02 4.110120236511354830e-01
2.818895116092874105e+02 4.116315077294080416e-01
2.824659727782225787e+02 4.122324386159834098e-01
2.830424339471577468e+02 4.128147301806258107e-01
2.836188951160929150e+02 4.133782998692180910e-01
2.841953562850280264e+02 4.139230686045317076e-01
2.847718174539631946e+02 4.144489606945243043e-01
2.853482786228983059e+02 4.149559037475616941e-01
2.859247397918334741e+02 4.154438285940177389e-01
2.865012009607686423e+02 4.159126692137474213e-01
2.870776621297037536e+02 4.163623626690050039e-01
2.876541232986389218e+02 4.167928490423811194e-01
2.882305844675740332e+02 4.172040713794083477e-01
2.888070456365092014e+02 4.175959756354907237e-01
2.893835068054443695e+02 4.179685106268695716e-01
2.899599679743794809e+02 4.183216279853382846e-01
2.905364291433146491e+02 4.186552821164707949e-01
2.911128903122498173e+02 4.189694301611301963e-01
2.916893514811849855e+02 4.192640319600676180e-01
2.922658126501200968e+02 4.195390500214139506e-01
2.928422738190552082e+02 4.197944494909096602e-01
2.934187349879903763e+02 4.200301981247213656e-01
2.939951961569255445e+02 4.202462662647072911e-01
2.945716573258607127e+02 4.204426268160167957e-01
2.951481184947958241e+02 4.206192552269136242e-01
2.957245796637309923e+02 4.207761294707278443e-01
2.963010408326661036e+02 4.209132300298517038e-01
2.968775020016012718e+02 4.210305398817079658e-01
2.974539631705364400e+02 4.211280444866222217e-01
2.980304243394715513e+02 4.212057317775466103e-01
2.986068855084067195e+02 4.212635921515905935e-01
2.991833466773418877e+02 4.213016184633153749e-01
2.997598078462769990e+02 4.213198060197647643e-01
3.003362690152121672e+02 4.213181525772157765e-01
3.009127301841472786e+02 4.212966583396237641e-01
3.014891913530825036e+02 4.212553259587629717e-01
3.020656525220176150e+02 4.211941605360667307e-01
3.026421136909527263e+02 4.211131696261544155e-01
3.032185748598878945e+02 4.210123632420990081e-01
3.037950360288230627e+02 4.208917538624147303e-01
3.043714971977582309e+02 4.207513564398316364e-01
3.049479583666933422e+02 4.205911884118713195e-01
3.055244195356284536e+02 4.204112697132916798e-01
3.061008807045636786e+02 4.202116227904428292e-01
3.066773418734987899e+02 4.199922726176018029e-01
3.072538030424339581e+02 4.197532467153762825e-01
3.078302642113690695e+02 4.194945751712392257e-01
3.084067253803042945e+02 4.192162906623105867e-01
3.089831865492394058e+02 4.189184284804988723e-01
3.095596477181745172e+02 4.186010265600936808e-01
3.101361088871096854e+02 4.182641255079941334e-01
3.107125700560447967e+02 4.179077686366787225e-01
3.112890312249800218e+02 4.175320020001103138e-01
3.118654923939151331e+02 4.171368744327625944e-01
3.124419535628502445e+02 4.167224375919576507e-01
3.130184147317854695e+02 4.162887460037573706e-01
3.135948759007205808e+02 4.158358571126564707e-01
3.141713370696557490e+02 4.153638313353466005e-01
3.147477982385908604e+02 4.148727321188648842e-01
3.153242594075259717e+02 4.143626260034686815e-01
3.159007205764611967e+02 4.138335826905978343e-01
3.164771817453963081e+02 4.132856751163436204e-01
3.170536429143314763e+02 4.127189795308779385e-01
3.176301040832665876e+02 4.121335755843487103e-01
3.182065652522018127e+02 4.115295464197886166e-01
3.187830264211369240e+02 4.109069787736636115e-01
3.193594875900720353e+02 4.102659630847349526e-01
3.199359487590072604e+02 4.096065936119941964e-01
3.205124099279423717e+02 4.089289685625034920e-01
3.210888710968775399e+02 4.082331902300842530e-01
3.216653322658126513e+02 4.075193651458679511e-01
3.222417934347477626e+02 4.067876042418845928e-01
3.228182546036829876e+02 4.060380230289467596e-01
3.233947157726180990e+02 4.052707417902724485e-01
3.239711769415532672e+02 4.044858857924375495e-01
3.245476381104883785e+02 4.036835855154388142e-01
3.251240992794235467e+02 4.028639769038609431e-01
3.257005604483587149e+02 4.020272016413849459e-01
3.262770216172938262e+02 4.011734074511413284e-01
3.268534827862290513e+02 4.003027484247222989e-01
3.274299439551641058e+02 3.994153853830194056e-01
3.280064051240993308e+02 3.985114862724523088e-01
3.285828662930344422e+02 3.975912266006136897e-01
3.291593274619695535e+02 3.966547899158630042e-01
3.297357886309047785e+02 3.957023683360181843e-01
3.303122497998398330e+02 3.947341631319574162e-01
3.308887109687750581e+02 3.937503853727424286e-01
3.314651721377101694e+02 3.927512566397537430e-01
3.320416333066452808e+02 3.917370098183910465e-01
3.326180944755805058e+02 3.907078899770559666e-01
3.331945556445156171e+02 3.896641553445338579e-01
3.337710168134507853e+02 3.886060783984698341e-01
3.343474779823859535e+02 3.875339470794762486e-01
3.349239391513210649e+02 3.864480661475506174e-01
3.355004003202562330e+02 3.853487586999434500e-01
3.360768614891913444e+02 3.842363678725034815e-01
3.366533226581265126e+02 3.831112587498608502e-01
3.372297838270616808e+02 3.819738205136942177e-01
3.378062449959967921e+02 3.808244688628547592e-01
3.383827061649319603e+02 3.796636487443884045e-01
3.389591673338670716e+02 3.784918374406248676e-01
3.395356285028022398e+02 3.773095480646489475e-01
3.401120896717374080e+02 3.761173335247629534e-01
3.406885508406725194e+02 3.749157910281904482e-01
3.412650120096076876e+02 3.737055672054436783e-01
3.418414731785428557e+02 3.724873639496503741e-01
3.424179343474779671e+02 3.712619450799694576e-01
3.429943955164131353e+02 3.700301439551023641e-01
3.435708566853482466e+02 3.687928721820538658e-01
3.441473178542834148e+02 3.675511295866334405e-01
3.447237790232186398e+02 3.663060156356243713e-01
3.453002401921536944e+02 3.650587425255776841e-01
3.458767013610888625e+02 3.638106501789142855e-01
3.464531625300239739e+02 3.625632234127231790e-01
3.470296236989591421e+02 3.613181115665853316e-01
3.476060848678943671e+02 3.600771508884971217e-01
3.481825460368294216e+02 3.588423899756416069e-01
3.487590072057646466e+02 3.576161185392111030e-01
3.493354683746998148e+02 3.564008996946727570e-01
3.499119295436348693e+02 3.551996058494982789e-01
3.504883907125700944e+02 3.540154580399524908e-01
3.510648518815051489e+02 3.528520682175447787e-01
3.516413130504403739e+02 3.517134834540737165e-01
3.522177742193755421e+02 3.506042302623785245e-01
3.527942353883105966e+02 3.495293561555178341e-01
3.533706965572458216e+02 3.484944641399020937e-01
3.539471577261809898e+02 3.475057340488116875e-01
3.545236188951161012e+02 3.465699225526238103e-01
3.551000800640512693e+02 3.456943315720387155e-01
3.556765412329863238e+02 3.448867331552526450e-01
3.562530024019215489e+02 3.441552384526800346e-01
3.568294635708567171e+02 3.435081003165578184e-01
3.574059247397918284e+02 3.429534444396219461e-01
3.579823859087269966e+02 3.424989336147001850e-01
3.585588470776621648e+02 3.421513833191112131e-01
3.591353082465972761e+02 3.419163622352330845e-01
3.597117694155324443e+02 3.417978243149809026e-01
3.602882305844675557e+02 3.417978243149807360e-01
3.608646917534027239e+02 3.419163622352330845e-01
3.614411529223378921e+02 3.421513833191108245e-01
3.620176140912730034e+02 3.424989336147001850e-01
3.625940752602081716e+02 3.429534444396220572e-01
3.631705364291433398e+02 3.435081003165575408e-01
3.637469975980784511e+02 3.441552384526800346e-01
3.643234587670136193e+02 3.448867331552526450e-01
3.648999199359487307e+02 3.456943315720387155e-01
3.654763811048839557e+02 3.465699225526239768e-01
3.660528422738190670e+02 3.475057340488118540e-01
3.666293034427541784e+02 3.484944641399022602e-01
3.672057646116893466e+02 3.495293561555177231e-01
3.677822257806244579e+02 3.506042302623780804e-01
3.683586869495596829e+02 3.517134834540735500e-01
3.689351481184947943e+02 3.528520682175445011e-01
3.695116092874299056e+02 3.540154580399522133e-01
3.700880704563650738e+02 3.551996058494982789e-01
3.706645316253002420e+02 3.564008996946728680e-01
3.712409927942354102e+02 3.576161185392111030e-01
3.718174539631705215e+02 3.588423899756411628e-01
3.723939151321056329e+02 3.600771508884973993e-01
3.729703763010408579e+02 3.613181115665856091e-01
3.735468374699759693e+02 3.625632234127231790e-01
3.741232986389111375e+02 3.638106501789144520e-01
3.746997598078462488e+02 3.650587425255773510e-01
3.752762209767814738e+02 3.663060156356247044e-01
3.758526821457165852e+02 3.675511295866336070e-01
3.764291433146516965e+02 3.687928721820538658e-01
3.770056044835869216e+02 3.700301439551020866e-01
3.775820656525220329e+02 3.712619450799692911e-01
3.781585268214572011e+02 3.724873639496503741e-01
3.787349879903923124e+02 3.737055672054432898e-01
3.793114491593274238e+02 3.749157910281904482e-01
3.798879103282626488e+02 3.761173335247631200e-01
3.804643714971977602e+02 3.773095480646492805e-01
3.810408326661329284e+02 3.784918374406248676e-01
3.816172938350680397e+02 3.796636487443879604e-01
3.821937550040032079e+02 3.808244688628551478e-01
3.827702161729383761e+02 3.819738205136943843e-01
3.833466773418734874e+02 3.831112587498611832e-01
3.839231385108086556e+02 3.842363678725035925e-01
3.844995996797438238e+02 3.853487586999434500e-01
3.850760608486789351e+02 3.864480661475508949e-01
3.856525220176141033e+02 3.875339470794764152e-01
3.862289831865492147e+02 3.886060783984695566e-01
3.868054443554843829e+02 3.896641553445338579e-01
3.873819055244195511e+02 3.907078899770561331e-01
3.879583666933546624e+02 3.917370098183910465e-01
3.885348278622898306e+02 3.927512566397539095e-01
3.891112890312249419e+02 3.937503853727424286e-01
3.896877502001601101e+02 3.947341631319571387e-01
3.902642113690952783e+02 3.957023683360174071e-01
3.908406725380303897e+02 3.966547899158630042e-01
3.914171337069655578e+02 3.975912266006136897e-01
3.919935948759007829e+02 3.985114862724524754e-01
3.925700560448358374e+02 3.994153853830190726e-01
3.931465172137710056e+02 4.003027484247221324e-01
3.937229783827062306e+02 4.011734074511411619e-01
3.942994395516412851e+02 4.020272016413849459e-01
3.948759007205765101e+02 4.028639769038603324e-01
3.954523618895115646e+02 4.036835855154390917e-01
3.960288230584467328e+02 4.044858857924371054e-01
3.966052842273819579e+02 4.052707417902723375e-01
3.971817453963170124e+02 4.060380230289463155e-01
3.977582065652522374e+02 4.067876042418849258e-01
3.983346677341874056e+02 4.075193651458676736e-01
3.989111289031225169e+02 4.082331902300844195e-01
3.994875900720576851e+02 4.089289685625037696e-01
4.000640512409927396e+02 4.096065936119939188e-01
4.006405124099279647e+02 4.102659630847352856e-01
4.012169735788631328e+02 4.109069787736632784e-01
4.017934347477982442e+02 4.115295464197888942e-01
4.023698959167334124e+02 4.121335755843487103e-01
4.029463570856685237e+02 4.127189795308779385e-01
4.035228182546036919e+02 4.132856751163432873e-01
4.040992794235388601e+02 4.138335826905973902e-01
4.046757405924739714e+02 4.143626260034688480e-01
4.052522017614091396e+02 4.148727321188647177e-01
4.058286629303443078e+02 4.153638313353466005e-01
4.064051240992794192e+02 4.158358571126567482e-01
4.069815852682145874e+02 4.162887460037579812e-01
4.075580464371496987e+02 4.167224375919573731e-01
4.081345076060848669e+02 4.171368744327624278e-01
4.087109687750200351e+02 4.175320020001098698e-01
4.092874299439551464e+02 4.179077686366784450e-01
4.098638911128903146e+02 4.182641255079944109e-01
4.104403522818254260e+02 4.186010265600936808e-01
4.110168134507605942e+02 4.189184284804982616e-01
4.115932746196957623e+02 4.192162906623104757e-01
4.121697357886308737e+02 4.194945751712387816e-01
4.127461969575660419e+02 4.197532467153762825e-01
4.133226581265012101e+02 4.199922726176020804e-01
4.138991192954363214e+02 4.202116227904425516e-01
4.144755804643715464e+02 4.204112697132918464e-01
4.150520416333066009e+02 4.205911884118711530e-01
4.156285028022418260e+02 4.207513564398316364e-01
4.162049639711769373e+02 4.208917538624144528e-01
4.167814251401120487e+02 4.210123632420981199e-01
4.173578863090472737e+02 4.211131696261541379e-01
4.179343474779823282e+02 4.211941605360660090e-01
4.185108086469175532e+02 4.212553259587629717e-01
4.190872698158527214e+02 4.212966583396237641e-01
4.196637309847877759e+02 4.213181525772157765e-01
4.202401921537230010e+02 4.213198060197649308e-01
4.208166533226581123e+02 4.213016184633147643e-01
4.213931144915932805e+02 4.212635921515911486e-01
4.219695756605284487e+02 4.212057317775471654e-01
4.225460368294636169e+02 4.211280444866226658e-01
4.231224979983987282e+02 4.210305398817076883e-01
4.236989591673338964e+02 4.209132300298525919e-01
4.242754203362690646e+02 4.207761294707276778e-01
4.248518815052041759e+02 4.206192552269142348e-01
4.254283426741393441e+02 4.204426268160163516e-01
4.260048038430744555e+02 4.202462662647068470e-01
4.265812650120096237e+02 4.200301981247215322e-01
4.271577261809447918e+02 4.197944494909093271e-01
4.277341873498799032e+02 4.195390500214143947e-01
4.283106485188150714e+02 4.192640319600676180e-01
4.288871096877501827e+02 4.189694301611300298e-01
4.294635708566853509e+02 4.186552821164710725e-01
4.300400320256205191e+02 4.183216279853383956e-01
4.306164931945556305e+02 4.179685106268690165e-01
4.311929543634907986e+02 4.175959756354904462e-01
4.317694155324259100e+02 4.172040713794080147e-01
4.323458767013610782e+02 4.167928490423811194e-01
4.329223378702962464e+02 4.163623626690050039e-01
4.334987990392313577e+02 4.159126692137471437e-01
4.340752602081665259e+02 4.154438285940175724e-01
4.346517213771016941e+02 4.149559037475616941e-01
4.352281825460368623e+02 4.144489606945243043e-01
4.358046437149719736e+02 4.139230686045320406e-01
4.363811048839070850e+02 4.133782998692180910e-01
4.369575660528422532e+02 4.128147301806253666e-01
4.375340272217774213e+02 4.122324386159832432e-01
4.381104883907126464e+02 4.116315077294077640e-01
4.386869495596477009e+02 4.110120236511356495e-01
4.392634107285829259e+02 4.103740761949410398e-01
4.398398718975180373e+02 4.097177589745125692e-01
4.404163330664531486e+02 4.090431695295741465e-01
4.409927942353883736e+02 4.083504094626993486e-01
4.415692554043234281e+02 4.076395845878094115e-01
4.421457165732586532e+02 4.069108050915000718e-01
4.427221777421937645e+02 4.061641857084516971e-01
4.432986389111288759e+02 4.053998459123204778e-01
4.438751000800641009e+02 4.046179101236863640e-01
4.444515612489992122e+02 4.038185079367964114e-01
4.450280224179343804e+02 4.030017743670676889e-01
4.456044835868695486e+02 4.021678501215374402e-01
4.461809447558046031e+02 4.013168818947251415e-01
4.467574059247398282e+02 4.004490226926550323e-01
4.473338670936749395e+02 3.995644321881569039e-01
4.479103282626101077e+02 3.986632771109264728e-01
4.484867894315452759e+02 3.977457316763027273e-01
4.490632506004803872e+02 3.968119780571981448e-01
4.496397117694155554e+02 3.958622069042171399e-01
4.502161729383506668e+02 3.948966179196792825e-01
4.507926341072858349e+02 3.939154204919848024e-01
4.513690952762210031e+02 3.929188343976918740e-01
4.519455564451561145e+02 3.919070905796424586e-01
4.525220176140912827e+02 3.908804320106684660e-01
4.530984787830264509e+02 3.898391146537406038e-01
4.536749399519615622e+02 3.887834085309674892e-01
4.542514011208967304e+02 3.877135989156706430e-01
4.548278622898318417e+02 3.866299876638250033e-01
4.554043234587670099e+02 3.855328947035729925e-01
4.559807846277022350e+02 3.844226597043261529e-01
4.565572457966372895e+02 3.832996439502190933e-01
4.571337069655724576e+02 3.821642324464878393e-01
4.577101681345075690e+02 3.810168362917200069e-01
4.582866293034427372e+02 3.798578953541033587e-01
4.588630904723779622e+02 3.786878812957443219e-01
4.594395516413131304e+02 3.775073009961048554e-01
4.600160128102481849e+02 3.763167004337004684e-01
4.605924739791832963e+02 3.751166690945981763e-01
4.611689351481185213e+02 3.739078449871598986e-01
4.617453963170536326e+02 3.726909203550605176e-01
4.623218574859887440e+02 3.714666481950842369e-01
4.628983186549239690e+02 3.702358497027520290e-01
4.634747798238590804e+02 3.689994227875856292e-01
4.640512409927941917e+02 3.677583518207799829e-01
4.646277021617294167e+02 3.665137188011964864e-01
4.652041633306645849e+02 3.652667161503619364e-01
4.657806244995996394e+02 3.640186613728988441e-01
4.663570856685348645e+02 3.627710138438112186e-01
4.669335468374700326e+02 3.615253940059086069e-01
4.675100080064050871e+02 3.602836052751259843e-01
4.680864691753403122e+02 3.590476589523113327e-01
4.686629303442754235e+02 3.578198024175963665e-01
4.692393915132105917e+02 3.566025508236437269e-01
4.698158526821456462e+02 3.553987223867772216e-01
4.703923138510808712e+02 3.542114771721883715e-01
4.709687750200160394e+02 3.530443589433854279e-01
4.715452361889510939e+02 3.519013391484116515e-01
4.721216973578863190e+02 3.507868613879471797e-01
4.726981585268214872e+02 3.497058836905402313e-01
4.732746196957565417e+02 3.486639145540367801e-01
4.738510808646917667e+02 3.476670369810718197e-01
4.744275420336269349e+02 3.467219127018257852e-01
4.750040032025621031e+02 3.458357566477791023e-01
4.755804643714972144e+02 3.450162699544685463e-01
4.761569255404323258e+02 3.442715190689065174e-01
4.767333867093675508e+02 3.436097499610126227e-01
4.773098478783026621e+02 3.430391311700062285e-01
4.778863090472377735e+02 3.425674283533878817e-01
4.784627702161729417e+02 3.422016260630785234e-01
4.790392313851081667e+02 3.419475278243941929e-01
4.796156925540432212e+02 3.418093793501281730e-01
4.801921537229783894e+02 3.417895666718005487e-01
4.807686148919136144e+02 3.418884366030193744e-01
4.813450760608486689e+02 3.421042700457299635e-01
4.819215372297838371e+02 3.424334128168631808e-01
4.824979983987190053e+02 3.428705414179759603e-01
4.830744595676541167e+02 3.434090206502327103e-01
4.836509207365892280e+02 3.440413013399870601e-01
4.842273819055244530e+02 3.447593100074381467e-01
4.848038430744596212e+02 3.455547943954430101e-01
4.853803042433946757e+02 3.464196041207548982e-01
4.859567654123298439e+02 3.473458998374839291e-01
4.865332265812650689e+02 3.483262946939390536e-01
4.871096877502001234e+02 3.493539379297338487e-01
4.876861489191352916e+02 3.504225528574219650e-01
4.882626100880705167e+02 3.515264413510802433e-01
4.888390712570056280e+02 3.526604654413744711e-01
4.894155324259406825e+02 3.538200145393107787e-01
4.899919935948759075e+02 3.550009647118341216e-01
4.905684547638110757e+02 3.561996345875494963e-01
4.911449159327461302e+02 3.574127409822451806e-01
4.917213771016813553e+02 3.586373562035422569e-01
4.922978382706165235e+02 3.598708681759945072e-01
4.928742994395516348e+02 3.611109439605844629e-01
4.934507606084868030e+02 3.623554968652406560e-01
4.940272217774219712e+02 3.636026571038380450e-01
4.946036829463570825e+02 3.648507458188646746e-01
4.951801441152921939e+02 3.660982522066094647e-01
4.957566052842274189e+02 3.673438134505882524e-01
4.963330664531625303e+02 3.685861971632634626e-01
4.969095276220975848e+02 3.698242860468961557e-01
4.974859887910328098e+02 3.710570645042640114e-01
4.980624499599679780e+02 3.722836069543468129e-01
4.986389111289032030e+02 3.735030676337259825e-01
4.992153722978382575e+02 3.747146716897083452e-01
4.997918334667734257e+02 3.759177073949023229e-01
5.003682946357086507e+02 3.771115193346849526e-01
5.009447558046437052e+02 3.782955024385442067e-01
5.015212169735788734e+02 3.794690967434726780e-01
5.020976781425139848e+02 3.806317827927955255e-01
5.026741393114492098e+02 3.817830775869983095e-01
5.032506004803843211e+02 3.829225310145417671e-01
5.038270616493194325e+02 3.840497227005534309e-01
5.044035228182546575e+02 3.851642592197700443e-01
5.049799839871897120e+02 3.862657716274731090e-01
5.055564451561248802e+02 3.873539132683758712e-01
5.061329063250601052e+02 3.884283578289194905e-01
5.067093674939951597e+02 3.894887976029712817e-01
5.072858286629303279e+02 3.905349419449913873e-01
5.078622898318655530e+02 3.915665158881119212e-01
5.084387510008006643e+02 3.925832589075274326e-01
5.090152121697357757e+02 3.935849238121475469e-01
5.095916733386710007e+02 3.945712757496233070e-01
5.101681345076061120e+02 3.955420913117826398e-01
5.107445956765412234e+02 3.964971577290835603e-01
5.113210568454763347e+02 3.974362721441850321e-01
5.118975180144115598e+02 3.983592409558622816e-01
5.124739791833467280e+02 3.992658792256321698e-01
5.130504403522817256e+02 4.001560101403406344e-01
5.136269015212169506e+02 4.010294645247527989e-01
5.142033626901521757e+02 4.018860803989171560e-01
5.147798238590871733e+02 4.027257025756572628e-01
5.153562850280223984e+02 4.035481822941019425e-01
5.159327461969576234e+02 4.043533768855875343e-01
5.165092073658928484e+02 4.051411494687434667e-01
5.170856685348278461e+02 4.059113686708508695e-01
5.176621297037630711e+02 4.066639083729522430e-01
5.182385908726981825e+02 4.073986474764115240e-01
5.188150520416332938e+02 4.081154696889076616e-01
5.193915132105684052e+02 4.088142633280422711e-01
5.199679743795036302e+02 4.094949211409284473e-01
5.205444355484386278e+02 4.101573401383195039e-01
5.211208967173738529e+02 4.108014214419637988e-01
5.216973578863090779e+02 4.114270701440175815e-01
5.222738190552443029e+02 4.120341951774622591e-01
5.228502802241793006e+02 4.126227091965760096e-01
5.234267413931145256e+02 4.131925284666190801e-01
5.240032025620497507e+02 4.137435727619472869e-01
5.245796637309847483e+02 4.142757652718718209e-01
5.251561248999199734e+02 4.147890325136401324e-01
5.257325860688551984e+02 4.152833042519607498e-01
5.263090472377903097e+02 4.157585134245762037e-01
5.268855084067253074e+02 4.162145960734092154e-01
5.274619695756605324e+02 4.166514912808728655e-01
5.280384307445957575e+02 4.170691411109552771e-01
5.286148919135307551e+02 4.174674905547454129e-01
5.291913530824659802e+02 4.178464874800844608e-01
5.297678142514012052e+02 4.182060825850591468e-01
5.303442754203362028e+02 4.185462293550820112e-01
5.309207365892714279e+02 4.188668840233363833e-01
5.314971977582066529e+02 4.191680055343617317e-01
5.320736589271417643e+02 4.194495555106030893e-01
5.326501200960768756e+02 4.197114982217413637e-01
5.332265812650121006e+02 4.199538005566698096e-01
5.338030424339472120e+02 4.201764319979486850e-01
5.343795036028822096e+02 4.203793645986490524e-01
5.349559647718174347e+02 4.205625729614374531e-01
5.355324259407526597e+02 4.207260342198328451e-01
5.361088871096877710e+02 4.208697280215280001e-01
5.366853482786228824e+02 4.209936365137093572e-01
5.372618094475581074e+02 4.210977443303009493e-01
5.378382706164932188e+02 4.211820385810747247e-01
5.384147317854283301e+02 4.212465088425874638e-01
5.389911929543635551e+02 4.212911471508850036e-01
5.395676541232986665e+02 4.213159479959638354e-01
5.401441152922337778e+02 4.213209083179458303e-01
5.407205764611690029e+02 4.213060275049608228e-01
5.412970376301041142e+02 4.212713073927244478e-01
5.418734987990393392e+02 4.212167522658070151e-01
5.424499599679743369e+02 4.211423688606024118e-01
5.430264211369095619e+02 4.210481663700064714e-01
5.436028823058446733e+02 4.209341564498339516e-01
5.441793434747797846e+02 4.208003532269924407e-01
5.447558046437150097e+02 4.206467733094476080e-01
5.453322658126501210e+02 4.204734357980486892e-01
5.459087269815853460e+02 4.202803623002310252e-01
5.464851881505204574e+02 4.200675769456883590e-01
5.470616493194555687e+02 4.198351064040774516e-01
5.476381104883907938e+02 4.195829799048306219e-01
5.482145716573257914e+02 4.193112292591793522e-01
5.487910328262610165e+02 4.190198888844909875e-01
5.493674939951962415e+02 4.187089958310370452e-01
5.499439551641313528e+02 4.183785898113245860e-01
5.505204163330664642e+02 4.180287132321281462e-01
5.510968775020015755e+02 4.176594112294053085e-01
5.516733386709368006e+02 4.172707317062577803e-01
5.522497998398719119e+02 4.168627253741382099e-01
5.528262610088070232e+02 4.164354457975347201e-01
5.534027221777422483e+02 4.159889494423626988e-01
5.539791833466773596e+02 4.155232957283454542e-01
5.545556445156124710e+02 4.150385470856581827e-01
5.551321056845476960e+02 4.145347690161936272e-01
5.557085668534828073e+02 4.140120301597823294e-01
5.562850280224179187e+02 4.134704023657752581e-01
5.568614891913531437e+02 4.129099607704391217e-01
5.574379503602882551e+02 4.123307838806304915e-01
5.580144115292233664e+02 4.117329536643062893e-01
5.585908726981585914e+02 4.111165556484502326e-01
5.591673338670937028e+02 4.104816790250866987e-01
5.597437950360288141e+02 4.098284167660989907e-01
5.603202562049639255e+02 4.091568657476729043e-01
5.608967173738991505e+02 4.084671268852557713e-01
5.614731785428342619e+02 4.077593052800367324e-01
5.620496397117693732e+02 4.070335103780468589e-01
5.626261008807045982e+02 4.062898561431327882e-01
5.632025620496397096e+02 4.055284612451627857e-01
5.637790232185748209e+02 4.047494492650136610e-01
5.643554843875100460e+02 4.039529489180526678e-01
5.649319455564451573e+02 4.031390942980352943e-01
5.655084067253803823e+02 4.023080251435707244e-01
5.660848678943154937e+02 4.014598871295580462e-01
5.666613290632506050e+02 4.005948321863174177e-01
5.672377902321858301e+02 3.997130188494413261e-01
5.678142514011209414e+02 3.988146126438023020e-01
5.683907125700560528e+02 3.978997865055841632e-01
5.689671737389911641e+02 3.969687212466837534e-01
5.695436349079263891e+02 3.960216060664284443e-01
5.701200960768615005e+02 3.950586391161807209e-01
5.706965572457966118e+02 3.940800281231633950e-01
5.712730184147318369e+02 3.930859910807036339e-01
5.718494795836669482e+02 3.920767570130552770e-01
5.724259407526020595e+02 3.910525668241239816e-01
5.730024019215372846e+02 3.900136742407265267e-01
5.735788630904723959e+02 3.889603468625119631e-01
5.741553242594075073e+02 3.878928673324545384e-01
5.747317854283427323e+02 3.868115346438325552e-01
5.753082465972778436e+02 3.857166656019893058e-01
5.758847077662129550e+02 3.846085964618751740e-01
5.764611689351480663e+02 3.834876847655664944e-01
5.770376301040832914e+02 3.823543114076657368e-01
5.776140912730184027e+02 3.812088829607395146e-01
5.781905524419535141e+02 3.800518342980104269e-01
5.787670136108887391e+02 3.788836315563250956e-01
5.793434747798238504e+02 3.777047754891944553e-01
5.799199359487589618e+02 3.765158052676271239e-01
5.804963971176941868e+02 3.753173027956231977e-01
5.810728582866292982e+02 3.741098976178531266e-01
5.816493194555644095e+02 3.728942725093106758e-01
5.822257806244996345e+02 3.716711698509103101e-01
5.828022417934347459e+02 3.704413989111623451e-01
5.833787029623699709e+02 3.692058441724548334e-01
5.839551641313050823e+02 3.679654748610632353e-01
5.845316253002401936e+02 3.667213558628101278e-01
5.851080864691753050e+02 3.654746602308435732e-01
5.856845476381104163e+02 3.642266835176604656e-01
5.862610088070456413e+02 3.629788601887684596e-01
5.868374699759807527e+02 3.617327823980081569e-01
5.874139311449158640e+02 3.604902214206142097e-01
5.879903923138510891e+02 3.592531520437741155e-01
5.885668534827862004e+02 3.580237801966778544e-01
5.891433146517214254e+02 3.568045740496899043e-01
5.897197758206565368e+02 3.555982987062720202e-01
5.902962369895916481e+02 3.544080544250453046e-01
5.908726981585268732e+02 3.532373180069922070e-01
5.914491593274619845e+02 3.520899865175403654e-01
5.920256204963970958e+02 3.509704218285057964e-01
5.926020816653322072e+02 3.498834934979696554e-01
5.931785428342674322e+02 3.488346162003953532e-01
5.937550040032025436e+02 3.478297762475220933e-01
5.943314651721376549e+02 3.468755397469570068e-01
5.949079263410728799e+02 3.459790328085135536e-01
5.954843875100079913e+02 3.451478823226937775e-01
5.960608486789431026e+02 3.443901048877231474e-01
5.966373098478783277e+02 3.437139324489134062e-01
5.972137710168134390e+02 3.431275673170654517e-01
5.977902321857485504e+02 3.426388674377984778e-01
5.983666933546837754e+02 3.422549752257690869e-01
5.989431545236188867e+02 3.419819184628770659e-01
5.995196156925539981e+02 3.418242261268553128e-01
6.000960768614892231e+02 3.417846104654538308e-01
6.006725380304243345e+02 3.418637643534098158e-01
6.012489991993594458e+02 3.420603080382939587e-01
6.018254603682945572e+02 3.423708945891613675e-01
6.024019215372297822e+02 3.427904557455265233e-01
6.029783827061650072e+02 3.433125477459817998e-01
6.035548438751000049e+02 3.439297459423210079e-01
6.041313050440352299e+02 3.446340387119022908e-01
6.047077662129704549e+02 3.454171822022095162e-01
6.052842273819054526e+02 3.462709925974026826e-01
6.058606885508406776e+02 3.471875671599786717e-01
6.064371497197757890e+02 3.481594364010978659e-01
6.070136108887110140e+02 3.491796564977235340e-01
6.075900720576461254e+02 3.502418540089214938e-01
6.081665332265812367e+02 3.513402351588361672e-01
6.087429943955164617e+02 3.524695705970345427e-01
6.093194555644514594e+02 3.536251645169412039e-01
6.098959167333866844e+02 3.548028148925599923e-01
6.104723779023219095e+02 3.559987696956689596e-01
6.110488390712569071e+02 3.572096824056346098e-01
6.116253002401921322e+02 3.584325689363005440e-01
6.122017614091273572e+02 3.596647672384885031e-01
6.127782225780624685e+02 3.609039002318846778e-01
6.133546837469975799e+02 3.621478423149394055e-01
6.139311449159326912e+02 3.633946894424018303e-01
6.145076060848679163e+02 3.646427326040930783e-01
6.150840672538030276e+02 3.658904344529516628e-01
6.156605284227381389e+02 3.671364087913521201e-01
6.162369895916733640e+02 3.683794026152943935e-01
6.168134507606085890e+02 3.696182804247076237e-01
6.173899119295435867e+02 3.708520105268869327e-01
6.179663730984788117e+02 3.720796530839367566e-01
6.185428342674140367e+02 3.733003496806931998e-01
6.191192954363490344e+02 3.745133142150007255e-01
6.196957566052842594e+02 3.757178249362513878e-01
6.202722177742193708e+02 3.769132174801734236e-01
6.208486789431544821e+02 3.780988787677195262e-01
6.214251401120895935e+02 3.792742416535511141e-01
6.220016012810248185e+02 3.804387802250903672e-01
6.225780624499600435e+02 3.815920056666342042e-01
6.231545236188950412e+02 3.827334626147347874e-01
6.237309847878302662e+02 3.838627259411803161e-01
6.243074459567654912e+02 3.849793979086319484e-01
6.248839071257004889e+02 3.860831056514888449e-01
6.254603682946357139e+02 3.871734989409997829e-01
6.260368294635709390e+02 3.882502481991760290e-01
6.266132906325060503e+02 3.893130427308317820e-01
6.271897518014411617e+02 3.903615891471591270e-01
6.277662129703762730e+02 3.913956099577551306e-01
6.283426741393114980e+02 3.924148423110397910e-01
6.289191353082464957e+02 3.934190368656241277e-01
6.294955964771817207e+02 3.944079567773894346e-01
6.300720576461169458e+02 3.953813767890129172e-01
6.306485188150519434e+02 3.963390824103188992e-01
6.312249799839871685e+02 3.972808691792927838e-01
6.318014411529223935e+02 3.982065419948344620e-01
6.323779023218576185e+02 3.991159145134270947e-01
6.329543634907926162e+02 4.000088086028245060e-01
6.335308246597278412e+02 4.008850538466911528e-01
6.341072858286629526e+02 4.017444870948433944e-01
6.346837469975979502e+02 4.025869520543536861e-01
6.352602081665331752e+02 4.034122989173312135e-01
6.358366693354684003e+02 4.042203840216705424e-01
6.364131305044036253e+02 4.050110695414779749e-01
6.369895916733386230e+02 4.057842232042398467e-01
6.375660528422738480e+02 4.065397180321342341e-01
6.381425140112090730e+02 4.072774321051675916e-01
6.387189751801440707e+02 4.079972483440616471e-01
6.392954363490792957e+02 4.086990543110372021e-01
6.398718975180145208e+02 4.093827420268493222e-01
6.404483586869496321e+02 4.100482078025881605e-01
6.410248198558847434e+02 4.106953520849114248e-01
6.416012810248198548e+02 4.113240793135241602e-01
6.421777421937550798e+02 4.119342977898299285e-01
6.427542033626900775e+02 4.125259195557927638e-01
6.433306645316253025e+02 4.130988602821349942e-01
6.439071257005605275e+02 4.136530391651020988e-01
6.444835868694955252e+02 4.141883788310747883e-01
6.450600480384307502e+02 4.147048052484024194e-01
6.456365092073659753e+02 4.152022476458755995e-01
6.462129703763010866e+02 4.156806384373250562e-01
6.467894315452361980e+02 4.161399131518683236e-01
6.473658927141714230e+02 4.165800103693845791e-01
6.479423538831065343e+02 4.170008716608321064e-01
6.485188150520416457e+02 4.174024415330546689e-01
6.490952762209767570e+02 4.177846673777640962e-01
6.496717373899119821e+02 4.181474994244127608e-01
6.502481985588470934e+02 4.184908906966963715e-01
6.508246597277822048e+02 4.188147969724469455e-01
6.514011208967174298e+02 4.191191767467108420e-01
6.519775820656526548e+02 4.194039911978189594e-01
6.525540432345876525e+02 4.196692041562631315e-01
6.531305044035227638e+02 4.199147820762379468e-01
6.537069655724581025e+02 4.201406940097004439e-01
6.542834267413931002e+02 4.203469115828126212e-01
6.548598879103282115e+02 4.205334089746677328e-01
6.554363490792634366e+02 4.207001628981891783e-01
6.560128102481986616e+02 4.208471525831137816e-01
6.565892714171336593e+02 4.209743597609821864e-01
6.571657325860688843e+02 4.210817686520679226e-01
6.577421937550041093e+02 4.211693659541801971e-01
6.583186549239391070e+02 4.212371408332984957e-01
6.588951160928742183e+02 4.212850849159863742e-01
6.594715772618095571e+02 4.213131922835590681e-01
6.600480384307446684e+02 4.213214594679783320e-01
6.606244995996796661e+02 4.213098854494483625e-01
6.612009607686150048e+02 4.212784716557091413e-01
6.617774219375501161e+02 4.212272219630303627e-01
6.623538831064851138e+02 4.211561426988881252e-01
6.629303442754203388e+02 4.210652426463650788e-01
6.635068054443555638e+02 4.209545330502686422e-01
6.640832666132905615e+02 4.208240276250142520e-01
6.646597277822257865e+02 4.206737425642884665e-01
6.652361889511610116e+02 4.205036965525587589e-01
6.658126501200961229e+02 4.203139107784623074e-01
6.663891112890312343e+02 4.201044089501427270e-01
6.669655724579664593e+02 4.198752173126115705e-01
6.675420336269015706e+02 4.196263646672049874e-01
6.681184947958365683e+02 4.193578823932248567e-01
6.686949559647719070e+02 4.190698044718939030e-01
6.692714171337070184e+02 4.187621675127004006e-01
6.698478783026421297e+02 4.184350107822940035e-01
6.704243394715772411e+02 4.180883762360610989e-01
6.710008006405124661e+02 4.177223085525435531e-01
6.715772618094475774e+02 4.173368551708815377e-01
6.721537229783826888e+02 4.169320663314625697e-01
6.727301841473179138e+02 4.165079951200109099e-01
6.733066453162530252e+02 4.160646975153469151e-01
6.738831064851881365e+02 4.156022324410744706e-01
6.744595676541233615e+02 4.151206618215035893e-01
6.750360288230584729e+02 4.146200506421138243e-01
6.756124899919935842e+02 4.141004670149243116e-01
6.761889511609288093e+02 4.135619822491553021e-01
6.767654123298639206e+02 4.130046709276182781e-01
6.773418734987990319e+02 4.124286109893108287e-01
6.779183346677341433e+02 4.118338838187476370e-01
6.784947958366693683e+02 4.112205743426071702e-01
6.790712570056044797e+02 4.105887711343471635e-01
6.796477181745395910e+02 4.099385665275027124e-01
6.802241793434748161e+02 4.092700567384660038e-01
6.808006405124099274e+02 4.085833419996265925e-01
6.813771016813450387e+02 4.078785267038557150e-01
6.819535628502802638e+02 4.071557195614254887e-01
6.825300240192153751e+02 4.064150337705707550e-01
6.831064851881504865e+02 4.056565872030611919e-01
6.836829463570857115e+02 4.048805026062751167e-01
6.842594075260208228e+02 4.040869078234706757e-01
6.848358686949559342e+02 4.032759360341390820e-01
6.854123298638910455e+02 4.024477260165470471e-01
6.859887910328262706e+02 4.016024224348355154e-01
6.865652522017613819e+02 4.007401761533276874e-01
6.871417133706964933e+02 3.998611445810366094e-01
6.877181745396317183e+02 3.989654920497278656e-01
6.882946357085668296e+02 3.980533902293177939e-01
6.888710968775019410e+02 3.971250185848911318e-01
6.894475580464372797e+02 3.961805648801644542e-01
6.900240192153722774e+02 3.952202257328550350e-01
6.906004803843073887e+02 3.942442072281668874e-01
6.911769415532426137e+02 3.932527255974185842e-01
6.917534027221777251e+02 3.922460079698273927e-01
6.923298638911128364e+02 3.912242932065472800e-01
6.929063250600479478e+02 3.901878328273742369e-01
6.934827862289832865e+02 3.891368920419761013e-01
6.940592473979182842e+02 3.880717508992422293e-01
6.946357085668533955e+02 3.869927055703150653e-01
6.952121697357887342e+02 3.859000697831694859e-01
6.957886309047237319e+02 3.847941764292729383e-01
6.963650920736588432e+02 3.836753793659463674e-01
6.969415532425941819e+02 3.825440554416690286e-01
6.975180144115292933e+02 3.814006067757415575e-01
6.980944755804642909e+02 3.802454633286178609e-01
6.986709367493996297e+02 3.790790858048920797e-01
6.992473979183347410e+02 3.779019689375540114e-01
6.998238590872697387e+02 3.767146452098046883e-01
7.004003202562048500e+02 3.755176890797033429e-01
7.009767814251401887e+02 3.743117217832601096e-01
7.015532425940751864e+02 3.730974168036207961e-01
7.021297037630102977e+02 3.718755061077857471e-01
7.027061649319456365e+02 3.706467872681843967e-01
7.032826261008807478e+02 3.694121316043836312e-01
7.038590872698157455e+02 3.681724935004881960e-01
7.044355484387510842e+02 3.669289210761969011e-01
7.050120096076861955e+02 3.656825684138124699e-01
7.055884707766211932e+02 3.644347095690077531e-01
7.061649319455565319e+02 3.631867546186619555e-01
7.067413931144916432e+02 3.619402680223279267e-01
7.073178542834267546e+02 3.606969895914111657e-01
7.078943154523619796e+02 3.594588583664081738e-01
7.084707766212970910e+02 3.582280396891307506e-01
7.090472377902322023e+02 3.570069557114178838e-01
7.096236989591672000e+02 3.557983194863639231e-01
7.102001601281025387e+02 3.546051726174686003e-01
7.107766212970376500e+02 3.534309261610172337e-01
7.113530824659726477e+02 3.522794040425810680e-01
7.119295436349079864e+02 3.511548876046308720e-01
7.125060048038430978e+02 3.500621589866925176e-01
7.130824659727782091e+02 3.490065397932565761e-01
7.136589271417134341e+02 3.479939198934373090e-01
7.142353883106485455e+02 3.470307692485341544e-01
7.148118494795836568e+02 3.461241235301767971e-01
7.153883106485188819e+02 3.452815323251449686e-01
7.159647718174539932e+02 3.445109575572912197e-01
7.165412329863891046e+02 3.438206103416558412e-01
7.171176941553243296e+02 3.432187179890635598e-01
7.176941553242594409e+02 3.427132203587963111e-01
7.182706164931945523e+02 3.423114065438439546e-01
7.188470776621297773e+02 3.420195177924396646e-01
7.194235388310648887e+02 3.418423574016035138e-01
7.200000000000000000e+02 3.417829581264207883e-01
