# Accumulated Berry phases using Wilson Loop method
# Theta (rad)	Theta (deg)	State 0	State 1	State 2	State 3
0.000000	0.000000	0.000000	0.000000	0.000000	0.000000
0.020122	1.152922	0.000000	-0.010061	-0.010061	0.000000
0.040245	2.305845	0.000000	-0.020122	-0.020122	0.000000
0.060367	3.458767	0.000000	-0.030183	-0.030183	0.000000
0.080489	4.611689	0.000000	-0.040245	-0.040245	0.000000
0.100611	5.764612	0.000000	-0.050306	-0.050306	0.000000
0.120734	6.917534	0.000000	-0.060367	-0.060367	0.000000
0.140856	8.070456	0.000000	-0.070428	-0.070428	0.000000
0.160978	9.223379	0.000000	-0.080489	-0.080489	0.000000
0.181101	10.376301	0.000000	-0.090550	-0.090550	0.000000
0.201223	11.529223	0.000000	-0.100611	-0.100611	0.000000
0.221345	12.682146	0.000000	-0.110673	-0.110673	0.000000
0.241467	13.835068	0.000000	-0.120734	-0.120734	0.000000
0.261590	14.987990	0.000000	-0.130795	-0.130795	0.000000
0.281712	16.140913	0.000000	-0.140856	-0.140856	0.000000
0.301834	17.293835	0.000000	-0.150917	-0.150917	0.000000
0.321957	18.446757	0.000000	-0.160978	-0.160978	0.000000
0.342079	19.599680	0.000000	-0.171039	-0.171039	0.000000
0.362201	20.752602	0.000000	-0.181101	-0.181101	0.000000
0.382324	21.905524	0.000000	-0.191162	-0.191162	0.000000
0.402446	23.058447	0.000000	-0.201223	-0.201223	0.000000
0.422568	24.211369	0.000000	-0.211284	-0.211284	0.000000
0.442690	25.364291	0.000000	-0.221345	-0.221345	0.000000
0.462813	26.517214	0.000000	-0.231406	-0.231406	0.000000
0.482935	27.670136	0.000000	-0.241467	-0.241467	0.000000
0.503057	28.823058	0.000000	-0.251529	-0.251529	0.000000
0.523180	29.975981	0.000000	-0.261590	-0.261590	0.000000
0.543302	31.128903	0.000000	-0.271651	-0.271651	0.000000
0.563424	32.281825	0.000000	-0.281712	-0.281712	0.000000
0.583546	33.434748	0.000000	-0.291773	-0.291773	0.000000
0.603669	34.587670	0.000000	-0.301834	-0.301834	0.000000
0.623791	35.740592	0.000000	-0.311896	-0.311896	0.000000
0.643913	36.893515	0.000000	-0.321957	-0.321957	0.000000
0.664036	38.046437	0.000000	-0.332018	-0.332018	0.000000
0.684158	39.199359	0.000000	-0.342079	-0.342079	0.000000
0.704280	40.352282	0.000000	-0.352140	-0.352140	0.000000
0.724402	41.505204	0.000000	-0.362201	-0.362201	0.000000
0.744525	42.658127	0.000000	-0.372262	-0.372262	0.000000
0.764647	43.811049	0.000000	-0.382324	-0.382324	0.000000
0.784769	44.963971	0.000000	-0.392385	-0.392385	0.000000
0.804892	46.116894	0.000000	-0.402446	-0.402446	0.000000
0.825014	47.269816	0.000000	-0.412507	-0.412507	0.000000
0.845136	48.422738	0.000000	-0.422568	-0.422568	0.000000
0.865259	49.575661	0.000000	-0.432629	-0.432629	0.000000
0.885381	50.728583	0.000000	-0.442690	-0.442690	0.000000
0.905503	51.881505	0.000000	-0.452752	-0.452752	0.000000
0.925625	53.034428	0.000000	-0.462813	-0.462813	0.000000
0.945748	54.187350	0.000000	-0.472874	-0.472874	0.000000
0.965870	55.340272	0.000000	-0.482935	-0.482935	0.000000
0.985992	56.493195	0.000000	-0.492996	-0.492996	0.000000
1.006115	57.646117	0.000000	-0.503057	-0.503057	0.000000
1.026237	58.799039	0.000000	-0.513118	-0.513118	0.000000
1.046359	59.951962	0.000000	-0.523180	-0.523180	0.000000
1.066481	61.104884	0.000000	-0.533241	-0.533241	0.000000
1.086604	62.257806	0.000000	-0.543302	-0.543302	0.000000
1.106726	63.410729	0.000000	-0.553363	-0.553363	0.000000
1.126848	64.563651	0.000000	-0.563424	-0.563424	0.000000
1.146971	65.716573	0.000000	-0.573485	-0.573485	0.000000
1.167093	66.869496	0.000000	-0.583546	-0.583546	0.000000
1.187215	68.022418	0.000000	-0.593608	-0.593608	0.000000
1.207337	69.175340	0.000000	-0.603669	-0.603669	0.000000
1.227460	70.328263	0.000000	-0.613730	-0.613730	0.000000
1.247582	71.481185	0.000000	-0.623791	-0.623791	0.000000
1.267704	72.634107	0.000000	-0.633852	-0.633852	0.000000
1.287827	73.787030	0.000000	-0.643913	-0.643913	0.000000
1.307949	74.939952	0.000000	-0.653974	-0.653974	0.000000
1.328071	76.092874	0.000000	-0.664036	-0.664036	0.000000
1.348193	77.245797	0.000000	-0.674097	-0.674097	0.000000
1.368316	78.398719	0.000000	-0.684158	-0.684158	0.000000
1.388438	79.551641	0.000000	-0.694219	-0.694219	0.000000
1.408560	80.704564	0.000000	-0.704280	-0.704280	0.000000
1.428683	81.857486	0.000000	-0.714341	-0.714341	0.000000
1.448805	83.010408	0.000000	-0.724402	-0.724402	0.000000
1.468927	84.163331	0.000000	-0.734464	-0.734464	0.000000
1.489050	85.316253	0.000000	-0.744525	-0.744525	0.000000
1.509172	86.469175	0.000000	-0.754586	-0.754586	0.000000
1.529294	87.622098	0.000000	-0.764647	-0.764647	0.000000
1.549416	88.775020	0.000000	-0.774708	-0.774708	0.000000
1.569539	89.927942	0.000000	-0.784769	-0.784769	0.000000
1.589661	91.080865	0.000000	-0.794830	-0.794830	0.000000
1.609783	92.233787	0.000000	-0.804892	-0.804892	0.000000
1.629906	93.386709	0.000000	-0.814953	-0.814953	0.000000
1.650028	94.539632	0.000000	-0.825014	-0.825014	0.000000
1.670150	95.692554	0.000000	-0.835075	-0.835075	0.000000
1.690272	96.845476	0.000000	-0.845136	-0.845136	0.000000
1.710395	97.998399	0.000000	-0.855197	-0.855197	0.000000
1.730517	99.151321	0.000000	-0.865259	-0.865259	0.000000
1.750639	100.304243	0.000000	-0.875320	-0.875320	0.000000
1.770762	101.457166	0.000000	-0.885381	-0.885381	0.000000
1.790884	102.610088	0.000000	-0.895442	-0.895442	0.000000
1.811006	103.763010	0.000000	-0.905503	-0.905503	0.000000
1.831128	104.915933	0.000000	-0.915564	-0.915564	0.000000
1.851251	106.068855	0.000000	-0.925625	-0.925625	0.000000
1.871373	107.221777	0.000000	-0.935687	-0.935687	0.000000
1.891495	108.374700	0.000000	-0.945748	-0.945748	0.000000
1.911618	109.527622	0.000000	-0.955809	-0.955809	0.000000
1.931740	110.680544	0.000000	-0.965870	-0.965870	0.000000
1.951862	111.833467	0.000000	-0.975931	-0.975931	0.000000
1.971984	112.986389	0.000000	-0.985992	-0.985992	0.000000
1.992107	114.139311	0.000000	-0.996053	-0.996053	0.000000
2.012229	115.292234	0.000000	-1.006115	-1.006115	0.000000
2.032351	116.445156	0.000000	-1.016176	-1.016176	0.000000
2.052474	117.598078	0.000000	-1.026237	-1.026237	0.000000
2.072596	118.751001	0.000000	-1.036298	-1.036298	0.000000
2.092718	119.903923	0.000000	-1.046359	-1.046359	0.000000
2.112841	121.056845	0.000000	-1.056420	-1.056420	0.000000
2.132963	122.209768	0.000000	-1.066481	-1.066481	0.000000
2.153085	123.362690	0.000000	-1.076543	-1.076543	0.000000
2.173207	124.515612	0.000000	-1.086604	-1.086604	0.000000
2.193330	125.668535	0.000000	-1.096665	-1.096665	0.000000
2.213452	126.821457	0.000000	-1.106726	-1.106726	0.000000
2.233574	127.974380	0.000000	-1.116787	-1.116787	0.000000
2.253697	129.127302	0.000000	-1.126848	-1.126848	0.000000
2.273819	130.280224	0.000000	-1.136909	-1.136909	0.000000
2.293941	131.433147	0.000000	-1.146971	-1.146971	0.000000
2.314063	132.586069	0.000000	-1.157032	-1.157032	0.000000
2.334186	133.738991	0.000000	-1.167093	-1.167093	0.000000
2.354308	134.891914	0.000000	-1.177154	-1.177154	0.000000
2.374430	136.044836	0.000000	-1.187215	-1.187215	0.000000
2.394553	137.197758	0.000000	-1.197276	-1.197276	0.000000
2.414675	138.350681	0.000000	-1.207337	-1.207337	0.000000
2.434797	139.503603	0.000000	-1.217399	-1.217399	0.000000
2.454919	140.656525	0.000000	-1.227460	-1.227460	0.000000
2.475042	141.809448	0.000000	-1.237521	-1.237521	0.000000
2.495164	142.962370	0.000000	-1.247582	-1.247582	0.000000
2.515286	144.115292	0.000000	-1.257643	-1.257643	0.000000
2.535409	145.268215	0.000000	-1.267704	-1.267704	0.000000
2.555531	146.421137	0.000000	-1.277765	-1.277765	0.000000
2.575653	147.574059	0.000000	-1.287827	-1.287827	0.000000
2.595776	148.726982	0.000000	-1.297888	-1.297888	0.000000
2.615898	149.879904	0.000000	-1.307949	-1.307949	0.000000
2.636020	151.032826	0.000000	-1.318010	-1.318010	0.000000
2.656142	152.185749	0.000000	-1.328071	-1.328071	0.000000
2.676265	153.338671	0.000000	-1.338132	-1.338132	0.000000
2.696387	154.491593	0.000000	-1.348193	-1.348193	0.000000
2.716509	155.644516	0.000000	-1.358255	-1.358255	0.000000
2.736632	156.797438	0.000000	-1.368316	-1.368316	0.000000
2.756754	157.950360	0.000000	-1.378377	-1.378377	0.000000
2.776876	159.103283	0.000000	-1.388438	-1.388438	0.000000
2.796998	160.256205	0.000000	-1.398499	-1.398499	0.000000
2.817121	161.409127	0.000000	-1.408560	-1.408560	0.000000
2.837243	162.562050	0.000000	-1.418622	-1.418622	0.000000
2.857365	163.714972	0.000000	-1.428683	-1.428683	0.000000
2.877488	164.867894	0.000000	-1.438744	-1.438744	0.000000
2.897610	166.020817	0.000000	-1.448805	-1.448805	0.000000
2.917732	167.173739	0.000000	-1.458866	-1.458866	0.000000
2.937854	168.326661	0.000000	-1.468927	-1.468927	0.000000
2.957977	169.479584	0.000000	-1.478988	-1.478988	0.000000
2.978099	170.632506	0.000000	-1.489050	-1.489050	0.000000
2.998221	171.785428	0.000000	-1.499111	-1.499111	0.000000
3.018344	172.938351	0.000000	-1.509172	-1.509172	0.000000
3.038466	174.091273	0.000000	-1.519233	-1.519233	0.000000
3.058588	175.244195	0.000000	-1.529294	-1.529294	0.000000
3.078710	176.397118	0.000000	-1.539355	-1.539355	0.000000
3.098833	177.550040	0.000000	-1.549416	-1.549416	0.000000
3.118955	178.702962	0.000000	-1.559478	-1.559478	0.000000
3.139077	179.855885	0.000000	-1.569539	-1.569539	0.000000
3.159200	181.008807	0.000000	-1.579600	-1.579600	0.000000
3.179322	182.161729	0.000000	-1.589661	-1.589661	0.000000
3.199444	183.314652	0.000000	-1.599722	-1.599722	0.000000
3.219567	184.467574	0.000000	-1.609783	-1.609783	0.000000
3.239689	185.620496	0.000000	-1.619844	-1.619844	0.000000
3.259811	186.773419	0.000000	-1.629906	-1.629906	0.000000
3.279933	187.926341	0.000000	-1.639967	-1.639967	0.000000
3.300056	189.079263	0.000000	-1.650028	-1.650028	0.000000
3.320178	190.232186	0.000000	-1.660089	-1.660089	0.000000
3.340300	191.385108	0.000000	-1.670150	-1.670150	0.000000
3.360423	192.538030	0.000000	-1.680211	-1.680211	0.000000
3.380545	193.690953	0.000000	-1.690272	-1.690272	0.000000
3.400667	194.843875	0.000000	-1.700334	-1.700334	0.000000
3.420789	195.996797	0.000000	-1.710395	-1.710395	0.000000
3.440912	197.149720	0.000000	-1.720456	-1.720456	0.000000
3.461034	198.302642	0.000000	-1.730517	-1.730517	0.000000
3.481156	199.455564	0.000000	-1.740578	-1.740578	0.000000
3.501279	200.608487	0.000000	-1.750639	-1.750639	0.000000
3.521401	201.761409	0.000000	-1.760700	-1.760700	0.000000
3.541523	202.914331	0.000000	-1.770762	-1.770762	0.000000
3.561645	204.067254	0.000000	-1.780823	-1.780823	0.000000
3.581768	205.220176	0.000000	-1.790884	-1.790884	0.000000
3.601890	206.373098	0.000000	-1.800945	-1.800945	0.000000
3.622012	207.526021	0.000000	-1.811006	-1.811006	0.000000
3.642135	208.678943	0.000000	-1.821067	-1.821067	0.000000
3.662257	209.831865	0.000000	-1.831128	-1.831128	0.000000
3.682379	210.984788	0.000000	-1.841190	-1.841190	0.000000
3.702502	212.137710	0.000000	-1.851251	-1.851251	0.000000
3.722624	213.290633	0.000000	-1.861312	-1.861312	0.000000
3.742746	214.443555	0.000000	-1.871373	-1.871373	0.000000
3.762868	215.596477	0.000000	-1.881434	-1.881434	0.000000
3.782991	216.749400	0.000000	-1.891495	-1.891495	0.000000
3.803113	217.902322	0.000000	-1.901556	-1.901556	0.000000
3.823235	219.055244	0.000000	-1.911618	-1.911618	0.000000
3.843358	220.208167	0.000000	-1.921679	-1.921679	0.000000
3.863480	221.361089	0.000000	-1.931740	-1.931740	0.000000
3.883602	222.514011	0.000000	-1.941801	-1.941801	0.000000
3.903724	223.666934	0.000000	-1.951862	-1.951862	0.000000
3.923847	224.819856	0.000000	-1.961923	-1.961923	0.000000
3.943969	225.972778	0.000000	-1.971984	-1.971984	0.000000
3.964091	227.125701	0.000000	-1.982046	-1.982046	0.000000
3.984214	228.278623	0.000000	-1.992107	-1.992107	0.000000
4.004336	229.431545	0.000000	-2.002168	-2.002168	0.000000
4.024458	230.584468	0.000000	-2.012229	-2.012229	0.000000
4.044580	231.737390	0.000000	-2.022290	-2.022290	0.000000
4.064703	232.890312	0.000000	-2.032351	-2.032351	0.000000
4.084825	234.043235	0.000000	-2.042413	-2.042413	0.000000
4.104947	235.196157	0.000000	-2.052474	-2.052474	0.000000
4.125070	236.349079	0.000000	-2.062535	-2.062535	0.000000
4.145192	237.502002	0.000000	-2.072596	-2.072596	0.000000
4.165314	238.654924	0.000000	-2.082657	-2.082657	0.000000
4.185436	239.807846	0.000000	-2.092718	-2.092718	0.000000
4.205559	240.960769	0.000000	-2.102779	-2.102779	0.000000
4.225681	242.113691	0.000000	-2.112841	-2.112841	0.000000
4.245803	243.266613	0.000000	-2.122902	-2.122902	0.000000
4.265926	244.419536	0.000000	-2.132963	-2.132963	0.000000
4.286048	245.572458	0.000000	-2.143024	-2.143024	0.000000
4.306170	246.725380	0.000000	-2.153085	-2.153085	0.000000
4.326293	247.878303	0.000000	-2.163146	-2.163146	0.000000
4.346415	249.031225	0.000000	-2.173207	-2.173207	0.000000
4.366537	250.184147	0.000000	-2.183269	-2.183269	0.000000
4.386659	251.337070	0.000000	-2.193330	-2.193330	0.000000
4.406782	252.489992	0.000000	-2.203391	-2.203391	0.000000
4.426904	253.642914	0.000000	-2.213452	-2.213452	0.000000
4.447026	254.795837	0.000000	-2.223513	-2.223513	0.000000
4.467149	255.948759	0.000000	-2.233574	-2.233574	0.000000
4.487271	257.101681	0.000000	-2.243635	-2.243635	0.000000
4.507393	258.254604	0.000000	-2.253697	-2.253697	0.000000
4.527515	259.407526	0.000000	-2.263758	-2.263758	0.000000
4.547638	260.560448	0.000000	-2.273819	-2.273819	0.000000
4.567760	261.713371	0.000000	-2.283880	-2.283880	0.000000
4.587882	262.866293	0.000000	-2.293941	-2.293941	0.000000
4.608005	264.019215	0.000000	-2.304002	-2.304002	0.000000
4.628127	265.172138	0.000000	-2.314063	-2.314063	0.000000
4.648249	266.325060	0.000000	-2.324125	-2.324125	0.000000
4.668371	267.477982	0.000000	-2.334186	-2.334186	0.000000
4.688494	268.630905	0.000000	-2.344247	-2.344247	0.000000
4.708616	269.783827	0.000000	-2.354308	-2.354308	0.000000
4.728738	270.936749	0.000000	-2.364369	-2.364369	0.000000
4.748861	272.089672	0.000000	-2.374430	-2.374430	0.000000
4.768983	273.242594	0.000000	-2.384491	-2.384491	0.000000
4.789105	274.395516	0.000000	-2.394553	-2.394553	0.000000
4.809228	275.548439	0.000000	-2.404614	-2.404614	0.000000
4.829350	276.701361	0.000000	-2.414675	-2.414675	0.000000
4.849472	277.854283	0.000000	-2.424736	-2.424736	0.000000
4.869594	279.007206	0.000000	-2.434797	-2.434797	0.000000
4.889717	280.160128	0.000000	-2.444858	-2.444858	0.000000
4.909839	281.313050	0.000000	-2.454919	-2.454919	0.000000
4.929961	282.465973	0.000000	-2.464981	-2.464981	0.000000
4.950084	283.618895	0.000000	-2.475042	-2.475042	0.000000
4.970206	284.771817	0.000000	-2.485103	-2.485103	0.000000
4.990328	285.924740	0.000000	-2.495164	-2.495164	0.000000
5.010450	287.077662	0.000000	-2.505225	-2.505225	0.000000
5.030573	288.230584	0.000000	-2.515286	-2.515286	0.000000
5.050695	289.383507	0.000000	-2.525347	-2.525347	0.000000
5.070817	290.536429	0.000000	-2.535409	-2.535409	0.000000
5.090940	291.689351	0.000000	-2.545470	-2.545470	0.000000
5.111062	292.842274	0.000000	-2.555531	-2.555531	0.000000
5.131184	293.995196	0.000000	-2.565592	-2.565592	0.000000
5.151306	295.148118	0.000000	-2.575653	-2.575653	0.000000
5.171429	296.301041	0.000000	-2.585714	-2.585714	0.000000
5.191551	297.453963	0.000000	-2.595776	-2.595776	0.000000
5.211673	298.606886	0.000000	-2.605837	-2.605837	0.000000
5.231796	299.759808	0.000000	-2.615898	-2.615898	0.000000
5.251918	300.912730	0.000000	-2.625959	-2.625959	0.000000
5.272040	302.065653	0.000000	-2.636020	-2.636020	0.000000
5.292162	303.218575	0.000000	-2.646081	-2.646081	0.000000
5.312285	304.371497	0.000000	-2.656142	-2.656142	0.000000
5.332407	305.524420	0.000000	-2.666204	-2.666204	0.000000
5.352529	306.677342	0.000000	-2.676265	-2.676265	0.000000
5.372652	307.830264	0.000000	-2.686326	-2.686326	0.000000
5.392774	308.983187	0.000000	-2.696387	-2.696387	0.000000
5.412896	310.136109	0.000000	-2.706448	-2.706448	0.000000
5.433019	311.289031	0.000000	-2.716509	-2.716509	0.000000
5.453141	312.441954	0.000000	-2.726570	-2.726570	0.000000
5.473263	313.594876	0.000000	-2.736632	-2.736632	0.000000
5.493385	314.747798	0.000000	-2.746693	-2.746693	0.000000
5.513508	315.900721	0.000000	-2.756754	-2.756754	0.000000
5.533630	317.053643	0.000000	-2.766815	-2.766815	0.000000
5.553752	318.206565	0.000000	-2.776876	-2.776876	0.000000
5.573875	319.359488	0.000000	-2.786937	-2.786937	0.000000
5.593997	320.512410	0.000000	-2.796998	-2.796998	0.000000
5.614119	321.665332	0.000000	-2.807060	-2.807060	0.000000
5.634241	322.818255	0.000000	-2.817121	-2.817121	0.000000
5.654364	323.971177	0.000000	-2.827182	-2.827182	0.000000
5.674486	325.124099	0.000000	-2.837243	-2.837243	0.000000
5.694608	326.277022	0.000000	-2.847304	-2.847304	0.000000
5.714731	327.429944	0.000000	-2.857365	-2.857365	0.000000
5.734853	328.582866	0.000000	-2.867426	-2.867426	0.000000
5.754975	329.735789	0.000000	-2.877488	-2.877488	0.000000
5.775097	330.888711	0.000000	-2.887549	-2.887549	0.000000
5.795220	332.041633	0.000000	-2.897610	-2.897610	0.000000
5.815342	333.194556	0.000000	-2.907671	-2.907671	0.000000
5.835464	334.347478	0.000000	-2.917732	-2.917732	0.000000
5.855587	335.500400	0.000000	-2.927793	-2.927793	0.000000
5.875709	336.653323	0.000000	-2.937854	-2.937854	0.000000
5.895831	337.806245	0.000000	-2.947916	-2.947916	0.000000
5.915953	338.959167	0.000000	-2.957977	-2.957977	0.000000
5.936076	340.112090	0.000000	-2.968038	-2.968038	0.000000
5.956198	341.265012	0.000000	-2.978099	-2.978099	0.000000
5.976320	342.417934	0.000000	-2.988160	-2.988160	0.000000
5.996443	343.570857	0.000000	-2.998221	-2.998221	0.000000
6.016565	344.723779	0.000000	-3.008282	-3.008282	0.000000
6.036687	345.876701	0.000000	-3.018344	-3.018344	0.000000
6.056810	347.029624	0.000000	-3.028405	-3.028405	0.000000
6.076932	348.182546	0.000000	-3.038466	-3.038466	0.000000
6.097054	349.335468	0.000000	-3.048527	-3.048527	0.000000
6.117176	350.488391	0.000000	-3.058588	-3.058588	0.000000
6.137299	351.641313	0.000000	-3.068649	-3.068649	0.000000
6.157421	352.794235	0.000000	-3.078710	-3.078710	0.000000
6.177543	353.947158	0.000000	-3.088772	-3.088772	0.000000
6.197666	355.100080	0.000000	-3.098833	-3.098833	0.000000
6.217788	356.253002	0.000000	-3.108894	-3.108894	0.000000
6.237910	357.405925	0.000000	-3.118955	-3.118955	0.000000
6.258032	358.558847	0.000000	-3.129016	-3.129016	0.000000
6.278155	359.711769	0.000000	-3.139077	-3.139077	0.000000
6.298277	360.864692	0.000000	-3.149139	-3.149139	0.000000
6.318399	362.017614	0.000000	-3.159200	-3.159200	0.000000
6.338522	363.170536	0.000000	-3.169261	-3.169261	0.000000
6.358644	364.323459	0.000000	-3.179322	-3.179322	0.000000
6.378766	365.476381	0.000000	-3.189383	-3.189383	0.000000
6.398888	366.629303	0.000000	-3.199444	-3.199444	0.000000
6.419011	367.782226	0.000000	-3.209505	-3.209505	0.000000
6.439133	368.935148	0.000000	-3.219567	-3.219567	0.000000
6.459255	370.088070	0.000000	-3.229628	-3.229628	0.000000
6.479378	371.240993	0.000000	-3.239689	-3.239689	0.000000
6.499500	372.393915	0.000000	-3.249750	-3.249750	0.000000
6.519622	373.546837	0.000000	-3.259811	-3.259811	0.000000
6.539745	374.699760	0.000000	-3.269872	-3.269872	0.000000
6.559867	375.852682	0.000000	-3.279933	-3.279933	0.000000
6.579989	377.005604	0.000000	-3.289995	-3.289995	0.000000
6.600111	378.158527	0.000000	-3.300056	-3.300056	0.000000
6.620234	379.311449	0.000000	-3.310117	-3.310117	0.000000
6.640356	380.464371	0.000000	-3.320178	-3.320178	0.000000
6.660478	381.617294	0.000000	-3.330239	-3.330239	0.000000
6.680601	382.770216	0.000000	-3.340300	-3.340300	0.000000
6.700723	383.923139	0.000000	-3.350361	-3.350361	0.000000
6.720845	385.076061	0.000000	-3.360423	-3.360423	0.000000
6.740967	386.228983	0.000000	-3.370484	-3.370484	0.000000
6.761090	387.381906	0.000000	-3.380545	-3.380545	0.000000
6.781212	388.534828	0.000000	-3.390606	-3.390606	0.000000
6.801334	389.687750	0.000000	-3.400667	-3.400667	0.000000
6.821457	390.840673	0.000000	-3.410728	-3.410728	0.000000
6.841579	391.993595	0.000000	-3.420789	-3.420789	0.000000
6.861701	393.146517	0.000000	-3.430851	-3.430851	0.000000
6.881823	394.299440	0.000000	-3.440912	-3.440912	0.000000
6.901946	395.452362	0.000000	-3.450973	-3.450973	0.000000
6.922068	396.605284	0.000000	-3.461034	-3.461034	0.000000
6.942190	397.758207	0.000000	-3.471095	-3.471095	0.000000
6.962313	398.911129	0.000000	-3.481156	-3.481156	0.000000
6.982435	400.064051	0.000000	-3.491217	-3.491217	0.000000
7.002557	401.216974	0.000000	-3.501279	-3.501279	0.000000
7.022679	402.369896	0.000000	-3.511340	-3.511340	0.000000
7.042802	403.522818	0.000000	-3.521401	-3.521401	0.000000
7.062924	404.675741	0.000000	-3.531462	-3.531462	0.000000
7.083046	405.828663	0.000000	-3.541523	-3.541523	0.000000
7.103169	406.981585	0.000000	-3.551584	-3.551584	0.000000
7.123291	408.134508	0.000000	-3.561645	-3.561645	0.000000
7.143413	409.287430	0.000000	-3.571707	-3.571707	0.000000
7.163536	410.440352	0.000000	-3.581768	-3.581768	0.000000
7.183658	411.593275	0.000000	-3.591829	-3.591829	0.000000
7.203780	412.746197	0.000000	-3.601890	-3.601890	0.000000
7.223902	413.899119	0.000000	-3.611951	-3.611951	0.000000
7.244025	415.052042	0.000000	-3.622012	-3.622012	0.000000
7.264147	416.204964	0.000000	-3.632073	-3.632073	0.000000
7.284269	417.357886	0.000000	-3.642135	-3.642135	0.000000
7.304392	418.510809	0.000000	-3.652196	-3.652196	0.000000
7.324514	419.663731	0.000000	-3.662257	-3.662257	0.000000
7.344636	420.816653	0.000000	-3.672318	-3.672318	0.000000
7.364758	421.969576	0.000000	-3.682379	-3.682379	0.000000
7.384881	423.122498	0.000000	-3.692440	-3.692440	0.000000
7.405003	424.275420	0.000000	-3.702502	-3.702502	0.000000
7.425125	425.428343	0.000000	-3.712563	-3.712563	0.000000
7.445248	426.581265	0.000000	-3.722624	-3.722624	0.000000
7.465370	427.734187	0.000000	-3.732685	-3.732685	0.000000
7.485492	428.887110	0.000000	-3.742746	-3.742746	0.000000
7.505614	430.040032	0.000000	-3.752807	-3.752807	0.000000
7.525737	431.192954	0.000000	-3.762868	-3.762868	0.000000
7.545859	432.345877	0.000000	-3.772930	-3.772930	0.000000
7.565981	433.498799	0.000000	-3.782991	-3.782991	0.000000
7.586104	434.651721	0.000000	-3.793052	-3.793052	0.000000
7.606226	435.804644	0.000000	-3.803113	-3.803113	0.000000
7.626348	436.957566	0.000000	-3.813174	-3.813174	0.000000
7.646471	438.110488	0.000000	-3.823235	-3.823235	0.000000
7.666593	439.263411	0.000000	-3.833296	-3.833296	0.000000
7.686715	440.416333	0.000000	-3.843358	-3.843358	0.000000
7.706837	441.569255	0.000000	-3.853419	-3.853419	0.000000
7.726960	442.722178	0.000000	-3.863480	-3.863480	0.000000
7.747082	443.875100	0.000000	-3.873541	-3.873541	0.000000
7.767204	445.028022	0.000000	-3.883602	-3.883602	0.000000
7.787327	446.180945	0.000000	-3.893663	-3.893663	0.000000
7.807449	447.333867	0.000000	-3.903724	-3.903724	0.000000
7.827571	448.486789	0.000000	-3.913786	-3.913786	0.000000
7.847693	449.639712	0.000000	-3.923847	-3.923847	0.000000
7.867816	450.792634	0.000000	-3.933908	-3.933908	0.000000
7.887938	451.945556	0.000000	-3.943969	-3.943969	0.000000
7.908060	453.098479	0.000000	-3.954030	-3.954030	0.000000
7.928183	454.251401	0.000000	-3.964091	-3.964091	0.000000
7.948305	455.404323	0.000000	-3.974152	-3.974152	0.000000
7.968427	456.557246	0.000000	-3.984214	-3.984214	0.000000
7.988549	457.710168	0.000000	-3.994275	-3.994275	0.000000
8.008672	458.863090	0.000000	-4.004336	-4.004336	0.000000
8.028794	460.016013	0.000000	-4.014397	-4.014397	0.000000
8.048916	461.168935	0.000000	-4.024458	-4.024458	0.000000
8.069039	462.321857	0.000000	-4.034519	-4.034519	0.000000
8.089161	463.474780	0.000000	-4.044580	-4.044580	0.000000
8.109283	464.627702	0.000000	-4.054642	-4.054642	0.000000
8.129405	465.780624	0.000000	-4.064703	-4.064703	0.000000
8.149528	466.933547	0.000000	-4.074764	-4.074764	0.000000
8.169650	468.086469	0.000000	-4.084825	-4.084825	0.000000
8.189772	469.239392	0.000000	-4.094886	-4.094886	0.000000
8.209895	470.392314	0.000000	-4.104947	-4.104947	0.000000
8.230017	471.545236	0.000000	-4.115008	-4.115008	0.000000
8.250139	472.698159	0.000000	-4.125070	-4.125070	0.000000
8.270262	473.851081	0.000000	-4.135131	-4.135131	0.000000
8.290384	475.004003	0.000000	-4.145192	-4.145192	0.000000
8.310506	476.156926	0.000000	-4.155253	-4.155253	0.000000
8.330628	477.309848	0.000000	-4.165314	-4.165314	0.000000
8.350751	478.462770	0.000000	-4.175375	-4.175375	0.000000
8.370873	479.615693	0.000000	-4.185436	-4.185436	0.000000
8.390995	480.768615	0.000000	-4.195498	-4.195498	0.000000
8.411118	481.921537	0.000000	-4.205559	-4.205559	0.000000
8.431240	483.074460	0.000000	-4.215620	-4.215620	0.000000
8.451362	484.227382	0.000000	-4.225681	-4.225681	0.000000
8.471484	485.380304	0.000000	-4.235742	-4.235742	0.000000
8.491607	486.533227	0.000000	-4.245803	-4.245803	0.000000
8.511729	487.686149	0.000000	-4.255865	-4.255865	0.000000
8.531851	488.839071	0.000000	-4.265926	-4.265926	0.000000
8.551974	489.991994	0.000000	-4.275987	-4.275987	0.000000
8.572096	491.144916	0.000000	-4.286048	-4.286048	0.000000
8.592218	492.297838	0.000000	-4.296109	-4.296109	0.000000
8.612340	493.450761	0.000000	-4.306170	-4.306170	0.000000
8.632463	494.603683	0.000000	-4.316231	-4.316231	0.000000
8.652585	495.756605	0.000000	-4.326293	-4.326293	0.000000
8.672707	496.909528	0.000000	-4.336354	-4.336354	0.000000
8.692830	498.062450	0.000000	-4.346415	-4.346415	0.000000
8.712952	499.215372	0.000000	-4.356476	-4.356476	0.000000
8.733074	500.368295	0.000000	-4.366537	-4.366537	0.000000
8.753197	501.521217	0.000000	-4.376598	-4.376598	0.000000
8.773319	502.674139	0.000000	-4.386659	-4.386659	0.000000
8.793441	503.827062	0.000000	-4.396721	-4.396721	0.000000
8.813563	504.979984	0.000000	-4.406782	-4.406782	0.000000
8.833686	506.132906	0.000000	-4.416843	-4.416843	0.000000
8.853808	507.285829	0.000000	-4.426904	-4.426904	0.000000
8.873930	508.438751	0.000000	-4.436965	-4.436965	0.000000
8.894053	509.591673	0.000000	-4.447026	-4.447026	0.000000
8.914175	510.744596	0.000000	-4.457087	-4.457087	0.000000
8.934297	511.897518	0.000000	-4.467149	-4.467149	0.000000
8.954419	513.050440	0.000000	-4.477210	-4.477210	0.000000
8.974542	514.203363	0.000000	-4.487271	-4.487271	0.000000
8.994664	515.356285	0.000000	-4.497332	-4.497332	0.000000
9.014786	516.509207	0.000000	-4.507393	-4.507393	0.000000
9.034909	517.662130	0.000000	-4.517454	-4.517454	0.000000
9.055031	518.815052	0.000000	-4.527515	-4.527515	0.000000
9.075153	519.967974	0.000000	-4.537577	-4.537577	0.000000
9.095275	521.120897	0.000000	-4.547638	-4.547638	0.000000
9.115398	522.273819	0.000000	-4.557699	-4.557699	0.000000
9.135520	523.426741	0.000000	-4.567760	-4.567760	0.000000
9.155642	524.579664	0.000000	-4.577821	-4.577821	0.000000
9.175765	525.732586	0.000000	-4.587882	-4.587882	0.000000
9.195887	526.885508	0.000000	-4.597943	-4.597943	0.000000
9.216009	528.038431	0.000000	-4.608005	-4.608005	0.000000
9.236131	529.191353	0.000000	-4.618066	-4.618066	0.000000
9.256254	530.344275	0.000000	-4.628127	-4.628127	0.000000
9.276376	531.497198	0.000000	-4.638188	-4.638188	0.000000
9.296498	532.650120	0.000000	-4.648249	-4.648249	0.000000
9.316621	533.803042	0.000000	-4.658310	-4.658310	0.000000
9.336743	534.955965	0.000000	-4.668371	-4.668371	0.000000
9.356865	536.108887	0.000000	-4.678433	-4.678433	0.000000
9.376988	537.261809	0.000000	-4.688494	-4.688494	0.000000
9.397110	538.414732	0.000000	-4.698555	-4.698555	0.000000
9.417232	539.567654	0.000000	-4.708616	-4.708616	0.000000
9.437354	540.720576	0.000000	-4.718677	-4.718677	0.000000
9.457477	541.873499	0.000000	-4.728738	-4.728738	0.000000
9.477599	543.026421	0.000000	-4.738799	-4.738799	0.000000
9.497721	544.179343	0.000000	-4.748861	-4.748861	0.000000
9.517844	545.332266	0.000000	-4.758922	-4.758922	0.000000
9.537966	546.485188	0.000000	-4.768983	-4.768983	0.000000
9.558088	547.638110	0.000000	-4.779044	-4.779044	0.000000
9.578210	548.791033	0.000000	-4.789105	-4.789105	0.000000
9.598333	549.943955	0.000000	-4.799166	-4.799166	0.000000
9.618455	551.096878	0.000000	-4.809228	-4.809228	0.000000
9.638577	552.249800	0.000000	-4.819289	-4.819289	0.000000
9.658700	553.402722	0.000000	-4.829350	-4.829350	0.000000
9.678822	554.555645	0.000000	-4.839411	-4.839411	0.000000
9.698944	555.708567	0.000000	-4.849472	-4.849472	0.000000
9.719066	556.861489	0.000000	-4.859533	-4.859533	0.000000
9.739189	558.014412	0.000000	-4.869594	-4.869594	0.000000
9.759311	559.167334	0.000000	-4.879656	-4.879656	0.000000
9.779433	560.320256	0.000000	-4.889717	-4.889717	0.000000
9.799556	561.473179	0.000000	-4.899778	-4.899778	0.000000
9.819678	562.626101	0.000000	-4.909839	-4.909839	0.000000
9.839800	563.779023	0.000000	-4.919900	-4.919900	0.000000
9.859922	564.931946	0.000000	-4.929961	-4.929961	0.000000
9.880045	566.084868	0.000000	-4.940022	-4.940022	0.000000
9.900167	567.237790	0.000000	-4.950084	-4.950084	0.000000
9.920289	568.390713	0.000000	-4.960145	-4.960145	0.000000
9.940412	569.543635	0.000000	-4.970206	-4.970206	0.000000
9.960534	570.696557	0.000000	-4.980267	-4.980267	0.000000
9.980656	571.849480	0.000000	-4.990328	-4.990328	0.000000
10.000779	573.002402	0.000000	-5.000389	-5.000389	0.000000
10.020901	574.155324	0.000000	-5.010450	-5.010450	0.000000
10.041023	575.308247	0.000000	-5.020512	-5.020512	0.000000
10.061145	576.461169	0.000000	-5.030573	-5.030573	0.000000
10.081268	577.614091	0.000000	-5.040634	-5.040634	0.000000
10.101390	578.767014	0.000000	-5.050695	-5.050695	0.000000
10.121512	579.919936	0.000000	-5.060756	-5.060756	0.000000
10.141635	581.072858	0.000000	-5.070817	-5.070817	0.000000
10.161757	582.225781	0.000000	-5.080878	-5.080878	0.000000
10.181879	583.378703	0.000000	-5.090940	-5.090940	0.000000
10.202001	584.531625	0.000000	-5.101001	-5.101001	0.000000
10.222124	585.684548	0.000000	-5.111062	-5.111062	0.000000
10.242246	586.837470	0.000000	-5.121123	-5.121123	0.000000
10.262368	587.990392	0.000000	-5.131184	-5.131184	0.000000
10.282491	589.143315	0.000000	-5.141245	-5.141245	0.000000
10.302613	590.296237	0.000000	-5.151306	-5.151306	0.000000
10.322735	591.449159	0.000000	-5.161368	-5.161368	0.000000
10.342857	592.602082	0.000000	-5.171429	-5.171429	0.000000
10.362980	593.755004	0.000000	-5.181490	-5.181490	0.000000
10.383102	594.907926	0.000000	-5.191551	-5.191551	0.000000
10.403224	596.060849	0.000000	-5.201612	-5.201612	0.000000
10.423347	597.213771	0.000000	-5.211673	-5.211673	0.000000
10.443469	598.366693	0.000000	-5.221734	-5.221734	0.000000
10.463591	599.519616	0.000000	-5.231796	-5.231796	0.000000
10.483714	600.672538	0.000000	-5.241857	-5.241857	0.000000
10.503836	601.825460	0.000000	-5.251918	-5.251918	0.000000
10.523958	602.978383	0.000000	-5.261979	-5.261979	0.000000
10.544080	604.131305	0.000000	-5.272040	-5.272040	0.000000
10.564203	605.284227	0.000000	-5.282101	-5.282101	0.000000
10.584325	606.437150	0.000000	-5.292162	-5.292162	0.000000
10.604447	607.590072	0.000000	-5.302224	-5.302224	0.000000
10.624570	608.742994	0.000000	-5.312285	-5.312285	0.000000
10.644692	609.895917	0.000000	-5.322346	-5.322346	0.000000
10.664814	611.048839	0.000000	-5.332407	-5.332407	0.000000
10.684936	612.201761	0.000000	-5.342468	-5.342468	0.000000
10.705059	613.354684	0.000000	-5.352529	-5.352529	0.000000
10.725181	614.507606	0.000000	-5.362591	-5.362591	0.000000
10.745303	615.660528	0.000000	-5.372652	-5.372652	0.000000
10.765426	616.813451	0.000000	-5.382713	-5.382713	0.000000
10.785548	617.966373	0.000000	-5.392774	-5.392774	0.000000
10.805670	619.119295	0.000000	-5.402835	-5.402835	0.000000
10.825792	620.272218	0.000000	-5.412896	-5.412896	0.000000
10.845915	621.425140	0.000000	-5.422957	-5.422957	0.000000
10.866037	622.578062	0.000000	-5.433019	-5.433019	0.000000
10.886159	623.730985	0.000000	-5.443080	-5.443080	0.000000
10.906282	624.883907	0.000000	-5.453141	-5.453141	0.000000
10.926404	626.036829	0.000000	-5.463202	-5.463202	0.000000
10.946526	627.189752	0.000000	-5.473263	-5.473263	0.000000
10.966648	628.342674	0.000000	-5.483324	-5.483324	0.000000
10.986771	629.495596	0.000000	-5.493385	-5.493385	0.000000
11.006893	630.648519	0.000000	-5.503447	-5.503447	0.000000
11.027015	631.801441	0.000000	-5.513508	-5.513508	0.000000
11.047138	632.954363	0.000000	-5.523569	-5.523569	0.000000
11.067260	634.107286	0.000000	-5.533630	-5.533630	0.000000
11.087382	635.260208	0.000000	-5.543691	-5.543691	0.000000
11.107505	636.413131	0.000000	-5.553752	-5.553752	0.000000
11.127627	637.566053	0.000000	-5.563813	-5.563813	0.000000
11.147749	638.718975	0.000000	-5.573875	-5.573875	0.000000
11.167871	639.871898	0.000000	-5.583936	-5.583936	0.000000
11.187994	641.024820	0.000000	-5.593997	-5.593997	0.000000
11.208116	642.177742	0.000000	-5.604058	-5.604058	0.000000
11.228238	643.330665	0.000000	-5.614119	-5.614119	0.000000
11.248361	644.483587	0.000000	-5.624180	-5.624180	0.000000
11.268483	645.636509	0.000000	-5.634241	-5.634241	0.000000
11.288605	646.789432	0.000000	-5.644303	-5.644303	0.000000
11.308727	647.942354	0.000000	-5.654364	-5.654364	0.000000
11.328850	649.095276	0.000000	-5.664425	-5.664425	0.000000
11.348972	650.248199	0.000000	-5.674486	-5.674486	0.000000
11.369094	651.401121	0.000000	-5.684547	-5.684547	0.000000
11.389217	652.554043	0.000000	-5.694608	-5.694608	0.000000
11.409339	653.706966	0.000000	-5.704669	-5.704669	0.000000
11.429461	654.859888	0.000000	-5.714731	-5.714731	0.000000
11.449583	656.012810	0.000000	-5.724792	-5.724792	0.000000
11.469706	657.165733	0.000000	-5.734853	-5.734853	0.000000
11.489828	658.318655	0.000000	-5.744914	-5.744914	0.000000
11.509950	659.471577	0.000000	-5.754975	-5.754975	0.000000
11.530073	660.624500	0.000000	-5.765036	-5.765036	0.000000
11.550195	661.777422	0.000000	-5.775097	-5.775097	0.000000
11.570317	662.930344	0.000000	-5.785159	-5.785159	0.000000
11.590440	664.083267	0.000000	-5.795220	-5.795220	0.000000
11.610562	665.236189	0.000000	-5.805281	-5.805281	0.000000
11.630684	666.389111	0.000000	-5.815342	-5.815342	0.000000
11.650806	667.542034	0.000000	-5.825403	-5.825403	0.000000
11.670929	668.694956	0.000000	-5.835464	-5.835464	0.000000
11.691051	669.847878	0.000000	-5.845525	-5.845525	0.000000
11.711173	671.000801	0.000000	-5.855587	-5.855587	0.000000
11.731296	672.153723	0.000000	-5.865648	-5.865648	0.000000
11.751418	673.306645	0.000000	-5.875709	-5.875709	0.000000
11.771540	674.459568	0.000000	-5.885770	-5.885770	0.000000
11.791662	675.612490	0.000000	-5.895831	-5.895831	0.000000
11.811785	676.765412	0.000000	-5.905892	-5.905892	0.000000
11.831907	677.918335	0.000000	-5.915953	-5.915953	0.000000
11.852029	679.071257	0.000000	-5.926015	-5.926015	0.000000
11.872152	680.224179	0.000000	-5.936076	-5.936076	0.000000
11.892274	681.377102	0.000000	-5.946137	-5.946137	0.000000
11.912396	682.530024	0.000000	-5.956198	-5.956198	0.000000
11.932518	683.682946	0.000000	-5.966259	-5.966259	0.000000
11.952641	684.835869	0.000000	-5.976320	-5.976320	0.000000
11.972763	685.988791	0.000000	-5.986382	-5.986382	0.000000
11.992885	687.141713	0.000000	-5.996443	-5.996443	0.000000
12.013008	688.294636	0.000000	-6.006504	-6.006504	0.000000
12.033130	689.447558	0.000000	-6.016565	-6.016565	0.000000
12.053252	690.600480	0.000000	-6.026626	-6.026626	0.000000
12.073374	691.753403	0.000000	-6.036687	-6.036687	0.000000
12.093497	692.906325	0.000000	-6.046748	-6.046748	0.000000
12.113619	694.059247	0.000000	-6.056810	-6.056810	0.000000
12.133741	695.212170	0.000000	-6.066871	-6.066871	0.000000
12.153864	696.365092	0.000000	-6.076932	-6.076932	0.000000
12.173986	697.518014	0.000000	-6.086993	-6.086993	0.000000
12.194108	698.670937	0.000000	-6.097054	-6.097054	0.000000
12.214231	699.823859	0.000000	-6.107115	-6.107115	0.000000
12.234353	700.976781	0.000000	-6.117176	-6.117176	0.000000
12.254475	702.129704	0.000000	-6.127238	-6.127238	0.000000
12.274597	703.282626	0.000000	-6.137299	-6.137299	0.000000
12.294720	704.435548	0.000000	-6.147360	-6.147360	0.000000
12.314842	705.588471	0.000000	-6.157421	-6.157421	0.000000
12.334964	706.741393	0.000000	-6.167482	-6.167482	0.000000
12.355087	707.894315	0.000000	-6.177543	-6.177543	0.000000
12.375209	709.047238	0.000000	-6.187604	-6.187604	0.000000
12.395331	710.200160	0.000000	-6.197666	-6.197666	0.000000
12.415453	711.353082	0.000000	-6.207727	-6.207727	0.000000
12.435576	712.506005	0.000000	-6.217788	-6.217788	0.000000
12.455698	713.658927	0.000000	-6.227849	-6.227849	0.000000
12.475820	714.811849	0.000000	-6.237910	-6.237910	0.000000
12.495943	715.964772	0.000000	-6.247971	-6.247971	0.000000
12.516065	717.117694	0.000000	-6.258032	-6.258032	0.000000
12.536187	718.270616	0.000000	-6.268094	-6.268094	0.000000
12.556309	719.423539	0.000000	-6.278155	-6.278155	0.000000
12.576432	720.576461	0.000000	-6.288216	-6.288216	0.000000
12.596554	721.729384	0.000000	-6.298277	-6.298277	0.000000
12.616676	722.882306	0.000000	-6.308338	-6.308338	0.000000
12.636799	724.035228	0.000000	-6.318399	-6.318399	0.000000
12.656921	725.188151	0.000000	-6.328460	-6.328460	0.000000
12.677043	726.341073	0.000000	-6.338522	-6.338522	0.000000
12.697166	727.493995	0.000000	-6.348583	-6.348583	0.000000
12.717288	728.646918	0.000000	-6.358644	-6.358644	0.000000
12.737410	729.799840	0.000000	-6.368705	-6.368705	0.000000
12.757532	730.952762	0.000000	-6.378766	-6.378766	0.000000
12.777655	732.105685	0.000000	-6.388827	-6.388827	0.000000
12.797777	733.258607	0.000000	-6.398888	-6.398888	0.000000
12.817899	734.411529	0.000000	-6.408950	-6.408950	0.000000
12.838022	735.564452	0.000000	-6.419011	-6.419011	0.000000
12.858144	736.717374	0.000000	-6.429072	-6.429072	0.000000
12.878266	737.870296	0.000000	-6.439133	-6.439133	0.000000
12.898388	739.023219	0.000000	-6.449194	-6.449194	0.000000
12.918511	740.176141	0.000000	-6.459255	-6.459255	0.000000
12.938633	741.329063	0.000000	-6.469316	-6.469316	0.000000
12.958755	742.481986	0.000000	-6.479378	-6.479378	0.000000
12.978878	743.634908	0.000000	-6.489439	-6.489439	0.000000
12.999000	744.787830	0.000000	-6.499500	-6.499500	0.000000
13.019122	745.940753	0.000000	-6.509561	-6.509561	0.000000
13.039244	747.093675	0.000000	-6.519622	-6.519622	0.000000
13.059367	748.246597	0.000000	-6.529683	-6.529683	0.000000
13.079489	749.399520	0.000000	-6.539745	-6.539745	0.000000
13.099611	750.552442	0.000000	-6.549806	-6.549806	0.000000
13.119734	751.705364	0.000000	-6.559867	-6.559867	0.000000
13.139856	752.858287	0.000000	-6.569928	-6.569928	0.000000
13.159978	754.011209	0.000000	-6.579989	-6.579989	0.000000
13.180100	755.164131	0.000000	-6.590050	-6.590050	0.000000
13.200223	756.317054	0.000000	-6.600111	-6.600111	0.000000
13.220345	757.469976	0.000000	-6.610173	-6.610173	0.000000
13.240467	758.622898	0.000000	-6.620234	-6.620234	0.000000
13.260590	759.775821	0.000000	-6.630295	-6.630295	0.000000
13.280712	760.928743	0.000000	-6.640356	-6.640356	0.000000
13.300834	762.081665	0.000000	-6.650417	-6.650417	0.000000
13.320957	763.234588	0.000000	-6.660478	-6.660478	0.000000
13.341079	764.387510	0.000000	-6.670539	-6.670539	0.000000
13.361201	765.540432	0.000000	-6.680601	-6.680601	0.000000
13.381323	766.693355	0.000000	-6.690662	-6.690662	0.000000
13.401446	767.846277	0.000000	-6.700723	-6.700723	0.000000
13.421568	768.999199	0.000000	-6.710784	-6.710784	0.000000
13.441690	770.152122	0.000000	-6.720845	-6.720845	0.000000
13.461813	771.305044	0.000000	-6.730906	-6.730906	0.000000
13.481935	772.457966	0.000000	-6.740967	-6.740967	0.000000
13.502057	773.610889	0.000000	-6.751029	-6.751029	0.000000
13.522179	774.763811	0.000000	-6.761090	-6.761090	0.000000
13.542302	775.916733	0.000000	-6.771151	-6.771151	0.000000
13.562424	777.069656	0.000000	-6.781212	-6.781212	0.000000
13.582546	778.222578	0.000000	-6.791273	-6.791273	0.000000
13.602669	779.375500	0.000000	-6.801334	-6.801334	0.000000
13.622791	780.528423	0.000000	-6.811395	-6.811395	0.000000
13.642913	781.681345	0.000000	-6.821457	-6.821457	0.000000
13.663035	782.834267	0.000000	-6.831518	-6.831518	0.000000
13.683158	783.987190	0.000000	-6.841579	-6.841579	0.000000
13.703280	785.140112	0.000000	-6.851640	-6.851640	0.000000
13.723402	786.293034	0.000000	-6.861701	-6.861701	0.000000
13.743525	787.445957	0.000000	-6.871762	-6.871762	0.000000
13.763647	788.598879	0.000000	-6.881823	-6.881823	0.000000
13.783769	789.751801	0.000000	-6.891885	-6.891885	0.000000
13.803891	790.904724	0.000000	-6.901946	-6.901946	0.000000
13.824014	792.057646	0.000000	-6.912007	-6.912007	0.000000
13.844136	793.210568	0.000000	-6.922068	-6.922068	0.000000
13.864258	794.363491	0.000000	-6.932129	-6.932129	0.000000
13.884381	795.516413	0.000000	-6.942190	-6.942190	0.000000
13.904503	796.669335	0.000000	-6.952251	-6.952251	0.000000
13.924625	797.822258	0.000000	-6.962313	-6.962313	0.000000
13.944748	798.975180	0.000000	-6.972374	-6.972374	0.000000
13.964870	800.128102	0.000000	-6.982435	-6.982435	0.000000
13.984992	801.281025	0.000000	-6.992496	-6.992496	0.000000
14.005114	802.433947	0.000000	-7.002557	-7.002557	0.000000
14.025237	803.586869	0.000000	-7.012618	-7.012618	0.000000
14.045359	804.739792	0.000000	-7.022679	-7.022679	0.000000
14.065481	805.892714	0.000000	-7.032741	-7.032741	0.000000
14.085604	807.045637	0.000000	-7.042802	-7.042802	0.000000
14.105726	808.198559	0.000000	-7.052863	-7.052863	0.000000
14.125848	809.351481	0.000000	-7.062924	-7.062924	0.000000
14.145970	810.504404	0.000000	-7.072985	-7.072985	0.000000
14.166093	811.657326	0.000000	-7.083046	-7.083046	0.000000
14.186215	812.810248	0.000000	-7.093108	-7.093108	0.000000
14.206337	813.963171	0.000000	-7.103169	-7.103169	0.000000
14.226460	815.116093	0.000000	-7.113230	-7.113230	0.000000
14.246582	816.269015	0.000000	-7.123291	-7.123291	0.000000
14.266704	817.421938	0.000000	-7.133352	-7.133352	0.000000
14.286826	818.574860	0.000000	-7.143413	-7.143413	0.000000
14.306949	819.727782	0.000000	-7.153474	-7.153474	0.000000
14.327071	820.880705	0.000000	-7.163536	-7.163536	0.000000
14.347193	822.033627	0.000000	-7.173597	-7.173597	0.000000
14.367316	823.186549	0.000000	-7.183658	-7.183658	0.000000
14.387438	824.339472	0.000000	-7.193719	-7.193719	0.000000
14.407560	825.492394	0.000000	-7.203780	-7.203780	0.000000
14.427683	826.645316	0.000000	-7.213841	-7.213841	0.000000
14.447805	827.798239	0.000000	-7.223902	-7.223902	0.000000
14.467927	828.951161	0.000000	-7.233964	-7.233964	0.000000
14.488049	830.104083	0.000000	-7.244025	-7.244025	0.000000
14.508172	831.257006	0.000000	-7.254086	-7.254086	0.000000
14.528294	832.409928	0.000000	-7.264147	-7.264147	0.000000
14.548416	833.562850	0.000000	-7.274208	-7.274208	0.000000
14.568539	834.715773	0.000000	-7.284269	-7.284269	0.000000
14.588661	835.868695	0.000000	-7.294330	-7.294330	0.000000
14.608783	837.021617	0.000000	-7.304392	-7.304392	0.000000
14.628905	838.174540	0.000000	-7.314453	-7.314453	0.000000
14.649028	839.327462	0.000000	-7.324514	-7.324514	0.000000
14.669150	840.480384	0.000000	-7.334575	-7.334575	0.000000
14.689272	841.633307	0.000000	-7.344636	-7.344636	0.000000
14.709395	842.786229	0.000000	-7.354697	-7.354697	0.000000
14.729517	843.939151	0.000000	-7.364758	-7.364758	0.000000
14.749639	845.092074	0.000000	-7.374820	-7.374820	0.000000
14.769761	846.244996	0.000000	-7.384881	-7.384881	0.000000
14.789884	847.397918	0.000000	-7.394942	-7.394942	0.000000
14.810006	848.550841	0.000000	-7.405003	-7.405003	0.000000
14.830128	849.703763	0.000000	-7.415064	-7.415064	0.000000
14.850251	850.856685	0.000000	-7.425125	-7.425125	0.000000
14.870373	852.009608	0.000000	-7.435186	-7.435186	0.000000
14.890495	853.162530	0.000000	-7.445248	-7.445248	0.000000
14.910617	854.315452	0.000000	-7.455309	-7.455309	0.000000
14.930740	855.468375	0.000000	-7.465370	-7.465370	0.000000
14.950862	856.621297	0.000000	-7.475431	-7.475431	0.000000
14.970984	857.774219	0.000000	-7.485492	-7.485492	0.000000
14.991107	858.927142	0.000000	-7.495553	-7.495553	0.000000
15.011229	860.080064	0.000000	-7.505614	-7.505614	0.000000
15.031351	861.232986	0.000000	-7.515676	-7.515676	0.000000
15.051474	862.385909	0.000000	-7.525737	-7.525737	0.000000
15.071596	863.538831	0.000000	-7.535798	-7.535798	0.000000
15.091718	864.691753	0.000000	-7.545859	-7.545859	0.000000
15.111840	865.844676	0.000000	-7.555920	-7.555920	0.000000
15.131963	866.997598	0.000000	-7.565981	-7.565981	0.000000
15.152085	868.150520	0.000000	-7.576042	-7.576042	0.000000
15.172207	869.303443	0.000000	-7.586104	-7.586104	0.000000
15.192330	870.456365	0.000000	-7.596165	-7.596165	0.000000
15.212452	871.609287	0.000000	-7.606226	-7.606226	0.000000
15.232574	872.762210	0.000000	-7.616287	-7.616287	0.000000
15.252696	873.915132	0.000000	-7.626348	-7.626348	0.000000
15.272819	875.068054	0.000000	-7.636409	-7.636409	0.000000
15.292941	876.220977	0.000000	-7.646471	-7.646471	0.000000
15.313063	877.373899	0.000000	-7.656532	-7.656532	0.000000
15.333186	878.526821	0.000000	-7.666593	-7.666593	0.000000
15.353308	879.679744	0.000000	-7.676654	-7.676654	0.000000
15.373430	880.832666	0.000000	-7.686715	-7.686715	0.000000
15.393552	881.985588	0.000000	-7.696776	-7.696776	0.000000
15.413675	883.138511	0.000000	-7.706837	-7.706837	0.000000
15.433797	884.291433	0.000000	-7.716899	-7.716899	0.000000
15.453919	885.444355	0.000000	-7.726960	-7.726960	0.000000
15.474042	886.597278	0.000000	-7.737021	-7.737021	0.000000
15.494164	887.750200	0.000000	-7.747082	-7.747082	0.000000
15.514286	888.903122	0.000000	-7.757143	-7.757143	0.000000
15.534409	890.056045	0.000000	-7.767204	-7.767204	0.000000
15.554531	891.208967	0.000000	-7.777265	-7.777265	0.000000
15.574653	892.361890	0.000000	-7.787327	-7.787327	0.000000
15.594775	893.514812	0.000000	-7.797388	-7.797388	0.000000
15.614898	894.667734	0.000000	-7.807449	-7.807449	0.000000
15.635020	895.820657	0.000000	-7.817510	-7.817510	0.000000
15.655142	896.973579	0.000000	-7.827571	-7.827571	0.000000
15.675265	898.126501	0.000000	-7.837632	-7.837632	0.000000
15.695387	899.279424	0.000000	-7.847693	-7.847693	0.000000
15.715509	900.432346	0.000000	-7.857755	-7.857755	0.000000
15.735631	901.585268	0.000000	-7.867816	-7.867816	0.000000
15.755754	902.738191	0.000000	-7.877877	-7.877877	0.000000
15.775876	903.891113	0.000000	-7.887938	-7.887938	0.000000
15.795998	905.044035	0.000000	-7.897999	-7.897999	0.000000
15.816121	906.196958	0.000000	-7.908060	-7.908060	0.000000
15.836243	907.349880	0.000000	-7.918121	-7.918121	0.000000
15.856365	908.502802	0.000000	-7.928183	-7.928183	0.000000
15.876487	909.655725	0.000000	-7.938244	-7.938244	0.000000
15.896610	910.808647	0.000000	-7.948305	-7.948305	0.000000
15.916732	911.961569	0.000000	-7.958366	-7.958366	0.000000
15.936854	913.114492	0.000000	-7.968427	-7.968427	0.000000
15.956977	914.267414	0.000000	-7.978488	-7.978488	0.000000
15.977099	915.420336	0.000000	-7.988549	-7.988549	0.000000
15.997221	916.573259	0.000000	-7.998611	-7.998611	0.000000
16.017343	917.726181	0.000000	-8.008672	-8.008672	0.000000
16.037466	918.879103	0.000000	-8.018733	-8.018733	0.000000
16.057588	920.032026	0.000000	-8.028794	-8.028794	0.000000
16.077710	921.184948	0.000000	-8.038855	-8.038855	0.000000
16.097833	922.337870	0.000000	-8.048916	-8.048916	0.000000
16.117955	923.490793	0.000000	-8.058977	-8.058977	0.000000
16.138077	924.643715	0.000000	-8.069039	-8.069039	0.000000
16.158200	925.796637	0.000000	-8.079100	-8.079100	0.000000
16.178322	926.949560	0.000000	-8.089161	-8.089161	0.000000
16.198444	928.102482	0.000000	-8.099222	-8.099222	0.000000
16.218566	929.255404	0.000000	-8.109283	-8.109283	0.000000
16.238689	930.408327	0.000000	-8.119344	-8.119344	0.000000
16.258811	931.561249	0.000000	-8.129405	-8.129405	0.000000
16.278933	932.714171	0.000000	-8.139467	-8.139467	0.000000
16.299056	933.867094	0.000000	-8.149528	-8.149528	0.000000
16.319178	935.020016	0.000000	-8.159589	-8.159589	0.000000
16.339300	936.172938	0.000000	-8.169650	-8.169650	0.000000
16.359422	937.325861	0.000000	-8.179711	-8.179711	0.000000
16.379545	938.478783	0.000000	-8.189772	-8.189772	0.000000
16.399667	939.631705	0.000000	-8.199834	-8.199834	0.000000
16.419789	940.784628	0.000000	-8.209895	-8.209895	0.000000
16.439912	941.937550	0.000000	-8.219956	-8.219956	0.000000
16.460034	943.090472	0.000000	-8.230017	-8.230017	0.000000
16.480156	944.243395	0.000000	-8.240078	-8.240078	0.000000
16.500278	945.396317	0.000000	-8.250139	-8.250139	0.000000
16.520401	946.549239	0.000000	-8.260200	-8.260200	0.000000
16.540523	947.702162	0.000000	-8.270262	-8.270262	0.000000
16.560645	948.855084	0.000000	-8.280323	-8.280323	0.000000
16.580768	950.008006	0.000000	-8.290384	-8.290384	0.000000
16.600890	951.160929	0.000000	-8.300445	-8.300445	0.000000
16.621012	952.313851	0.000000	-8.310506	-8.310506	0.000000
16.641135	953.466773	0.000000	-8.320567	-8.320567	0.000000
16.661257	954.619696	0.000000	-8.330628	-8.330628	0.000000
16.681379	955.772618	0.000000	-8.340690	-8.340690	0.000000
16.701501	956.925540	0.000000	-8.350751	-8.350751	0.000000
16.721624	958.078463	0.000000	-8.360812	-8.360812	0.000000
16.741746	959.231385	0.000000	-8.370873	-8.370873	0.000000
16.761868	960.384307	0.000000	-8.380934	-8.380934	0.000000
16.781991	961.537230	0.000000	-8.390995	-8.390995	0.000000
16.802113	962.690152	0.000000	-8.401056	-8.401056	0.000000
16.822235	963.843074	0.000000	-8.411118	-8.411118	0.000000
16.842357	964.995997	0.000000	-8.421179	-8.421179	0.000000
16.862480	966.148919	0.000000	-8.431240	-8.431240	0.000000
16.882602	967.301841	0.000000	-8.441301	-8.441301	0.000000
16.902724	968.454764	0.000000	-8.451362	-8.451362	0.000000
16.922847	969.607686	0.000000	-8.461423	-8.461423	0.000000
16.942969	970.760608	0.000000	-8.471484	-8.471484	0.000000
16.963091	971.913531	0.000000	-8.481546	-8.481546	0.000000
16.983213	973.066453	0.000000	-8.491607	-8.491607	0.000000
17.003336	974.219376	0.000000	-8.501668	-8.501668	0.000000
17.023458	975.372298	0.000000	-8.511729	-8.511729	0.000000
17.043580	976.525220	0.000000	-8.521790	-8.521790	0.000000
17.063703	977.678143	0.000000	-8.531851	-8.531851	0.000000
17.083825	978.831065	0.000000	-8.541912	-8.541912	0.000000
17.103947	979.983987	0.000000	-8.551974	-8.551974	0.000000
17.124069	981.136910	0.000000	-8.562035	-8.562035	0.000000
17.144192	982.289832	0.000000	-8.572096	-8.572096	0.000000
17.164314	983.442754	0.000000	-8.582157	-8.582157	0.000000
17.184436	984.595677	0.000000	-8.592218	-8.592218	0.000000
17.204559	985.748599	0.000000	-8.602279	-8.602279	0.000000
17.224681	986.901521	0.000000	-8.612340	-8.612340	0.000000
17.244803	988.054444	0.000000	-8.622402	-8.622402	0.000000
17.264926	989.207366	0.000000	-8.632463	-8.632463	0.000000
17.285048	990.360288	0.000000	-8.642524	-8.642524	0.000000
17.305170	991.513211	0.000000	-8.652585	-8.652585	0.000000
17.325292	992.666133	0.000000	-8.662646	-8.662646	0.000000
17.345415	993.819055	0.000000	-8.672707	-8.672707	0.000000
17.365537	994.971978	0.000000	-8.682768	-8.682768	0.000000
17.385659	996.124900	0.000000	-8.692830	-8.692830	0.000000
17.405782	997.277822	0.000000	-8.702891	-8.702891	0.000000
17.425904	998.430745	0.000000	-8.712952	-8.712952	0.000000
17.446026	999.583667	0.000000	-8.723013	-8.723013	0.000000
17.466148	1000.736589	0.000000	-8.733074	-8.733074	0.000000
17.486271	1001.889512	0.000000	-8.743135	-8.743135	0.000000
17.506393	1003.042434	0.000000	-8.753197	-8.753197	0.000000
17.526515	1004.195356	0.000000	-8.763258	-8.763258	0.000000
17.546638	1005.348279	0.000000	-8.773319	-8.773319	0.000000
17.566760	1006.501201	0.000000	-8.783380	-8.783380	0.000000
17.586882	1007.654123	0.000000	-8.793441	-8.793441	0.000000
17.607004	1008.807046	0.000000	-8.803502	-8.803502	0.000000
17.627127	1009.959968	0.000000	-8.813563	-8.813563	0.000000
17.647249	1011.112890	0.000000	-8.823625	-8.823625	0.000000
17.667371	1012.265813	0.000000	-8.833686	-8.833686	0.000000
17.687494	1013.418735	0.000000	-8.843747	-8.843747	0.000000
17.707616	1014.571657	0.000000	-8.853808	-8.853808	0.000000
17.727738	1015.724580	0.000000	-8.863869	-8.863869	0.000000
17.747860	1016.877502	0.000000	-8.873930	-8.873930	0.000000
17.767983	1018.030424	0.000000	-8.883991	-8.883991	0.000000
17.788105	1019.183347	0.000000	-8.894053	-8.894053	0.000000
17.808227	1020.336269	0.000000	-8.904114	-8.904114	0.000000
17.828350	1021.489191	0.000000	-8.914175	-8.914175	0.000000
17.848472	1022.642114	0.000000	-8.924236	-8.924236	0.000000
17.868594	1023.795036	0.000000	-8.934297	-8.934297	0.000000
17.888717	1024.947958	0.000000	-8.944358	-8.944358	0.000000
17.908839	1026.100881	0.000000	-8.954419	-8.954419	0.000000
17.928961	1027.253803	0.000000	-8.964481	-8.964481	0.000000
17.949083	1028.406725	0.000000	-8.974542	-8.974542	0.000000
17.969206	1029.559648	0.000000	-8.984603	-8.984603	0.000000
17.989328	1030.712570	0.000000	-8.994664	-8.994664	0.000000
18.009450	1031.865492	0.000000	-9.004725	-9.004725	0.000000
18.029573	1033.018415	0.000000	-9.014786	-9.014786	0.000000
18.049695	1034.171337	0.000000	-9.024847	-9.024847	0.000000
18.069817	1035.324259	0.000000	-9.034909	-9.034909	0.000000
18.089939	1036.477182	0.000000	-9.044970	-9.044970	0.000000
18.110062	1037.630104	0.000000	-9.055031	-9.055031	0.000000
18.130184	1038.783026	0.000000	-9.065092	-9.065092	0.000000
18.150306	1039.935949	0.000000	-9.075153	-9.075153	0.000000
18.170429	1041.088871	0.000000	-9.085214	-9.085214	0.000000
18.190551	1042.241793	0.000000	-9.095275	-9.095275	0.000000
18.210673	1043.394716	0.000000	-9.105337	-9.105337	0.000000
18.230795	1044.547638	0.000000	-9.115398	-9.115398	0.000000
18.250918	1045.700560	0.000000	-9.125459	-9.125459	0.000000
18.271040	1046.853483	0.000000	-9.135520	-9.135520	0.000000
18.291162	1048.006405	0.000000	-9.145581	-9.145581	0.000000
18.311285	1049.159327	0.000000	-9.155642	-9.155642	0.000000
18.331407	1050.312250	0.000000	-9.165703	-9.165703	0.000000
18.351529	1051.465172	0.000000	-9.175765	-9.175765	0.000000
18.371652	1052.618094	0.000000	-9.185826	-9.185826	0.000000
18.391774	1053.771017	0.000000	-9.195887	-9.195887	0.000000
18.411896	1054.923939	0.000000	-9.205948	-9.205948	0.000000
18.432018	1056.076861	0.000000	-9.216009	-9.216009	0.000000
18.452141	1057.229784	0.000000	-9.226070	-9.226070	0.000000
18.472263	1058.382706	0.000000	-9.236131	-9.236131	0.000000
18.492385	1059.535629	0.000000	-9.246193	-9.246193	0.000000
18.512508	1060.688551	0.000000	-9.256254	-9.256254	0.000000
18.532630	1061.841473	0.000000	-9.266315	-9.266315	0.000000
18.552752	1062.994396	0.000000	-9.276376	-9.276376	0.000000
18.572874	1064.147318	0.000000	-9.286437	-9.286437	0.000000
18.592997	1065.300240	0.000000	-9.296498	-9.296498	0.000000
18.613119	1066.453163	0.000000	-9.306560	-9.306560	0.000000
18.633241	1067.606085	0.000000	-9.316621	-9.316621	0.000000
18.653364	1068.759007	0.000000	-9.326682	-9.326682	0.000000
18.673486	1069.911930	0.000000	-9.336743	-9.336743	0.000000
18.693608	1071.064852	0.000000	-9.346804	-9.346804	0.000000
18.713730	1072.217774	0.000000	-9.356865	-9.356865	0.000000
18.733853	1073.370697	0.000000	-9.366926	-9.366926	0.000000
18.753975	1074.523619	0.000000	-9.376988	-9.376988	0.000000
18.774097	1075.676541	0.000000	-9.387049	-9.387049	0.000000
18.794220	1076.829464	0.000000	-9.397110	-9.397110	0.000000
18.814342	1077.982386	0.000000	-9.407171	-9.407171	0.000000
18.834464	1079.135308	0.000000	-9.417232	-9.417232	0.000000
18.854586	1080.288231	0.000000	-9.427293	-9.427293	0.000000
18.874709	1081.441153	0.000000	-9.437354	-9.437354	0.000000
18.894831	1082.594075	0.000000	-9.447416	-9.447416	0.000000
18.914953	1083.746998	0.000000	-9.457477	-9.457477	0.000000
18.935076	1084.899920	0.000000	-9.467538	-9.467538	0.000000
18.955198	1086.052842	0.000000	-9.477599	-9.477599	0.000000
18.975320	1087.205765	0.000000	-9.487660	-9.487660	0.000000
18.995443	1088.358687	0.000000	-9.497721	-9.497721	0.000000
19.015565	1089.511609	0.000000	-9.507782	-9.507782	0.000000
19.035687	1090.664532	0.000000	-9.517844	-9.517844	0.000000
19.055809	1091.817454	0.000000	-9.527905	-9.527905	0.000000
19.075932	1092.970376	0.000000	-9.537966	-9.537966	0.000000
19.096054	1094.123299	0.000000	-9.548027	-9.548027	0.000000
19.116176	1095.276221	0.000000	-9.558088	-9.558088	0.000000
19.136299	1096.429143	0.000000	-9.568149	-9.568149	0.000000
19.156421	1097.582066	0.000000	-9.578210	-9.578210	0.000000
19.176543	1098.734988	0.000000	-9.588272	-9.588272	0.000000
19.196665	1099.887910	0.000000	-9.598333	-9.598333	0.000000
19.216788	1101.040833	0.000000	-9.608394	-9.608394	0.000000
19.236910	1102.193755	0.000000	-9.618455	-9.618455	0.000000
19.257032	1103.346677	0.000000	-9.628516	-9.628516	0.000000
19.277155	1104.499600	0.000000	-9.638577	-9.638577	0.000000
19.297277	1105.652522	0.000000	-9.648638	-9.648638	0.000000
19.317399	1106.805444	0.000000	-9.658700	-9.658700	0.000000
19.337521	1107.958367	0.000000	-9.668761	-9.668761	0.000000
19.357644	1109.111289	0.000000	-9.678822	-9.678822	0.000000
19.377766	1110.264211	0.000000	-9.688883	-9.688883	0.000000
19.397888	1111.417134	0.000000	-9.698944	-9.698944	0.000000
19.418011	1112.570056	0.000000	-9.709005	-9.709005	0.000000
19.438133	1113.722978	0.000000	-9.719066	-9.719066	0.000000
19.458255	1114.875901	0.000000	-9.729128	-9.729128	0.000000
19.478378	1116.028823	0.000000	-9.739189	-9.739189	0.000000
19.498500	1117.181745	0.000000	-9.749250	-9.749250	0.000000
19.518622	1118.334668	0.000000	-9.759311	-9.759311	0.000000
19.538744	1119.487590	0.000000	-9.769372	-9.769372	0.000000
19.558867	1120.640512	0.000000	-9.779433	-9.779433	0.000000
19.578989	1121.793435	0.000000	-9.789494	-9.789494	0.000000
19.599111	1122.946357	0.000000	-9.799556	-9.799556	0.000000
19.619234	1124.099279	0.000000	-9.809617	-9.809617	0.000000
19.639356	1125.252202	0.000000	-9.819678	-9.819678	0.000000
19.659478	1126.405124	0.000000	-9.829739	-9.829739	0.000000
19.679600	1127.558046	0.000000	-9.839800	-9.839800	0.000000
19.699723	1128.710969	0.000000	-9.849861	-9.849861	0.000000
19.719845	1129.863891	0.000000	-9.859922	-9.859922	0.000000
19.739967	1131.016813	0.000000	-9.869984	-9.869984	0.000000
19.760090	1132.169736	0.000000	-9.880045	-9.880045	0.000000
19.780212	1133.322658	0.000000	-9.890106	-9.890106	0.000000
19.800334	1134.475580	0.000000	-9.900167	-9.900167	0.000000
19.820456	1135.628503	0.000000	-9.910228	-9.910228	0.000000
19.840579	1136.781425	0.000000	-9.920289	-9.920289	0.000000
19.860701	1137.934347	0.000000	-9.930351	-9.930351	0.000000
19.880823	1139.087270	0.000000	-9.940412	-9.940412	0.000000
19.900946	1140.240192	0.000000	-9.950473	-9.950473	0.000000
19.921068	1141.393114	0.000000	-9.960534	-9.960534	0.000000
19.941190	1142.546037	0.000000	-9.970595	-9.970595	0.000000
19.961312	1143.698959	0.000000	-9.980656	-9.980656	0.000000
19.981435	1144.851882	0.000000	-9.990717	-9.990717	0.000000
20.001557	1146.004804	0.000000	-10.000779	-10.000779	0.000000
20.021679	1147.157726	0.000000	-10.010840	-10.010840	0.000000
20.041802	1148.310649	0.000000	-10.020901	-10.020901	0.000000
20.061924	1149.463571	0.000000	-10.030962	-10.030962	0.000000
20.082046	1150.616493	0.000000	-10.041023	-10.041023	0.000000
20.102169	1151.769416	0.000000	-10.051084	-10.051084	0.000000
20.122291	1152.922338	0.000000	-10.061145	-10.061145	0.000000
20.142413	1154.075260	0.000000	-10.071207	-10.071207	0.000000
20.162535	1155.228183	0.000000	-10.081268	-10.081268	0.000000
20.182658	1156.381105	0.000000	-10.091329	-10.091329	0.000000
20.202780	1157.534027	0.000000	-10.101390	-10.101390	0.000000
20.222902	1158.686950	0.000000	-10.111451	-10.111451	0.000000
20.243025	1159.839872	0.000000	-10.121512	-10.121512	0.000000
20.263147	1160.992794	0.000000	-10.131573	-10.131573	0.000000
20.283269	1162.145717	0.000000	-10.141635	-10.141635	0.000000
20.303391	1163.298639	0.000000	-10.151696	-10.151696	0.000000
20.323514	1164.451561	0.000000	-10.161757	-10.161757	0.000000
20.343636	1165.604484	0.000000	-10.171818	-10.171818	0.000000
20.363758	1166.757406	0.000000	-10.181879	-10.181879	0.000000
20.383881	1167.910328	0.000000	-10.191940	-10.191940	0.000000
20.404003	1169.063251	0.000000	-10.202001	-10.202001	0.000000
20.424125	1170.216173	0.000000	-10.212063	-10.212063	0.000000
20.444247	1171.369095	0.000000	-10.222124	-10.222124	0.000000
20.464370	1172.522018	0.000000	-10.232185	-10.232185	0.000000
20.484492	1173.674940	0.000000	-10.242246	-10.242246	0.000000
20.504614	1174.827862	0.000000	-10.252307	-10.252307	0.000000
20.524737	1175.980785	0.000000	-10.262368	-10.262368	0.000000
20.544859	1177.133707	0.000000	-10.272429	-10.272429	0.000000
20.564981	1178.286629	0.000000	-10.282491	-10.282491	0.000000
20.585104	1179.439552	0.000000	-10.292552	-10.292552	0.000000
20.605226	1180.592474	0.000000	-10.302613	-10.302613	0.000000
20.625348	1181.745396	0.000000	-10.312674	-10.312674	0.000000
20.645470	1182.898319	0.000000	-10.322735	-10.322735	0.000000
20.665593	1184.051241	0.000000	-10.332796	-10.332796	0.000000
20.685715	1185.204163	0.000000	-10.342857	-10.342857	0.000000
20.705837	1186.357086	0.000000	-10.352919	-10.352919	0.000000
20.725960	1187.510008	0.000000	-10.362980	-10.362980	0.000000
20.746082	1188.662930	0.000000	-10.373041	-10.373041	0.000000
20.766204	1189.815853	0.000000	-10.383102	-10.383102	0.000000
20.786326	1190.968775	0.000000	-10.393163	-10.393163	0.000000
20.806449	1192.121697	0.000000	-10.403224	-10.403224	0.000000
20.826571	1193.274620	0.000000	-10.413285	-10.413285	0.000000
20.846693	1194.427542	0.000000	-10.423347	-10.423347	0.000000
20.866816	1195.580464	0.000000	-10.433408	-10.433408	0.000000
20.886938	1196.733387	0.000000	-10.443469	-10.443469	0.000000
20.907060	1197.886309	0.000000	-10.453530	-10.453530	0.000000
20.927182	1199.039231	0.000000	-10.463591	-10.463591	0.000000
20.947305	1200.192154	0.000000	-10.473652	-10.473652	0.000000
20.967427	1201.345076	0.000000	-10.483714	-10.483714	0.000000
20.987549	1202.497998	0.000000	-10.493775	-10.493775	0.000000
21.007672	1203.650921	0.000000	-10.503836	-10.503836	0.000000
21.027794	1204.803843	0.000000	-10.513897	-10.513897	0.000000
21.047916	1205.956765	0.000000	-10.523958	-10.523958	0.000000
21.068038	1207.109688	0.000000	-10.534019	-10.534019	0.000000
21.088161	1208.262610	0.000000	-10.544080	-10.544080	0.000000
21.108283	1209.415532	0.000000	-10.554142	-10.554142	0.000000
21.128405	1210.568455	0.000000	-10.564203	-10.564203	0.000000
21.148528	1211.721377	0.000000	-10.574264	-10.574264	0.000000
21.168650	1212.874299	0.000000	-10.584325	-10.584325	0.000000
21.188772	1214.027222	0.000000	-10.594386	-10.594386	0.000000
21.208895	1215.180144	0.000000	-10.604447	-10.604447	0.000000
21.229017	1216.333066	0.000000	-10.614508	-10.614508	0.000000
21.249139	1217.485989	0.000000	-10.624570	-10.624570	0.000000
21.269261	1218.638911	0.000000	-10.634631	-10.634631	0.000000
21.289384	1219.791833	0.000000	-10.644692	-10.644692	0.000000
21.309506	1220.944756	0.000000	-10.654753	-10.654753	0.000000
21.329628	1222.097678	0.000000	-10.664814	-10.664814	0.000000
21.349751	1223.250600	0.000000	-10.674875	-10.674875	0.000000
21.369873	1224.403523	0.000000	-10.684936	-10.684936	0.000000
21.389995	1225.556445	0.000000	-10.694998	-10.694998	0.000000
21.410117	1226.709367	0.000000	-10.705059	-10.705059	0.000000
21.430240	1227.862290	0.000000	-10.715120	-10.715120	0.000000
21.450362	1229.015212	0.000000	-10.725181	-10.725181	0.000000
21.470484	1230.168135	0.000000	-10.735242	-10.735242	0.000000
21.490607	1231.321057	0.000000	-10.745303	-10.745303	0.000000
21.510729	1232.473979	0.000000	-10.755364	-10.755364	0.000000
21.530851	1233.626902	0.000000	-10.765426	-10.765426	0.000000
21.550973	1234.779824	0.000000	-10.775487	-10.775487	0.000000
21.571096	1235.932746	0.000000	-10.785548	-10.785548	0.000000
21.591218	1237.085669	0.000000	-10.795609	-10.795609	0.000000
21.611340	1238.238591	0.000000	-10.805670	-10.805670	0.000000
21.631463	1239.391513	0.000000	-10.815731	-10.815731	0.000000
21.651585	1240.544436	0.000000	-10.825792	-10.825792	0.000000
21.671707	1241.697358	0.000000	-10.835854	-10.835854	0.000000
21.691829	1242.850280	0.000000	-10.845915	-10.845915	0.000000
21.711952	1244.003203	0.000000	-10.855976	-10.855976	0.000000
21.732074	1245.156125	0.000000	-10.866037	-10.866037	0.000000
21.752196	1246.309047	0.000000	-10.876098	-10.876098	0.000000
21.772319	1247.461970	0.000000	-10.886159	-10.886159	0.000000
21.792441	1248.614892	0.000000	-10.896220	-10.896220	0.000000
21.812563	1249.767814	0.000000	-10.906282	-10.906282	0.000000
21.832686	1250.920737	0.000000	-10.916343	-10.916343	0.000000
21.852808	1252.073659	0.000000	-10.926404	-10.926404	0.000000
21.872930	1253.226581	0.000000	-10.936465	-10.936465	0.000000
21.893052	1254.379504	0.000000	-10.946526	-10.946526	0.000000
21.913175	1255.532426	0.000000	-10.956587	-10.956587	0.000000
21.933297	1256.685348	0.000000	-10.966648	-10.966648	0.000000
21.953419	1257.838271	0.000000	-10.976710	-10.976710	0.000000
21.973542	1258.991193	0.000000	-10.986771	-10.986771	0.000000
21.993664	1260.144115	0.000000	-10.996832	-10.996832	0.000000
22.013786	1261.297038	0.000000	-11.006893	-11.006893	0.000000
22.033908	1262.449960	0.000000	-11.016954	-11.016954	0.000000
22.054031	1263.602882	0.000000	-11.027015	-11.027015	0.000000
22.074153	1264.755805	0.000000	-11.037077	-11.037077	0.000000
22.094275	1265.908727	0.000000	-11.047138	-11.047138	0.000000
22.114398	1267.061649	0.000000	-11.057199	-11.057199	0.000000
22.134520	1268.214572	0.000000	-11.067260	-11.067260	0.000000
22.154642	1269.367494	0.000000	-11.077321	-11.077321	0.000000
22.174764	1270.520416	0.000000	-11.087382	-11.087382	0.000000
22.194887	1271.673339	0.000000	-11.097443	-11.097443	0.000000
22.215009	1272.826261	0.000000	-11.107505	-11.107505	0.000000
22.235131	1273.979183	0.000000	-11.117566	-11.117566	0.000000
22.255254	1275.132106	0.000000	-11.127627	-11.127627	0.000000
22.275376	1276.285028	0.000000	-11.137688	-11.137688	0.000000
22.295498	1277.437950	0.000000	-11.147749	-11.147749	0.000000
22.315621	1278.590873	0.000000	-11.157810	-11.157810	0.000000
22.335743	1279.743795	0.000000	-11.167871	-11.167871	0.000000
22.355865	1280.896717	0.000000	-11.177933	-11.177933	0.000000
22.375987	1282.049640	0.000000	-11.187994	-11.187994	0.000000
22.396110	1283.202562	0.000000	-11.198055	-11.198055	0.000000
22.416232	1284.355484	0.000000	-11.208116	-11.208116	0.000000
22.436354	1285.508407	0.000000	-11.218177	-11.218177	0.000000
22.456477	1286.661329	0.000000	-11.228238	-11.228238	0.000000
22.476599	1287.814251	0.000000	-11.238299	-11.238299	0.000000
22.496721	1288.967174	0.000000	-11.248361	-11.248361	0.000000
22.516843	1290.120096	0.000000	-11.258422	-11.258422	0.000000
22.536966	1291.273018	0.000000	-11.268483	-11.268483	0.000000
22.557088	1292.425941	0.000000	-11.278544	-11.278544	0.000000
22.577210	1293.578863	0.000000	-11.288605	-11.288605	0.000000
22.597333	1294.731785	0.000000	-11.298666	-11.298666	0.000000
22.617455	1295.884708	0.000000	-11.308727	-11.308727	0.000000
22.637577	1297.037630	0.000000	-11.318789	-11.318789	0.000000
22.657699	1298.190552	0.000000	-11.328850	-11.328850	0.000000
22.677822	1299.343475	0.000000	-11.338911	-11.338911	0.000000
22.697944	1300.496397	0.000000	-11.348972	-11.348972	0.000000
22.718066	1301.649319	0.000000	-11.359033	-11.359033	0.000000
22.738189	1302.802242	0.000000	-11.369094	-11.369094	0.000000
22.758311	1303.955164	0.000000	-11.379155	-11.379155	0.000000
22.778433	1305.108086	0.000000	-11.389217	-11.389217	0.000000
22.798555	1306.261009	0.000000	-11.399278	-11.399278	0.000000
22.818678	1307.413931	0.000000	-11.409339	-11.409339	0.000000
22.838800	1308.566853	0.000000	-11.419400	-11.419400	0.000000
22.858922	1309.719776	0.000000	-11.429461	-11.429461	0.000000
22.879045	1310.872698	0.000000	-11.439522	-11.439522	0.000000
22.899167	1312.025620	0.000000	-11.449583	-11.449583	0.000000
22.919289	1313.178543	0.000000	-11.459645	-11.459645	0.000000
22.939412	1314.331465	0.000000	-11.469706	-11.469706	0.000000
22.959534	1315.484388	0.000000	-11.479767	-11.479767	0.000000
22.979656	1316.637310	0.000000	-11.489828	-11.489828	0.000000
22.999778	1317.790232	0.000000	-11.499889	-11.499889	0.000000
23.019901	1318.943155	0.000000	-11.509950	-11.509950	0.000000
23.040023	1320.096077	0.000000	-11.520011	-11.520011	0.000000
23.060145	1321.248999	0.000000	-11.530073	-11.530073	0.000000
23.080268	1322.401922	0.000000	-11.540134	-11.540134	0.000000
23.100390	1323.554844	0.000000	-11.550195	-11.550195	0.000000
23.120512	1324.707766	0.000000	-11.560256	-11.560256	0.000000
23.140634	1325.860689	0.000000	-11.570317	-11.570317	0.000000
23.160757	1327.013611	0.000000	-11.580378	-11.580378	0.000000
23.180879	1328.166533	0.000000	-11.590440	-11.590440	0.000000
23.201001	1329.319456	0.000000	-11.600501	-11.600501	0.000000
23.221124	1330.472378	0.000000	-11.610562	-11.610562	0.000000
23.241246	1331.625300	0.000000	-11.620623	-11.620623	0.000000
23.261368	1332.778223	0.000000	-11.630684	-11.630684	0.000000
23.281490	1333.931145	0.000000	-11.640745	-11.640745	0.000000
23.301613	1335.084067	0.000000	-11.650806	-11.650806	0.000000
23.321735	1336.236990	0.000000	-11.660868	-11.660868	0.000000
23.341857	1337.389912	0.000000	-11.670929	-11.670929	0.000000
23.361980	1338.542834	0.000000	-11.680990	-11.680990	0.000000
23.382102	1339.695757	0.000000	-11.691051	-11.691051	0.000000
23.402224	1340.848679	0.000000	-11.701112	-11.701112	0.000000
23.422347	1342.001601	0.000000	-11.711173	-11.711173	0.000000
23.442469	1343.154524	0.000000	-11.721234	-11.721234	0.000000
23.462591	1344.307446	0.000000	-11.731296	-11.731296	0.000000
23.482713	1345.460368	0.000000	-11.741357	-11.741357	0.000000
23.502836	1346.613291	0.000000	-11.751418	-11.751418	0.000000
23.522958	1347.766213	0.000000	-11.761479	-11.761479	0.000000
23.543080	1348.919135	0.000000	-11.771540	-11.771540	0.000000
23.563203	1350.072058	0.000000	-11.781601	-11.781601	0.000000
23.583325	1351.224980	0.000000	-11.791662	-11.791662	0.000000
23.603447	1352.377902	0.000000	-11.801724	-11.801724	0.000000
23.623569	1353.530825	0.000000	-11.811785	-11.811785	0.000000
23.643692	1354.683747	0.000000	-11.821846	-11.821846	0.000000
23.663814	1355.836669	0.000000	-11.831907	-11.831907	0.000000
23.683936	1356.989592	0.000000	-11.841968	-11.841968	0.000000
23.704059	1358.142514	0.000000	-11.852029	-11.852029	0.000000
23.724181	1359.295436	0.000000	-11.862090	-11.862090	0.000000
23.744303	1360.448359	0.000000	-11.872152	-11.872152	0.000000
23.764425	1361.601281	0.000000	-11.882213	-11.882213	0.000000
23.784548	1362.754203	0.000000	-11.892274	-11.892274	0.000000
23.804670	1363.907126	0.000000	-11.902335	-11.902335	0.000000
23.824792	1365.060048	0.000000	-11.912396	-11.912396	0.000000
23.844915	1366.212970	0.000000	-11.922457	-11.922457	0.000000
23.865037	1367.365893	0.000000	-11.932518	-11.932518	0.000000
23.885159	1368.518815	0.000000	-11.942580	-11.942580	0.000000
23.905281	1369.671737	0.000000	-11.952641	-11.952641	0.000000
23.925404	1370.824660	0.000000	-11.962702	-11.962702	0.000000
23.945526	1371.977582	0.000000	-11.972763	-11.972763	0.000000
23.965648	1373.130504	0.000000	-11.982824	-11.982824	0.000000
23.985771	1374.283427	0.000000	-11.992885	-11.992885	0.000000
24.005893	1375.436349	0.000000	-12.002946	-12.002946	0.000000
24.026015	1376.589271	0.000000	-12.013008	-12.013008	0.000000
24.046138	1377.742194	0.000000	-12.023069	-12.023069	0.000000
24.066260	1378.895116	0.000000	-12.033130	-12.033130	0.000000
24.086382	1380.048038	0.000000	-12.043191	-12.043191	0.000000
24.106504	1381.200961	0.000000	-12.053252	-12.053252	0.000000
24.126627	1382.353883	0.000000	-12.063313	-12.063313	0.000000
24.146749	1383.506805	0.000000	-12.073374	-12.073374	0.000000
24.166871	1384.659728	0.000000	-12.083436	-12.083436	0.000000
24.186994	1385.812650	0.000000	-12.093497	-12.093497	0.000000
24.207116	1386.965572	0.000000	-12.103558	-12.103558	0.000000
24.227238	1388.118495	0.000000	-12.113619	-12.113619	0.000000
24.247360	1389.271417	0.000000	-12.123680	-12.123680	0.000000
24.267483	1390.424339	0.000000	-12.133741	-12.133741	0.000000
24.287605	1391.577262	0.000000	-12.143803	-12.143803	0.000000
24.307727	1392.730184	0.000000	-12.153864	-12.153864	0.000000
24.327850	1393.883106	0.000000	-12.163925	-12.163925	0.000000
24.347972	1395.036029	0.000000	-12.173986	-12.173986	0.000000
24.368094	1396.188951	0.000000	-12.184047	-12.184047	0.000000
24.388216	1397.341873	0.000000	-12.194108	-12.194108	0.000000
24.408339	1398.494796	0.000000	-12.204169	-12.204169	0.000000
24.428461	1399.647718	0.000000	-12.214231	-12.214231	0.000000
24.448583	1400.800641	0.000000	-12.224292	-12.224292	0.000000
24.468706	1401.953563	0.000000	-12.234353	-12.234353	0.000000
24.488828	1403.106485	0.000000	-12.244414	-12.244414	0.000000
24.508950	1404.259408	0.000000	-12.254475	-12.254475	0.000000
24.529073	1405.412330	0.000000	-12.264536	-12.264536	0.000000
24.549195	1406.565252	0.000000	-12.274597	-12.274597	0.000000
24.569317	1407.718175	0.000000	-12.284659	-12.284659	0.000000
24.589439	1408.871097	0.000000	-12.294720	-12.294720	0.000000
24.609562	1410.024019	0.000000	-12.304781	-12.304781	0.000000
24.629684	1411.176942	0.000000	-12.314842	-12.314842	0.000000
24.649806	1412.329864	0.000000	-12.324903	-12.324903	0.000000
24.669929	1413.482786	0.000000	-12.334964	-12.334964	0.000000
24.690051	1414.635709	0.000000	-12.345025	-12.345025	0.000000
24.710173	1415.788631	0.000000	-12.355087	-12.355087	0.000000
24.730295	1416.941553	0.000000	-12.365148	-12.365148	0.000000
24.750418	1418.094476	0.000000	-12.375209	-12.375209	0.000000
24.770540	1419.247398	0.000000	-12.385270	-12.385270	0.000000
24.790662	1420.400320	0.000000	-12.395331	-12.395331	0.000000
24.810785	1421.553243	0.000000	-12.405392	-12.405392	0.000000
24.830907	1422.706165	0.000000	-12.415453	-12.415453	0.000000
24.851029	1423.859087	0.000000	-12.425515	-12.425515	0.000000
24.871151	1425.012010	0.000000	-12.435576	-12.435576	0.000000
24.891274	1426.164932	0.000000	-12.445637	-12.445637	0.000000
24.911396	1427.317854	0.000000	-12.455698	-12.455698	0.000000
24.931518	1428.470777	0.000000	-12.465759	-12.465759	0.000000
24.951641	1429.623699	0.000000	-12.475820	-12.475820	0.000000
24.971763	1430.776621	0.000000	-12.485881	-12.485881	0.000000
24.991885	1431.929544	0.000000	-12.495943	-12.495943	0.000000
25.012007	1433.082466	0.000000	-12.506004	-12.506004	0.000000
25.032130	1434.235388	0.000000	-12.516065	-12.516065	0.000000
25.052252	1435.388311	0.000000	-12.526126	-12.526126	0.000000
25.072374	1436.541233	0.000000	-12.536187	-12.536187	0.000000
25.092497	1437.694155	0.000000	-12.546248	-12.546248	0.000000
25.112619	1438.847078	0.000000	-12.556309	-12.556309	0.000000
25.132741	1440.000000	0.000000	-12.566371	-12.566371	0.000000
