# Accumulated Berry phases using Original method
# Theta (rad)	Theta (deg)	State 0	State 1	State 2	State 3
0.000000	0.000000	0.000000	-0.000000	-0.000000	0.000000
0.020122	1.152922	0.000000	-0.010061	-0.010061	0.000000
0.040245	2.305845	0.000000	-0.020122	-0.020122	0.000000
0.060367	3.458767	0.000000	-0.030183	-0.030183	0.000000
0.080489	4.611689	0.000000	-0.040245	-0.040245	0.000000
0.100611	5.764612	0.000000	-0.050306	-0.050306	0.000000
0.120734	6.917534	0.000000	-0.060367	-0.060367	0.000000
0.140856	8.070456	0.000000	-0.070428	-0.070428	0.000000
0.160978	9.223379	0.000000	-0.080489	-0.080489	0.000000
0.181101	10.376301	0.000000	-0.090550	-0.090550	0.000000
0.201223	11.529223	0.000000	-0.100611	-0.100611	0.000000
0.221345	12.682146	0.000000	-0.110673	-0.110673	0.000000
0.241467	13.835068	0.000000	-0.120734	-0.120734	0.000000
0.261590	14.987990	0.000000	-0.130795	-0.130795	0.000000
0.281712	16.140913	0.000000	-0.140856	-0.140856	0.000000
0.301834	17.293835	0.000000	-0.150917	-0.150917	0.000000
0.321957	18.446757	0.000000	-0.160978	-0.160978	0.000000
0.342079	19.599680	0.000000	-0.171039	-0.171039	0.000000
0.362201	20.752602	0.000000	-0.181101	-0.181101	0.000000
0.382324	21.905524	0.000000	-0.191162	-0.191162	0.000000
0.402446	23.058447	0.000000	-0.201223	-0.201223	0.000000
0.422568	24.211369	0.000000	-0.211284	-0.211284	0.000000
0.442690	25.364291	0.000000	-0.221345	-0.221345	0.000000
0.462813	26.517214	0.000000	-0.231406	-0.231406	0.000000
0.482935	27.670136	0.000000	-0.241467	-0.241467	0.000000
0.503057	28.823058	0.000000	-0.251529	-0.251529	0.000000
0.523180	29.975981	0.000000	-0.261590	-0.261590	0.000000
0.543302	31.128903	0.000000	-0.271651	-0.271651	0.000000
0.563424	32.281825	0.000000	-0.281712	-0.281712	0.000000
0.583546	33.434748	0.000000	-0.291773	-0.291773	0.000000
0.603669	34.587670	0.000000	-0.301834	-0.301834	0.000000
0.623791	35.740592	0.000000	-0.311896	-0.311896	0.000000
0.643913	36.893515	0.000000	-0.321957	-0.321957	0.000000
0.664036	38.046437	0.000000	-0.332018	-0.332018	0.000000
0.684158	39.199359	0.000000	-0.342079	-0.342079	0.000000
0.704280	40.352282	0.000000	-0.352140	-0.352140	0.000000
0.724402	41.505204	0.000000	-0.362201	-0.362201	0.000000
0.744525	42.658127	0.000000	-0.372262	-0.372262	0.000000
0.764647	43.811049	0.000000	-0.382324	-0.382324	0.000000
0.784769	44.963971	0.000000	-0.392385	-0.392385	0.000000
0.804892	46.116894	0.000000	-0.402446	-0.402446	0.000000
0.825014	47.269816	0.000000	-0.412507	-0.412507	0.000000
0.845136	48.422738	0.000000	-0.422568	-0.422568	0.000000
0.865259	49.575661	0.000000	-0.432629	-0.432629	0.000000
0.885381	50.728583	0.000000	-0.442690	-0.442690	0.000000
0.905503	51.881505	0.000000	-0.452752	-0.452752	0.000000
0.925625	53.034428	0.000000	-0.462813	-0.462813	0.000000
0.945748	54.187350	0.000000	-0.472874	-0.472874	0.000000
0.965870	55.340272	0.000000	-0.482935	-0.482935	0.000000
0.985992	56.493195	0.000000	-0.492996	-0.492996	0.000000
1.006115	57.646117	0.000000	-0.503057	-0.503057	0.000000
1.026237	58.799039	0.000000	-0.513118	-0.513118	0.000000
1.046359	59.951962	0.000000	-0.523180	-0.523180	0.000000
1.066481	61.104884	0.000000	-0.533241	-0.533241	0.000000
1.086604	62.257806	0.000000	-0.543302	-0.543302	0.000000
1.106726	63.410729	0.000000	-0.553363	-0.553363	0.000000
1.126848	64.563651	0.000000	-0.563424	-0.563424	0.000000
1.146971	65.716573	0.000000	-0.573485	-0.573485	0.000000
1.167093	66.869496	0.000000	-0.583546	-0.583546	0.000000
1.187215	68.022418	0.000000	-0.593608	-0.593608	0.000000
1.207337	69.175340	0.000000	-0.603669	-0.603669	0.000000
1.227460	70.328263	0.000000	-0.613730	-0.613730	0.000000
1.247582	71.481185	0.000000	-0.623791	-0.623791	0.000000
1.267704	72.634107	0.000000	-0.633852	-0.633852	0.000000
1.287827	73.787030	0.000000	-0.643913	-0.643913	0.000000
1.307949	74.939952	0.000000	-0.653974	-0.653974	0.000000
1.328071	76.092874	0.000000	-0.664036	-0.664036	0.000000
1.348193	77.245797	0.000000	-0.674097	-0.674097	0.000000
1.368316	78.398719	0.000000	-0.684158	-0.684158	0.000000
1.388438	79.551641	0.000000	-0.694219	-0.694219	0.000000
1.408560	80.704564	0.000000	-0.704280	-0.704280	0.000000
1.428683	81.857486	0.000000	-0.714341	-0.714341	0.000000
1.448805	83.010408	0.000000	-0.724402	-0.724402	0.000000
1.468927	84.163331	0.000000	-0.734464	-0.734464	0.000000
1.489050	85.316253	0.000000	-0.744525	-0.744525	0.000000
1.509172	86.469175	0.000000	-0.754586	-0.754586	0.000000
1.529294	87.622098	0.000000	-0.764647	-0.764647	0.000000
1.549416	88.775020	0.000000	-0.774708	-0.774708	0.000000
1.569539	89.927942	0.000000	-0.784769	-0.784769	0.000000
1.589661	91.080865	0.000000	-0.794830	-0.794830	0.000000
1.609783	92.233787	0.000000	-0.804892	-0.804892	0.000000
1.629906	93.386709	0.000000	-0.814953	-0.814953	0.000000
1.650028	94.539632	0.000000	-0.825014	-0.825014	0.000000
1.670150	95.692554	0.000000	-0.835075	-0.835075	0.000000
1.690272	96.845476	0.000000	-0.845136	-0.845136	0.000000
1.710395	97.998399	0.000000	-0.855197	-0.855197	0.000000
1.730517	99.151321	0.000000	-0.865259	-0.865259	0.000000
1.750639	100.304243	0.000000	-0.875320	-0.875320	0.000000
1.770762	101.457166	0.000000	-0.885381	-0.885381	0.000000
1.790884	102.610088	0.000000	-0.895442	-0.895442	0.000000
1.811006	103.763010	0.000000	-0.905503	-0.905503	0.000000
1.831128	104.915933	0.000000	-0.915564	-0.915564	0.000000
1.851251	106.068855	0.000000	-0.925625	-0.925625	0.000000
1.871373	107.221777	0.000000	-0.935687	-0.935687	0.000000
1.891495	108.374700	0.000000	-0.945748	-0.945748	0.000000
1.911618	109.527622	0.000000	-0.955809	-0.955809	0.000000
1.931740	110.680544	0.000000	-0.965870	-0.965870	0.000000
1.951862	111.833467	0.000000	-0.975931	-0.975931	0.000000
1.971984	112.986389	0.000000	-0.985992	-0.985992	0.000000
1.992107	114.139311	0.000000	-0.996053	-0.996053	0.000000
2.012229	115.292234	0.000000	-1.006115	-1.006115	0.000000
2.032351	116.445156	0.000000	-1.016176	-1.016176	0.000000
2.052474	117.598078	0.000000	-1.026237	-1.026237	0.000000
2.072596	118.751001	0.000000	-1.036298	-1.036298	0.000000
2.092718	119.903923	0.000000	-1.046359	-1.046359	0.000000
2.112841	121.056845	0.000000	-1.056420	-1.056420	0.000000
2.132963	122.209768	0.000000	-1.066481	-1.066481	0.000000
2.153085	123.362690	0.000000	-1.076543	-1.076543	0.000000
2.173207	124.515612	0.000000	-1.086604	-1.086604	0.000000
2.193330	125.668535	0.000000	-1.096665	-1.096665	0.000000
2.213452	126.821457	0.000000	-1.106726	-1.106726	0.000000
2.233574	127.974380	0.000000	-1.116787	-1.116787	0.000000
2.253697	129.127302	0.000000	-1.126848	-1.126848	0.000000
2.273819	130.280224	0.000000	-1.136909	-1.136909	0.000000
2.293941	131.433147	0.000000	-1.146971	-1.146971	0.000000
2.314063	132.586069	0.000000	-1.157032	-1.157032	0.000000
2.334186	133.738991	0.000000	-1.167093	-1.167093	0.000000
2.354308	134.891914	0.000000	-1.177154	-1.177154	0.000000
2.374430	136.044836	0.000000	-1.187215	-1.187215	0.000000
2.394553	137.197758	0.000000	-1.197276	-1.197276	0.000000
2.414675	138.350681	0.000000	-1.207337	-1.207337	0.000000
2.434797	139.503603	0.000000	-1.217399	-1.217399	0.000000
2.454919	140.656525	0.000000	-1.227460	-1.227460	0.000000
2.475042	141.809448	0.000000	-1.237521	-1.237521	0.000000
2.495164	142.962370	0.000000	-1.247582	-1.247582	0.000000
2.515286	144.115292	0.000000	-1.257643	-1.257643	0.000000
2.535409	145.268215	0.000000	-1.267704	-1.267704	0.000000
2.555531	146.421137	0.000000	-1.277765	-1.277765	0.000000
2.575653	147.574059	0.000000	-1.287827	-1.287827	0.000000
2.595776	148.726982	0.000000	-1.297888	-1.297888	0.000000
2.615898	149.879904	0.000000	-1.307949	-1.307949	0.000000
2.636020	151.032826	0.000000	-1.318010	-1.318010	0.000000
2.656142	152.185749	0.000000	-1.328071	-1.328071	0.000000
2.676265	153.338671	0.000000	-1.338132	-1.338132	0.000000
2.696387	154.491593	0.000000	-1.348193	-1.348193	0.000000
2.716509	155.644516	0.000000	-1.358255	-1.358255	0.000000
2.736632	156.797438	0.000000	-1.368316	-1.368316	0.000000
2.756754	157.950360	0.000000	-1.378377	-1.378377	0.000000
2.776876	159.103283	0.000000	-1.388438	-1.388438	0.000000
2.796998	160.256205	0.000000	-1.398499	-1.398499	0.000000
2.817121	161.409127	0.000000	-1.408560	-1.408560	0.000000
2.837243	162.562050	0.000000	-1.418622	-1.418622	0.000000
2.857365	163.714972	0.000000	-1.428683	-1.428683	0.000000
2.877488	164.867894	0.000000	-1.438744	-1.438744	0.000000
2.897610	166.020817	0.000000	-1.448805	-1.448805	0.000000
2.917732	167.173739	0.000000	-1.458866	-1.458866	0.000000
2.937854	168.326661	0.000000	-1.468927	-1.468927	0.000000
2.957977	169.479584	0.000000	-1.478988	-1.478988	0.000000
2.978099	170.632506	0.000000	-1.489050	-1.489050	0.000000
2.998221	171.785428	0.000000	-1.499111	-1.499111	0.000000
3.018344	172.938351	0.000000	-1.509172	-1.509172	0.000000
3.038466	174.091273	0.000000	-1.519233	-1.519233	0.000000
3.058588	175.244195	0.000000	-1.529294	-1.529294	0.000000
3.078710	176.397118	0.000000	-1.539355	-1.539355	0.000000
3.098833	177.550040	0.000000	-1.549416	-1.549416	0.000000
3.118955	178.702962	0.000000	-1.559478	-1.559478	0.000000
3.139077	179.855885	0.000000	-1.569539	-1.569539	0.000000
3.159200	181.008807	0.000000	-1.579600	-1.579600	0.000000
3.179322	182.161729	0.000000	-1.589661	-1.589661	0.000000
3.199444	183.314652	0.000000	-1.599722	-1.599722	0.000000
3.219567	184.467574	0.000000	-1.609783	-1.609783	0.000000
3.239689	185.620496	0.000000	-1.619844	-1.619844	0.000000
3.259811	186.773419	0.000000	-1.629906	-1.629906	0.000000
3.279933	187.926341	0.000000	-1.639967	-1.639967	0.000000
3.300056	189.079263	0.000000	-1.650028	-1.650028	0.000000
3.320178	190.232186	0.000000	-1.660089	-1.660089	0.000000
3.340300	191.385108	0.000000	-1.670150	-1.670150	0.000000
3.360423	192.538030	0.000000	-1.680211	-1.680211	0.000000
3.380545	193.690953	0.000000	-1.690272	-1.690272	0.000000
3.400667	194.843875	0.000000	-1.700334	-1.700334	0.000000
3.420789	195.996797	0.000000	-1.710395	-1.710395	0.000000
3.440912	197.149720	0.000000	-1.720456	-1.720456	0.000000
3.461034	198.302642	0.000000	-1.730517	-1.730517	0.000000
3.481156	199.455564	0.000000	-1.740578	-1.740578	0.000000
3.501279	200.608487	0.000000	-1.750639	-1.750639	0.000000
3.521401	201.761409	0.000000	-1.760700	-1.760700	0.000000
3.541523	202.914331	0.000000	-1.770762	-1.770762	0.000000
3.561645	204.067254	0.000000	-1.780823	-1.780823	0.000000
3.581768	205.220176	0.000000	-1.790884	-1.790884	0.000000
3.601890	206.373098	0.000000	-1.800945	-1.800945	0.000000
3.622012	207.526021	0.000000	-1.811006	-1.811006	0.000000
3.642135	208.678943	0.000000	-1.821067	-1.821067	0.000000
3.662257	209.831865	0.000000	-1.831128	-1.831128	0.000000
3.682379	210.984788	0.000000	-1.841190	-1.841190	0.000000
3.702502	212.137710	0.000000	-1.851251	-1.851251	0.000000
3.722624	213.290633	0.000000	-1.861312	-1.861312	0.000000
3.742746	214.443555	0.000000	-1.871373	-1.871373	0.000000
3.762868	215.596477	0.000000	-1.881434	-1.881434	0.000000
3.782991	216.749400	0.000000	-1.891495	-1.891495	0.000000
3.803113	217.902322	0.000000	-1.901556	-1.901556	0.000000
3.823235	219.055244	0.000000	-1.911618	-1.911618	0.000000
3.843358	220.208167	0.000000	-1.921679	-1.921679	0.000000
3.863480	221.361089	0.000000	-1.931740	-1.931740	0.000000
3.883602	222.514011	0.000000	-1.941801	-1.941801	0.000000
3.903724	223.666934	0.000000	-1.951862	-1.951862	0.000000
3.923847	224.819856	0.000000	-1.961923	-1.961923	0.000000
3.943969	225.972778	0.000000	-1.971984	-1.971984	0.000000
3.964091	227.125701	0.000000	-1.982046	-1.982046	0.000000
3.984214	228.278623	0.000000	-1.992107	-1.992107	0.000000
4.004336	229.431545	0.000000	-2.002168	-2.002168	0.000000
4.024458	230.584468	0.000000	-2.012229	-2.012229	0.000000
4.044580	231.737390	0.000000	-2.022290	-2.022290	0.000000
4.064703	232.890312	0.000000	-2.032351	-2.032351	0.000000
4.084825	234.043235	0.000000	-2.042413	-2.042413	0.000000
4.104947	235.196157	0.000000	-2.052474	-2.052474	0.000000
4.125070	236.349079	0.000000	-2.062535	-2.062535	0.000000
4.145192	237.502002	0.000000	-2.072596	-2.072596	0.000000
4.165314	238.654924	0.000000	-2.082657	-2.082657	0.000000
4.185436	239.807846	0.000000	-2.092718	-2.092718	0.000000
4.205559	240.960769	0.000000	-2.102779	-2.102779	0.000000
4.225681	242.113691	0.000000	-2.112841	-2.112841	0.000000
4.245803	243.266613	0.000000	-2.122902	-2.122902	0.000000
4.265926	244.419536	0.000000	-2.132963	-2.132963	0.000000
4.286048	245.572458	0.000000	-2.143024	-2.143024	0.000000
4.306170	246.725380	0.000000	-2.153085	-2.153085	0.000000
4.326293	247.878303	0.000000	-2.163146	-2.163146	0.000000
4.346415	249.031225	0.000000	-2.173207	-2.173207	0.000000
4.366537	250.184147	0.000000	-2.183269	-2.183269	0.000000
4.386659	251.337070	0.000000	-2.193330	-2.193330	0.000000
4.406782	252.489992	0.000000	-2.203391	-2.203391	0.000000
4.426904	253.642914	0.000000	-2.213452	-2.213452	0.000000
4.447026	254.795837	0.000000	-2.223513	-2.223513	0.000000
4.467149	255.948759	0.000000	-2.233574	-2.233574	0.000000
4.487271	257.101681	0.000000	-2.243635	-2.243635	0.000000
4.507393	258.254604	0.000000	-2.253697	-2.253697	0.000000
4.527515	259.407526	0.000000	-2.263758	-2.263758	0.000000
4.547638	260.560448	0.000000	-2.273819	-2.273819	0.000000
4.567760	261.713371	0.000000	-2.283880	-2.283880	0.000000
4.587882	262.866293	0.000000	-2.293941	-2.293941	0.000000
4.608005	264.019215	0.000000	-2.304002	-2.304002	0.000000
4.628127	265.172138	0.000000	-2.314063	-2.314063	0.000000
4.648249	266.325060	0.000000	-2.324125	-2.324125	0.000000
4.668371	267.477982	0.000000	-2.334186	-2.334186	0.000000
4.688494	268.630905	0.000000	-2.344247	-2.344247	0.000000
4.708616	269.783827	0.000000	-2.354308	-2.354308	0.000000
4.728738	270.936749	0.000000	-2.364369	-2.364369	0.000000
4.748861	272.089672	0.000000	-2.374430	-2.374430	0.000000
4.768983	273.242594	0.000000	-2.384491	-2.384491	0.000000
4.789105	274.395516	0.000000	-2.394553	-2.394553	0.000000
4.809228	275.548439	0.000000	-2.404614	-2.404614	0.000000
4.829350	276.701361	0.000000	-2.414675	-2.414675	0.000000
4.849472	277.854283	0.000000	-2.424736	-2.424736	0.000000
4.869594	279.007206	0.000000	-2.434797	-2.434797	0.000000
4.889717	280.160128	0.000000	-2.444858	-2.444858	0.000000
4.909839	281.313050	0.000000	-2.454919	-2.454919	0.000000
4.929961	282.465973	0.000000	-2.464981	-2.464981	0.000000
4.950084	283.618895	0.000000	-2.475042	-2.475042	0.000000
4.970206	284.771817	0.000000	-2.485103	-2.485103	0.000000
4.990328	285.924740	0.000000	-2.495164	-2.495164	0.000000
5.010450	287.077662	0.000000	-2.505225	-2.505225	0.000000
5.030573	288.230584	0.000000	-2.515286	-2.515286	0.000000
5.050695	289.383507	0.000000	-2.525347	-2.525347	0.000000
5.070817	290.536429	0.000000	-2.535409	-2.535409	0.000000
5.090940	291.689351	0.000000	-2.545470	-2.545470	0.000000
5.111062	292.842274	0.000000	-2.555531	-2.555531	0.000000
5.131184	293.995196	0.000000	-2.565592	-2.565592	0.000000
5.151306	295.148118	0.000000	-2.575653	-2.575653	0.000000
5.171429	296.301041	0.000000	-2.585714	-2.585714	0.000000
5.191551	297.453963	0.000000	-2.595776	-2.595776	0.000000
5.211673	298.606886	0.000000	-2.605837	-2.605837	0.000000
5.231796	299.759808	0.000000	-2.615898	-2.615898	0.000000
5.251918	300.912730	0.000000	-2.625959	-2.625959	0.000000
5.272040	302.065653	0.000000	-2.636020	-2.636020	0.000000
5.292162	303.218575	0.000000	-2.646081	-2.646081	0.000000
5.312285	304.371497	0.000000	-2.656142	-2.656142	0.000000
5.332407	305.524420	0.000000	-2.666204	-2.666204	0.000000
5.352529	306.677342	0.000000	-2.676265	-2.676265	0.000000
5.372652	307.830264	0.000000	-2.686326	-2.686326	0.000000
5.392774	308.983187	0.000000	-2.696387	-2.696387	0.000000
5.412896	310.136109	0.000000	-2.706448	-2.706448	0.000000
5.433019	311.289031	0.000000	-2.716509	-2.716509	0.000000
5.453141	312.441954	0.000000	-2.726570	-2.726570	0.000000
5.473263	313.594876	0.000000	-2.736632	-2.736632	0.000000
5.493385	314.747798	0.000000	-2.746693	-2.746693	0.000000
5.513508	315.900721	0.000000	-2.756754	-2.756754	0.000000
5.533630	317.053643	0.000000	-2.766815	-2.766815	0.000000
5.553752	318.206565	0.000000	-2.776876	-2.776876	0.000000
5.573875	319.359488	0.000000	-2.786937	-2.786937	0.000000
5.593997	320.512410	0.000000	-2.796998	-2.796998	0.000000
5.614119	321.665332	0.000000	-2.807060	-2.807060	0.000000
5.634241	322.818255	0.000000	-2.817121	-2.817121	0.000000
5.654364	323.971177	0.000000	-2.827182	-2.827182	0.000000
5.674486	325.124099	0.000000	-2.837243	-2.837243	0.000000
5.694608	326.277022	0.000000	-2.847304	-2.847304	0.000000
5.714731	327.429944	0.000000	-2.857365	-2.857365	0.000000
5.734853	328.582866	0.000000	-2.867426	-2.867426	0.000000
5.754975	329.735789	0.000000	-2.877488	-2.877488	0.000000
5.775097	330.888711	0.000000	-2.887549	-2.887549	0.000000
5.795220	332.041633	0.000000	-2.897610	-2.897610	0.000000
5.815342	333.194556	0.000000	-2.907671	-2.907671	0.000000
5.835464	334.347478	0.000000	-2.917732	-2.917732	0.000000
5.855587	335.500400	0.000000	-2.927793	-2.927793	0.000000
5.875709	336.653323	0.000000	-2.937854	-2.937854	0.000000
5.895831	337.806245	0.000000	-2.947916	-2.947916	0.000000
5.915953	338.959167	0.000000	-2.957977	-2.957977	0.000000
5.936076	340.112090	0.000000	-2.968038	-2.968038	0.000000
5.956198	341.265012	0.000000	-2.978099	-2.978099	0.000000
5.976320	342.417934	0.000000	-2.988160	-2.988160	0.000000
5.996443	343.570857	0.000000	-2.998221	-2.998221	0.000000
6.016565	344.723779	0.000000	-3.008282	-3.008282	0.000000
6.036687	345.876701	0.000000	-3.018344	-3.018344	0.000000
6.056810	347.029624	0.000000	-3.028405	-3.028405	0.000000
6.076932	348.182546	0.000000	-3.038466	-3.038466	0.000000
6.097054	349.335468	0.000000	-3.048527	-3.048527	0.000000
6.117176	350.488391	0.000000	-3.058588	-3.058588	0.000000
6.137299	351.641313	0.000000	-3.068649	-3.068649	0.000000
6.157421	352.794235	0.000000	-3.078710	-3.078710	0.000000
6.177543	353.947158	0.000000	-3.088772	-3.088772	0.000000
6.197666	355.100080	0.000000	-3.098833	-3.098833	0.000000
6.217788	356.253002	0.000000	-3.108894	-3.108894	0.000000
6.237910	357.405925	0.000000	-3.118955	-3.118955	0.000000
6.258032	358.558847	0.000000	-3.129016	-3.129016	0.000000
6.278155	359.711769	0.000000	-3.139077	-3.139077	0.000000
6.298277	360.864692	0.000000	-3.134047	-3.134047	0.000000
6.318399	362.017614	0.000000	-3.123986	-3.123986	0.000000
6.338522	363.170536	0.000000	-3.113925	-3.113925	0.000000
6.358644	364.323459	0.000000	-3.103863	-3.103863	0.000000
6.378766	365.476381	0.000000	-3.093802	-3.093802	0.000000
6.398888	366.629303	0.000000	-3.083741	-3.083741	0.000000
6.419011	367.782226	0.000000	-3.073680	-3.073680	0.000000
6.439133	368.935148	0.000000	-3.063619	-3.063619	0.000000
6.459255	370.088070	0.000000	-3.053558	-3.053558	0.000000
6.479378	371.240993	0.000000	-3.043496	-3.043496	0.000000
6.499500	372.393915	0.000000	-3.033435	-3.033435	0.000000
6.519622	373.546837	0.000000	-3.023374	-3.023374	0.000000
6.539745	374.699760	0.000000	-3.013313	-3.013313	0.000000
6.559867	375.852682	0.000000	-3.003252	-3.003252	0.000000
6.579989	377.005604	0.000000	-2.993191	-2.993191	0.000000
6.600111	378.158527	0.000000	-2.983130	-2.983130	0.000000
6.620234	379.311449	0.000000	-2.973068	-2.973068	0.000000
6.640356	380.464371	0.000000	-2.963007	-2.963007	0.000000
6.660478	381.617294	0.000000	-2.952946	-2.952946	0.000000
6.680601	382.770216	0.000000	-2.942885	-2.942885	0.000000
6.700723	383.923139	0.000000	-2.932824	-2.932824	0.000000
6.720845	385.076061	0.000000	-2.922763	-2.922763	0.000000
6.740967	386.228983	0.000000	-2.912702	-2.912702	0.000000
6.761090	387.381906	0.000000	-2.902640	-2.902640	0.000000
6.781212	388.534828	0.000000	-2.892579	-2.892579	0.000000
6.801334	389.687750	0.000000	-2.882518	-2.882518	0.000000
6.821457	390.840673	0.000000	-2.872457	-2.872457	0.000000
6.841579	391.993595	0.000000	-2.862396	-2.862396	0.000000
6.861701	393.146517	0.000000	-2.852335	-2.852335	0.000000
6.881823	394.299440	0.000000	-2.842274	-2.842274	0.000000
6.901946	395.452362	0.000000	-2.832212	-2.832212	0.000000
6.922068	396.605284	0.000000	-2.822151	-2.822151	0.000000
6.942190	397.758207	0.000000	-2.812090	-2.812090	0.000000
6.962313	398.911129	0.000000	-2.802029	-2.802029	0.000000
6.982435	400.064051	0.000000	-2.791968	-2.791968	0.000000
7.002557	401.216974	0.000000	-2.781907	-2.781907	0.000000
7.022679	402.369896	0.000000	-2.771846	-2.771846	0.000000
7.042802	403.522818	0.000000	-2.761784	-2.761784	0.000000
7.062924	404.675741	0.000000	-2.751723	-2.751723	0.000000
7.083046	405.828663	0.000000	-2.741662	-2.741662	0.000000
7.103169	406.981585	0.000000	-2.731601	-2.731601	0.000000
7.123291	408.134508	0.000000	-2.721540	-2.721540	0.000000
7.143413	409.287430	0.000000	-2.711479	-2.711479	0.000000
7.163536	410.440352	0.000000	-2.701418	-2.701418	0.000000
7.183658	411.593275	0.000000	-2.691356	-2.691356	0.000000
7.203780	412.746197	0.000000	-2.681295	-2.681295	0.000000
7.223902	413.899119	0.000000	-2.671234	-2.671234	0.000000
7.244025	415.052042	0.000000	-2.661173	-2.661173	0.000000
7.264147	416.204964	0.000000	-2.651112	-2.651112	0.000000
7.284269	417.357886	0.000000	-2.641051	-2.641051	0.000000
7.304392	418.510809	0.000000	-2.630990	-2.630990	0.000000
7.324514	419.663731	0.000000	-2.620928	-2.620928	0.000000
7.344636	420.816653	0.000000	-2.610867	-2.610867	0.000000
7.364758	421.969576	0.000000	-2.600806	-2.600806	0.000000
7.384881	423.122498	0.000000	-2.590745	-2.590745	0.000000
7.405003	424.275420	0.000000	-2.580684	-2.580684	0.000000
7.425125	425.428343	0.000000	-2.570623	-2.570623	0.000000
7.445248	426.581265	0.000000	-2.560562	-2.560562	0.000000
7.465370	427.734187	0.000000	-2.550500	-2.550500	0.000000
7.485492	428.887110	0.000000	-2.540439	-2.540439	0.000000
7.505614	430.040032	0.000000	-2.530378	-2.530378	0.000000
7.525737	431.192954	0.000000	-2.520317	-2.520317	0.000000
7.545859	432.345877	0.000000	-2.510256	-2.510256	0.000000
7.565981	433.498799	0.000000	-2.500195	-2.500195	0.000000
7.586104	434.651721	0.000000	-2.490133	-2.490133	0.000000
7.606226	435.804644	0.000000	-2.480072	-2.480072	0.000000
7.626348	436.957566	0.000000	-2.470011	-2.470011	0.000000
7.646471	438.110488	0.000000	-2.459950	-2.459950	0.000000
7.666593	439.263411	0.000000	-2.449889	-2.449889	0.000000
7.686715	440.416333	0.000000	-2.439828	-2.439828	0.000000
7.706837	441.569255	0.000000	-2.429767	-2.429767	0.000000
7.726960	442.722178	0.000000	-2.419705	-2.419705	0.000000
7.747082	443.875100	0.000000	-2.409644	-2.409644	0.000000
7.767204	445.028022	0.000000	-2.399583	-2.399583	0.000000
7.787327	446.180945	0.000000	-2.389522	-2.389522	0.000000
7.807449	447.333867	0.000000	-2.379461	-2.379461	0.000000
7.827571	448.486789	0.000000	-2.369400	-2.369400	0.000000
7.847693	449.639712	0.000000	-2.359339	-2.359339	0.000000
7.867816	450.792634	0.000000	-2.349277	-2.349277	0.000000
7.887938	451.945556	0.000000	-2.339216	-2.339216	0.000000
7.908060	453.098479	0.000000	-2.329155	-2.329155	0.000000
7.928183	454.251401	0.000000	-2.319094	-2.319094	0.000000
7.948305	455.404323	0.000000	-2.309033	-2.309033	0.000000
7.968427	456.557246	0.000000	-2.298972	-2.298972	0.000000
7.988549	457.710168	0.000000	-2.288911	-2.288911	0.000000
8.008672	458.863090	0.000000	-2.278849	-2.278849	0.000000
8.028794	460.016013	0.000000	-2.268788	-2.268788	0.000000
8.048916	461.168935	0.000000	-2.258727	-2.258727	0.000000
8.069039	462.321857	0.000000	-2.248666	-2.248666	0.000000
8.089161	463.474780	0.000000	-2.238605	-2.238605	0.000000
8.109283	464.627702	0.000000	-2.228544	-2.228544	0.000000
8.129405	465.780624	0.000000	-2.218483	-2.218483	0.000000
8.149528	466.933547	0.000000	-2.208421	-2.208421	0.000000
8.169650	468.086469	0.000000	-2.198360	-2.198360	0.000000
8.189772	469.239392	0.000000	-2.188299	-2.188299	0.000000
8.209895	470.392314	0.000000	-2.178238	-2.178238	0.000000
8.230017	471.545236	0.000000	-2.168177	-2.168177	0.000000
8.250139	472.698159	0.000000	-2.158116	-2.158116	0.000000
8.270262	473.851081	0.000000	-2.148055	-2.148055	0.000000
8.290384	475.004003	0.000000	-2.137993	-2.137993	0.000000
8.310506	476.156926	0.000000	-2.127932	-2.127932	0.000000
8.330628	477.309848	0.000000	-2.117871	-2.117871	0.000000
8.350751	478.462770	0.000000	-2.107810	-2.107810	0.000000
8.370873	479.615693	0.000000	-2.097749	-2.097749	0.000000
8.390995	480.768615	0.000000	-2.087688	-2.087688	0.000000
8.411118	481.921537	0.000000	-2.077627	-2.077627	0.000000
8.431240	483.074460	0.000000	-2.067565	-2.067565	0.000000
8.451362	484.227382	0.000000	-2.057504	-2.057504	0.000000
8.471484	485.380304	0.000000	-2.047443	-2.047443	0.000000
8.491607	486.533227	0.000000	-2.037382	-2.037382	0.000000
8.511729	487.686149	0.000000	-2.027321	-2.027321	0.000000
8.531851	488.839071	0.000000	-2.017260	-2.017260	0.000000
8.551974	489.991994	0.000000	-2.007199	-2.007199	0.000000
8.572096	491.144916	0.000000	-1.997137	-1.997137	0.000000
8.592218	492.297838	0.000000	-1.987076	-1.987076	0.000000
8.612340	493.450761	0.000000	-1.977015	-1.977015	0.000000
8.632463	494.603683	0.000000	-1.966954	-1.966954	0.000000
8.652585	495.756605	0.000000	-1.956893	-1.956893	0.000000
8.672707	496.909528	0.000000	-1.946832	-1.946832	0.000000
8.692830	498.062450	0.000000	-1.936770	-1.936770	0.000000
8.712952	499.215372	0.000000	-1.926709	-1.926709	0.000000
8.733074	500.368295	0.000000	-1.916648	-1.916648	0.000000
8.753197	501.521217	0.000000	-1.906587	-1.906587	0.000000
8.773319	502.674139	0.000000	-1.896526	-1.896526	0.000000
8.793441	503.827062	0.000000	-1.886465	-1.886465	0.000000
8.813563	504.979984	0.000000	-1.876404	-1.876404	0.000000
8.833686	506.132906	0.000000	-1.866342	-1.866342	0.000000
8.853808	507.285829	0.000000	-1.856281	-1.856281	0.000000
8.873930	508.438751	0.000000	-1.846220	-1.846220	0.000000
8.894053	509.591673	0.000000	-1.836159	-1.836159	0.000000
8.914175	510.744596	0.000000	-1.826098	-1.826098	0.000000
8.934297	511.897518	0.000000	-1.816037	-1.816037	0.000000
8.954419	513.050440	0.000000	-1.805976	-1.805976	0.000000
8.974542	514.203363	0.000000	-1.795914	-1.795914	0.000000
8.994664	515.356285	0.000000	-1.785853	-1.785853	0.000000
9.014786	516.509207	0.000000	-1.775792	-1.775792	0.000000
9.034909	517.662130	0.000000	-1.765731	-1.765731	0.000000
9.055031	518.815052	0.000000	-1.755670	-1.755670	0.000000
9.075153	519.967974	0.000000	-1.745609	-1.745609	0.000000
9.095275	521.120897	0.000000	-1.735548	-1.735548	0.000000
9.115398	522.273819	0.000000	-1.725486	-1.725486	0.000000
9.135520	523.426741	0.000000	-1.715425	-1.715425	0.000000
9.155642	524.579664	0.000000	-1.705364	-1.705364	0.000000
9.175765	525.732586	0.000000	-1.695303	-1.695303	0.000000
9.195887	526.885508	0.000000	-1.685242	-1.685242	0.000000
9.216009	528.038431	0.000000	-1.675181	-1.675181	0.000000
9.236131	529.191353	0.000000	-1.665120	-1.665120	0.000000
9.256254	530.344275	0.000000	-1.655058	-1.655058	0.000000
9.276376	531.497198	0.000000	-1.644997	-1.644997	0.000000
9.296498	532.650120	0.000000	-1.634936	-1.634936	0.000000
9.316621	533.803042	0.000000	-1.624875	-1.624875	0.000000
9.336743	534.955965	0.000000	-1.614814	-1.614814	0.000000
9.356865	536.108887	0.000000	-1.604753	-1.604753	0.000000
9.376988	537.261809	0.000000	-1.594692	-1.594692	0.000000
9.397110	538.414732	0.000000	-1.584630	-1.584630	0.000000
9.417232	539.567654	0.000000	-1.574569	-1.574569	0.000000
9.437354	540.720576	0.000000	-1.564508	-1.564508	0.000000
9.457477	541.873499	0.000000	-1.554447	-1.554447	0.000000
9.477599	543.026421	0.000000	-1.544386	-1.544386	0.000000
9.497721	544.179343	0.000000	-1.534325	-1.534325	0.000000
9.517844	545.332266	0.000000	-1.524264	-1.524264	0.000000
9.537966	546.485188	0.000000	-1.514202	-1.514202	0.000000
9.558088	547.638110	0.000000	-1.504141	-1.504141	0.000000
9.578210	548.791033	0.000000	-1.494080	-1.494080	0.000000
9.598333	549.943955	0.000000	-1.484019	-1.484019	0.000000
9.618455	551.096878	0.000000	-1.473958	-1.473958	0.000000
9.638577	552.249800	0.000000	-1.463897	-1.463897	0.000000
9.658700	553.402722	0.000000	-1.453836	-1.453836	0.000000
9.678822	554.555645	0.000000	-1.443774	-1.443774	0.000000
9.698944	555.708567	0.000000	-1.433713	-1.433713	0.000000
9.719066	556.861489	0.000000	-1.423652	-1.423652	0.000000
9.739189	558.014412	0.000000	-1.413591	-1.413591	0.000000
9.759311	559.167334	0.000000	-1.403530	-1.403530	0.000000
9.779433	560.320256	0.000000	-1.393469	-1.393469	0.000000
9.799556	561.473179	0.000000	-1.383407	-1.383407	0.000000
9.819678	562.626101	0.000000	-1.373346	-1.373346	0.000000
9.839800	563.779023	0.000000	-1.363285	-1.363285	0.000000
9.859922	564.931946	0.000000	-1.353224	-1.353224	0.000000
9.880045	566.084868	0.000000	-1.343163	-1.343163	0.000000
9.900167	567.237790	0.000000	-1.333102	-1.333102	0.000000
9.920289	568.390713	0.000000	-1.323041	-1.323041	0.000000
9.940412	569.543635	0.000000	-1.312979	-1.312979	0.000000
9.960534	570.696557	0.000000	-1.302918	-1.302918	0.000000
9.980656	571.849480	0.000000	-1.292857	-1.292857	0.000000
10.000779	573.002402	0.000000	-1.282796	-1.282796	0.000000
10.020901	574.155324	0.000000	-1.272735	-1.272735	0.000000
10.041023	575.308247	0.000000	-1.262674	-1.262674	0.000000
10.061145	576.461169	0.000000	-1.252613	-1.252613	0.000000
10.081268	577.614091	0.000000	-1.242551	-1.242551	0.000000
10.101390	578.767014	0.000000	-1.232490	-1.232490	0.000000
10.121512	579.919936	0.000000	-1.222429	-1.222429	0.000000
10.141635	581.072858	0.000000	-1.212368	-1.212368	0.000000
10.161757	582.225781	0.000000	-1.202307	-1.202307	0.000000
10.181879	583.378703	0.000000	-1.192246	-1.192246	0.000000
10.202001	584.531625	0.000000	-1.182185	-1.182185	0.000000
10.222124	585.684548	0.000000	-1.172123	-1.172123	0.000000
10.242246	586.837470	0.000000	-1.162062	-1.162062	0.000000
10.262368	587.990392	0.000000	-1.152001	-1.152001	0.000000
10.282491	589.143315	0.000000	-1.141940	-1.141940	0.000000
10.302613	590.296237	0.000000	-1.131879	-1.131879	0.000000
10.322735	591.449159	0.000000	-1.121818	-1.121818	0.000000
10.342857	592.602082	0.000000	-1.111757	-1.111757	0.000000
10.362980	593.755004	0.000000	-1.101695	-1.101695	0.000000
10.383102	594.907926	0.000000	-1.091634	-1.091634	0.000000
10.403224	596.060849	0.000000	-1.081573	-1.081573	0.000000
10.423347	597.213771	0.000000	-1.071512	-1.071512	0.000000
10.443469	598.366693	0.000000	-1.061451	-1.061451	0.000000
10.463591	599.519616	0.000000	-1.051390	-1.051390	0.000000
10.483714	600.672538	0.000000	-1.041329	-1.041329	0.000000
10.503836	601.825460	0.000000	-1.031267	-1.031267	0.000000
10.523958	602.978383	0.000000	-1.021206	-1.021206	0.000000
10.544080	604.131305	0.000000	-1.011145	-1.011145	0.000000
10.564203	605.284227	0.000000	-1.001084	-1.001084	0.000000
10.584325	606.437150	0.000000	-0.991023	-0.991023	0.000000
10.604447	607.590072	0.000000	-0.980962	-0.980962	0.000000
10.624570	608.742994	0.000000	-0.970901	-0.970901	0.000000
10.644692	609.895917	0.000000	-0.960839	-0.960839	0.000000
10.664814	611.048839	0.000000	-0.950778	-0.950778	0.000000
10.684936	612.201761	0.000000	-0.940717	-0.940717	0.000000
10.705059	613.354684	0.000000	-0.930656	-0.930656	0.000000
10.725181	614.507606	0.000000	-0.920595	-0.920595	0.000000
10.745303	615.660528	0.000000	-0.910534	-0.910534	0.000000
10.765426	616.813451	0.000000	-0.900473	-0.900473	0.000000
10.785548	617.966373	0.000000	-0.890411	-0.890411	0.000000
10.805670	619.119295	0.000000	-0.880350	-0.880350	0.000000
10.825792	620.272218	0.000000	-0.870289	-0.870289	0.000000
10.845915	621.425140	0.000000	-0.860228	-0.860228	0.000000
10.866037	622.578062	0.000000	-0.850167	-0.850167	0.000000
10.886159	623.730985	0.000000	-0.840106	-0.840106	0.000000
10.906282	624.883907	0.000000	-0.830044	-0.830044	0.000000
10.926404	626.036829	0.000000	-0.819983	-0.819983	0.000000
10.946526	627.189752	0.000000	-0.809922	-0.809922	0.000000
10.966648	628.342674	0.000000	-0.799861	-0.799861	0.000000
10.986771	629.495596	0.000000	-0.789800	-0.789800	0.000000
11.006893	630.648519	0.000000	-0.779739	-0.779739	0.000000
11.027015	631.801441	0.000000	-0.769678	-0.769678	0.000000
11.047138	632.954363	0.000000	-0.759616	-0.759616	0.000000
11.067260	634.107286	0.000000	-0.749555	-0.749555	0.000000
11.087382	635.260208	0.000000	-0.739494	-0.739494	0.000000
11.107505	636.413131	0.000000	-0.729433	-0.729433	0.000000
11.127627	637.566053	0.000000	-0.719372	-0.719372	0.000000
11.147749	638.718975	0.000000	-0.709311	-0.709311	0.000000
11.167871	639.871898	0.000000	-0.699250	-0.699250	0.000000
11.187994	641.024820	0.000000	-0.689188	-0.689188	0.000000
11.208116	642.177742	0.000000	-0.679127	-0.679127	0.000000
11.228238	643.330665	0.000000	-0.669066	-0.669066	0.000000
11.248361	644.483587	0.000000	-0.659005	-0.659005	0.000000
11.268483	645.636509	0.000000	-0.648944	-0.648944	0.000000
11.288605	646.789432	0.000000	-0.638883	-0.638883	0.000000
11.308727	647.942354	0.000000	-0.628822	-0.628822	0.000000
11.328850	649.095276	0.000000	-0.618760	-0.618760	0.000000
11.348972	650.248199	0.000000	-0.608699	-0.608699	0.000000
11.369094	651.401121	0.000000	-0.598638	-0.598638	0.000000
11.389217	652.554043	0.000000	-0.588577	-0.588577	0.000000
11.409339	653.706966	0.000000	-0.578516	-0.578516	0.000000
11.429461	654.859888	0.000000	-0.568455	-0.568455	0.000000
11.449583	656.012810	0.000000	-0.558394	-0.558394	0.000000
11.469706	657.165733	0.000000	-0.548332	-0.548332	0.000000
11.489828	658.318655	0.000000	-0.538271	-0.538271	0.000000
11.509950	659.471577	0.000000	-0.528210	-0.528210	0.000000
11.530073	660.624500	0.000000	-0.518149	-0.518149	0.000000
11.550195	661.777422	0.000000	-0.508088	-0.508088	0.000000
11.570317	662.930344	0.000000	-0.498027	-0.498027	0.000000
11.590440	664.083267	0.000000	-0.487966	-0.487966	0.000000
11.610562	665.236189	0.000000	-0.477904	-0.477904	0.000000
11.630684	666.389111	0.000000	-0.467843	-0.467843	0.000000
11.650806	667.542034	0.000000	-0.457782	-0.457782	0.000000
11.670929	668.694956	0.000000	-0.447721	-0.447721	0.000000
11.691051	669.847878	0.000000	-0.437660	-0.437660	0.000000
11.711173	671.000801	0.000000	-0.427599	-0.427599	0.000000
11.731296	672.153723	0.000000	-0.417538	-0.417538	0.000000
11.751418	673.306645	0.000000	-0.407476	-0.407476	0.000000
11.771540	674.459568	0.000000	-0.397415	-0.397415	0.000000
11.791662	675.612490	0.000000	-0.387354	-0.387354	0.000000
11.811785	676.765412	0.000000	-0.377293	-0.377293	0.000000
11.831907	677.918335	0.000000	-0.367232	-0.367232	0.000000
11.852029	679.071257	0.000000	-0.357171	-0.357171	0.000000
11.872152	680.224179	0.000000	-0.347110	-0.347110	0.000000
11.892274	681.377102	0.000000	-0.337048	-0.337048	0.000000
11.912396	682.530024	0.000000	-0.326987	-0.326987	0.000000
11.932518	683.682946	0.000000	-0.316926	-0.316926	0.000000
11.952641	684.835869	0.000000	-0.306865	-0.306865	0.000000
11.972763	685.988791	0.000000	-0.296804	-0.296804	0.000000
11.992885	687.141713	0.000000	-0.286743	-0.286743	0.000000
12.013008	688.294636	0.000000	-0.276681	-0.276681	0.000000
12.033130	689.447558	0.000000	-0.266620	-0.266620	0.000000
12.053252	690.600480	0.000000	-0.256559	-0.256559	0.000000
12.073374	691.753403	0.000000	-0.246498	-0.246498	0.000000
12.093497	692.906325	0.000000	-0.236437	-0.236437	0.000000
12.113619	694.059247	0.000000	-0.226376	-0.226376	0.000000
12.133741	695.212170	0.000000	-0.216315	-0.216315	0.000000
12.153864	696.365092	0.000000	-0.206253	-0.206253	0.000000
12.173986	697.518014	0.000000	-0.196192	-0.196192	0.000000
12.194108	698.670937	0.000000	-0.186131	-0.186131	0.000000
12.214231	699.823859	0.000000	-0.176070	-0.176070	0.000000
12.234353	700.976781	0.000000	-0.166009	-0.166009	0.000000
12.254475	702.129704	0.000000	-0.155948	-0.155948	0.000000
12.274597	703.282626	0.000000	-0.145887	-0.145887	0.000000
12.294720	704.435548	0.000000	-0.135825	-0.135825	0.000000
12.314842	705.588471	0.000000	-0.125764	-0.125764	0.000000
12.334964	706.741393	0.000000	-0.115703	-0.115703	0.000000
12.355087	707.894315	0.000000	-0.105642	-0.105642	0.000000
12.375209	709.047238	0.000000	-0.095581	-0.095581	0.000000
12.395331	710.200160	0.000000	-0.085520	-0.085520	0.000000
12.415453	711.353082	0.000000	-0.075459	-0.075459	0.000000
12.435576	712.506005	0.000000	-0.065397	-0.065397	0.000000
12.455698	713.658927	0.000000	-0.055336	-0.055336	0.000000
12.475820	714.811849	0.000000	-0.045275	-0.045275	0.000000
12.495943	715.964772	0.000000	-0.035214	-0.035214	0.000000
12.516065	717.117694	0.000000	-0.025153	-0.025153	0.000000
12.536187	718.270616	0.000000	-0.015092	-0.015092	0.000000
12.556309	719.423539	0.000000	-0.005031	-0.005031	0.000000
12.576432	720.576461	0.000000	-0.005031	-0.005031	0.000000
12.596554	721.729384	0.000000	-0.015092	-0.015092	0.000000
12.616676	722.882306	0.000000	-0.025153	-0.025153	0.000000
12.636799	724.035228	0.000000	-0.035214	-0.035214	0.000000
12.656921	725.188151	0.000000	-0.045275	-0.045275	0.000000
12.677043	726.341073	0.000000	-0.055336	-0.055336	0.000000
12.697166	727.493995	0.000000	-0.065397	-0.065397	0.000000
12.717288	728.646918	0.000000	-0.075459	-0.075459	0.000000
12.737410	729.799840	0.000000	-0.085520	-0.085520	0.000000
12.757532	730.952762	0.000000	-0.095581	-0.095581	0.000000
12.777655	732.105685	0.000000	-0.105642	-0.105642	0.000000
12.797777	733.258607	0.000000	-0.115703	-0.115703	0.000000
12.817899	734.411529	0.000000	-0.125764	-0.125764	0.000000
12.838022	735.564452	0.000000	-0.135825	-0.135825	0.000000
12.858144	736.717374	0.000000	-0.145887	-0.145887	0.000000
12.878266	737.870296	0.000000	-0.155948	-0.155948	0.000000
12.898388	739.023219	0.000000	-0.166009	-0.166009	0.000000
12.918511	740.176141	0.000000	-0.176070	-0.176070	0.000000
12.938633	741.329063	0.000000	-0.186131	-0.186131	0.000000
12.958755	742.481986	0.000000	-0.196192	-0.196192	0.000000
12.978878	743.634908	0.000000	-0.206253	-0.206253	0.000000
12.999000	744.787830	0.000000	-0.216315	-0.216315	0.000000
13.019122	745.940753	0.000000	-0.226376	-0.226376	0.000000
13.039244	747.093675	0.000000	-0.236437	-0.236437	0.000000
13.059367	748.246597	0.000000	-0.246498	-0.246498	0.000000
13.079489	749.399520	0.000000	-0.256559	-0.256559	0.000000
13.099611	750.552442	0.000000	-0.266620	-0.266620	0.000000
13.119734	751.705364	0.000000	-0.276681	-0.276681	0.000000
13.139856	752.858287	0.000000	-0.286743	-0.286743	0.000000
13.159978	754.011209	0.000000	-0.296804	-0.296804	0.000000
13.180100	755.164131	0.000000	-0.306865	-0.306865	0.000000
13.200223	756.317054	0.000000	-0.316926	-0.316926	0.000000
13.220345	757.469976	0.000000	-0.326987	-0.326987	0.000000
13.240467	758.622898	0.000000	-0.337048	-0.337048	0.000000
13.260590	759.775821	0.000000	-0.347110	-0.347110	0.000000
13.280712	760.928743	0.000000	-0.357171	-0.357171	0.000000
13.300834	762.081665	0.000000	-0.367232	-0.367232	0.000000
13.320957	763.234588	0.000000	-0.377293	-0.377293	0.000000
13.341079	764.387510	0.000000	-0.387354	-0.387354	0.000000
13.361201	765.540432	0.000000	-0.397415	-0.397415	0.000000
13.381323	766.693355	0.000000	-0.407476	-0.407476	0.000000
13.401446	767.846277	0.000000	-0.417538	-0.417538	0.000000
13.421568	768.999199	0.000000	-0.427599	-0.427599	0.000000
13.441690	770.152122	0.000000	-0.437660	-0.437660	0.000000
13.461813	771.305044	0.000000	-0.447721	-0.447721	0.000000
13.481935	772.457966	0.000000	-0.457782	-0.457782	0.000000
13.502057	773.610889	0.000000	-0.467843	-0.467843	0.000000
13.522179	774.763811	0.000000	-0.477904	-0.477904	0.000000
13.542302	775.916733	0.000000	-0.487966	-0.487966	0.000000
13.562424	777.069656	0.000000	-0.498027	-0.498027	0.000000
13.582546	778.222578	0.000000	-0.508088	-0.508088	0.000000
13.602669	779.375500	0.000000	-0.518149	-0.518149	0.000000
13.622791	780.528423	0.000000	-0.528210	-0.528210	0.000000
13.642913	781.681345	0.000000	-0.538271	-0.538271	0.000000
13.663035	782.834267	0.000000	-0.548332	-0.548332	0.000000
13.683158	783.987190	0.000000	-0.558394	-0.558394	0.000000
13.703280	785.140112	0.000000	-0.568455	-0.568455	0.000000
13.723402	786.293034	0.000000	-0.578516	-0.578516	0.000000
13.743525	787.445957	0.000000	-0.588577	-0.588577	0.000000
13.763647	788.598879	0.000000	-0.598638	-0.598638	0.000000
13.783769	789.751801	0.000000	-0.608699	-0.608699	0.000000
13.803891	790.904724	0.000000	-0.618760	-0.618760	0.000000
13.824014	792.057646	0.000000	-0.628822	-0.628822	0.000000
13.844136	793.210568	0.000000	-0.638883	-0.638883	0.000000
13.864258	794.363491	0.000000	-0.648944	-0.648944	0.000000
13.884381	795.516413	0.000000	-0.659005	-0.659005	0.000000
13.904503	796.669335	0.000000	-0.669066	-0.669066	0.000000
13.924625	797.822258	0.000000	-0.679127	-0.679127	0.000000
13.944748	798.975180	0.000000	-0.689188	-0.689188	0.000000
13.964870	800.128102	0.000000	-0.699250	-0.699250	0.000000
13.984992	801.281025	0.000000	-0.709311	-0.709311	0.000000
14.005114	802.433947	0.000000	-0.719372	-0.719372	0.000000
14.025237	803.586869	0.000000	-0.729433	-0.729433	0.000000
14.045359	804.739792	0.000000	-0.739494	-0.739494	0.000000
14.065481	805.892714	0.000000	-0.749555	-0.749555	0.000000
14.085604	807.045637	0.000000	-0.759616	-0.759616	0.000000
14.105726	808.198559	0.000000	-0.769678	-0.769678	0.000000
14.125848	809.351481	0.000000	-0.779739	-0.779739	0.000000
14.145970	810.504404	0.000000	-0.789800	-0.789800	0.000000
14.166093	811.657326	0.000000	-0.799861	-0.799861	0.000000
14.186215	812.810248	0.000000	-0.809922	-0.809922	0.000000
14.206337	813.963171	0.000000	-0.819983	-0.819983	0.000000
14.226460	815.116093	0.000000	-0.830044	-0.830044	0.000000
14.246582	816.269015	0.000000	-0.840106	-0.840106	0.000000
14.266704	817.421938	0.000000	-0.850167	-0.850167	0.000000
14.286826	818.574860	0.000000	-0.860228	-0.860228	0.000000
14.306949	819.727782	0.000000	-0.870289	-0.870289	0.000000
14.327071	820.880705	0.000000	-0.880350	-0.880350	0.000000
14.347193	822.033627	0.000000	-0.890411	-0.890411	0.000000
14.367316	823.186549	0.000000	-0.900473	-0.900473	0.000000
14.387438	824.339472	0.000000	-0.910534	-0.910534	0.000000
14.407560	825.492394	0.000000	-0.920595	-0.920595	0.000000
14.427683	826.645316	0.000000	-0.930656	-0.930656	0.000000
14.447805	827.798239	0.000000	-0.940717	-0.940717	0.000000
14.467927	828.951161	0.000000	-0.950778	-0.950778	0.000000
14.488049	830.104083	0.000000	-0.960839	-0.960839	0.000000
14.508172	831.257006	0.000000	-0.970901	-0.970901	0.000000
14.528294	832.409928	0.000000	-0.980962	-0.980962	0.000000
14.548416	833.562850	0.000000	-0.991023	-0.991023	0.000000
14.568539	834.715773	0.000000	-1.001084	-1.001084	0.000000
14.588661	835.868695	0.000000	-1.011145	-1.011145	0.000000
14.608783	837.021617	0.000000	-1.021206	-1.021206	0.000000
14.628905	838.174540	0.000000	-1.031267	-1.031267	0.000000
14.649028	839.327462	0.000000	-1.041329	-1.041329	0.000000
14.669150	840.480384	0.000000	-1.051390	-1.051390	0.000000
14.689272	841.633307	0.000000	-1.061451	-1.061451	0.000000
14.709395	842.786229	0.000000	-1.071512	-1.071512	0.000000
14.729517	843.939151	0.000000	-1.081573	-1.081573	0.000000
14.749639	845.092074	0.000000	-1.091634	-1.091634	0.000000
14.769761	846.244996	0.000000	-1.101695	-1.101695	0.000000
14.789884	847.397918	0.000000	-1.111757	-1.111757	0.000000
14.810006	848.550841	0.000000	-1.121818	-1.121818	0.000000
14.830128	849.703763	0.000000	-1.131879	-1.131879	0.000000
14.850251	850.856685	0.000000	-1.141940	-1.141940	0.000000
14.870373	852.009608	0.000000	-1.152001	-1.152001	0.000000
14.890495	853.162530	0.000000	-1.162062	-1.162062	0.000000
14.910617	854.315452	0.000000	-1.172123	-1.172123	0.000000
14.930740	855.468375	0.000000	-1.182185	-1.182185	0.000000
14.950862	856.621297	0.000000	-1.192246	-1.192246	0.000000
14.970984	857.774219	0.000000	-1.202307	-1.202307	0.000000
14.991107	858.927142	0.000000	-1.212368	-1.212368	0.000000
15.011229	860.080064	0.000000	-1.222429	-1.222429	0.000000
15.031351	861.232986	0.000000	-1.232490	-1.232490	0.000000
15.051474	862.385909	0.000000	-1.242551	-1.242551	0.000000
15.071596	863.538831	0.000000	-1.252613	-1.252613	0.000000
15.091718	864.691753	0.000000	-1.262674	-1.262674	0.000000
15.111840	865.844676	0.000000	-1.272735	-1.272735	0.000000
15.131963	866.997598	0.000000	-1.282796	-1.282796	0.000000
15.152085	868.150520	0.000000	-1.292857	-1.292857	0.000000
15.172207	869.303443	0.000000	-1.302918	-1.302918	0.000000
15.192330	870.456365	0.000000	-1.312979	-1.312979	0.000000
15.212452	871.609287	0.000000	-1.323041	-1.323041	0.000000
15.232574	872.762210	0.000000	-1.333102	-1.333102	0.000000
15.252696	873.915132	0.000000	-1.343163	-1.343163	0.000000
15.272819	875.068054	0.000000	-1.353224	-1.353224	0.000000
15.292941	876.220977	0.000000	-1.363285	-1.363285	0.000000
15.313063	877.373899	0.000000	-1.373346	-1.373346	0.000000
15.333186	878.526821	0.000000	-1.383407	-1.383407	0.000000
15.353308	879.679744	0.000000	-1.393469	-1.393469	0.000000
15.373430	880.832666	0.000000	-1.403530	-1.403530	0.000000
15.393552	881.985588	0.000000	-1.413591	-1.413591	0.000000
15.413675	883.138511	0.000000	-1.423652	-1.423652	0.000000
15.433797	884.291433	0.000000	-1.433713	-1.433713	0.000000
15.453919	885.444355	0.000000	-1.443774	-1.443774	0.000000
15.474042	886.597278	0.000000	-1.453836	-1.453836	0.000000
15.494164	887.750200	0.000000	-1.463897	-1.463897	0.000000
15.514286	888.903122	0.000000	-1.473958	-1.473958	0.000000
15.534409	890.056045	0.000000	-1.484019	-1.484019	0.000000
15.554531	891.208967	0.000000	-1.494080	-1.494080	0.000000
15.574653	892.361890	0.000000	-1.504141	-1.504141	0.000000
15.594775	893.514812	0.000000	-1.514202	-1.514202	0.000000
15.614898	894.667734	0.000000	-1.524264	-1.524264	0.000000
15.635020	895.820657	0.000000	-1.534325	-1.534325	0.000000
15.655142	896.973579	0.000000	-1.544386	-1.544386	0.000000
15.675265	898.126501	0.000000	-1.554447	-1.554447	0.000000
15.695387	899.279424	0.000000	-1.564508	-1.564508	0.000000
15.715509	900.432346	0.000000	-1.574569	-1.574569	0.000000
15.735631	901.585268	0.000000	-1.584630	-1.584630	0.000000
15.755754	902.738191	0.000000	-1.594692	-1.594692	0.000000
15.775876	903.891113	0.000000	-1.604753	-1.604753	0.000000
15.795998	905.044035	0.000000	-1.614814	-1.614814	0.000000
15.816121	906.196958	0.000000	-1.624875	-1.624875	0.000000
15.836243	907.349880	0.000000	-1.634936	-1.634936	0.000000
15.856365	908.502802	0.000000	-1.644997	-1.644997	0.000000
15.876487	909.655725	0.000000	-1.655058	-1.655058	0.000000
15.896610	910.808647	0.000000	-1.665120	-1.665120	0.000000
15.916732	911.961569	0.000000	-1.675181	-1.675181	0.000000
15.936854	913.114492	0.000000	-1.685242	-1.685242	0.000000
15.956977	914.267414	0.000000	-1.695303	-1.695303	0.000000
15.977099	915.420336	0.000000	-1.705364	-1.705364	0.000000
15.997221	916.573259	0.000000	-1.715425	-1.715425	0.000000
16.017343	917.726181	0.000000	-1.725486	-1.725486	0.000000
16.037466	918.879103	0.000000	-1.735548	-1.735548	0.000000
16.057588	920.032026	0.000000	-1.745609	-1.745609	0.000000
16.077710	921.184948	0.000000	-1.755670	-1.755670	0.000000
16.097833	922.337870	0.000000	-1.765731	-1.765731	0.000000
16.117955	923.490793	0.000000	-1.775792	-1.775792	0.000000
16.138077	924.643715	0.000000	-1.785853	-1.785853	0.000000
16.158200	925.796637	0.000000	-1.795914	-1.795914	0.000000
16.178322	926.949560	0.000000	-1.805976	-1.805976	0.000000
16.198444	928.102482	0.000000	-1.816037	-1.816037	0.000000
16.218566	929.255404	0.000000	-1.826098	-1.826098	0.000000
16.238689	930.408327	0.000000	-1.836159	-1.836159	0.000000
16.258811	931.561249	0.000000	-1.846220	-1.846220	0.000000
16.278933	932.714171	0.000000	-1.856281	-1.856281	0.000000
16.299056	933.867094	0.000000	-1.866342	-1.866342	0.000000
16.319178	935.020016	0.000000	-1.876404	-1.876404	0.000000
16.339300	936.172938	0.000000	-1.886465	-1.886465	0.000000
16.359422	937.325861	0.000000	-1.896526	-1.896526	0.000000
16.379545	938.478783	0.000000	-1.906587	-1.906587	0.000000
16.399667	939.631705	0.000000	-1.916648	-1.916648	0.000000
16.419789	940.784628	0.000000	-1.926709	-1.926709	0.000000
16.439912	941.937550	0.000000	-1.936770	-1.936770	0.000000
16.460034	943.090472	0.000000	-1.946832	-1.946832	0.000000
16.480156	944.243395	0.000000	-1.956893	-1.956893	0.000000
16.500278	945.396317	0.000000	-1.966954	-1.966954	0.000000
16.520401	946.549239	0.000000	-1.977015	-1.977015	0.000000
16.540523	947.702162	0.000000	-1.987076	-1.987076	0.000000
16.560645	948.855084	0.000000	-1.997137	-1.997137	0.000000
16.580768	950.008006	0.000000	-2.007199	-2.007199	0.000000
16.600890	951.160929	0.000000	-2.017260	-2.017260	0.000000
16.621012	952.313851	0.000000	-2.027321	-2.027321	0.000000
16.641135	953.466773	0.000000	-2.037382	-2.037382	0.000000
16.661257	954.619696	0.000000	-2.047443	-2.047443	0.000000
16.681379	955.772618	0.000000	-2.057504	-2.057504	0.000000
16.701501	956.925540	0.000000	-2.067565	-2.067565	0.000000
16.721624	958.078463	0.000000	-2.077627	-2.077627	0.000000
16.741746	959.231385	0.000000	-2.087688	-2.087688	0.000000
16.761868	960.384307	0.000000	-2.097749	-2.097749	0.000000
16.781991	961.537230	0.000000	-2.107810	-2.107810	0.000000
16.802113	962.690152	0.000000	-2.117871	-2.117871	0.000000
16.822235	963.843074	0.000000	-2.127932	-2.127932	0.000000
16.842357	964.995997	0.000000	-2.137993	-2.137993	0.000000
16.862480	966.148919	0.000000	-2.148055	-2.148055	0.000000
16.882602	967.301841	0.000000	-2.158116	-2.158116	0.000000
16.902724	968.454764	0.000000	-2.168177	-2.168177	0.000000
16.922847	969.607686	0.000000	-2.178238	-2.178238	0.000000
16.942969	970.760608	0.000000	-2.188299	-2.188299	0.000000
16.963091	971.913531	0.000000	-2.198360	-2.198360	0.000000
16.983213	973.066453	0.000000	-2.208421	-2.208421	0.000000
17.003336	974.219376	0.000000	-2.218483	-2.218483	0.000000
17.023458	975.372298	0.000000	-2.228544	-2.228544	0.000000
17.043580	976.525220	0.000000	-2.238605	-2.238605	0.000000
17.063703	977.678143	0.000000	-2.248666	-2.248666	0.000000
17.083825	978.831065	0.000000	-2.258727	-2.258727	0.000000
17.103947	979.983987	0.000000	-2.268788	-2.268788	0.000000
17.124069	981.136910	0.000000	-2.278849	-2.278849	0.000000
17.144192	982.289832	0.000000	-2.288911	-2.288911	0.000000
17.164314	983.442754	0.000000	-2.298972	-2.298972	0.000000
17.184436	984.595677	0.000000	-2.309033	-2.309033	0.000000
17.204559	985.748599	0.000000	-2.319094	-2.319094	0.000000
17.224681	986.901521	0.000000	-2.329155	-2.329155	0.000000
17.244803	988.054444	0.000000	-2.339216	-2.339216	0.000000
17.264926	989.207366	0.000000	-2.349277	-2.349277	0.000000
17.285048	990.360288	0.000000	-2.359339	-2.359339	0.000000
17.305170	991.513211	0.000000	-2.369400	-2.369400	0.000000
17.325292	992.666133	0.000000	-2.379461	-2.379461	0.000000
17.345415	993.819055	0.000000	-2.389522	-2.389522	0.000000
17.365537	994.971978	0.000000	-2.399583	-2.399583	0.000000
17.385659	996.124900	0.000000	-2.409644	-2.409644	0.000000
17.405782	997.277822	0.000000	-2.419705	-2.419705	0.000000
17.425904	998.430745	0.000000	-2.429767	-2.429767	0.000000
17.446026	999.583667	0.000000	-2.439828	-2.439828	0.000000
17.466148	1000.736589	0.000000	-2.449889	-2.449889	0.000000
17.486271	1001.889512	0.000000	-2.459950	-2.459950	0.000000
17.506393	1003.042434	0.000000	-2.470011	-2.470011	0.000000
17.526515	1004.195356	0.000000	-2.480072	-2.480072	0.000000
17.546638	1005.348279	0.000000	-2.490133	-2.490133	0.000000
17.566760	1006.501201	0.000000	-2.500195	-2.500195	0.000000
17.586882	1007.654123	0.000000	-2.510256	-2.510256	0.000000
17.607004	1008.807046	0.000000	-2.520317	-2.520317	0.000000
17.627127	1009.959968	0.000000	-2.530378	-2.530378	0.000000
17.647249	1011.112890	0.000000	-2.540439	-2.540439	0.000000
17.667371	1012.265813	0.000000	-2.550500	-2.550500	0.000000
17.687494	1013.418735	0.000000	-2.560562	-2.560562	0.000000
17.707616	1014.571657	0.000000	-2.570623	-2.570623	0.000000
17.727738	1015.724580	0.000000	-2.580684	-2.580684	0.000000
17.747860	1016.877502	0.000000	-2.590745	-2.590745	0.000000
17.767983	1018.030424	0.000000	-2.600806	-2.600806	0.000000
17.788105	1019.183347	0.000000	-2.610867	-2.610867	0.000000
17.808227	1020.336269	0.000000	-2.620928	-2.620928	0.000000
17.828350	1021.489191	0.000000	-2.630990	-2.630990	0.000000
17.848472	1022.642114	0.000000	-2.641051	-2.641051	0.000000
17.868594	1023.795036	0.000000	-2.651112	-2.651112	0.000000
17.888717	1024.947958	0.000000	-2.661173	-2.661173	0.000000
17.908839	1026.100881	0.000000	-2.671234	-2.671234	0.000000
17.928961	1027.253803	0.000000	-2.681295	-2.681295	0.000000
17.949083	1028.406725	0.000000	-2.691356	-2.691356	0.000000
17.969206	1029.559648	0.000000	-2.701418	-2.701418	0.000000
17.989328	1030.712570	0.000000	-2.711479	-2.711479	0.000000
18.009450	1031.865492	0.000000	-2.721540	-2.721540	0.000000
18.029573	1033.018415	0.000000	-2.731601	-2.731601	0.000000
18.049695	1034.171337	0.000000	-2.741662	-2.741662	0.000000
18.069817	1035.324259	0.000000	-2.751723	-2.751723	0.000000
18.089939	1036.477182	0.000000	-2.761784	-2.761784	0.000000
18.110062	1037.630104	0.000000	-2.771846	-2.771846	0.000000
18.130184	1038.783026	0.000000	-2.781907	-2.781907	0.000000
18.150306	1039.935949	0.000000	-2.791968	-2.791968	0.000000
18.170429	1041.088871	0.000000	-2.802029	-2.802029	0.000000
18.190551	1042.241793	0.000000	-2.812090	-2.812090	0.000000
18.210673	1043.394716	0.000000	-2.822151	-2.822151	0.000000
18.230795	1044.547638	0.000000	-2.832212	-2.832212	0.000000
18.250918	1045.700560	0.000000	-2.842274	-2.842274	0.000000
18.271040	1046.853483	0.000000	-2.852335	-2.852335	0.000000
18.291162	1048.006405	0.000000	-2.862396	-2.862396	0.000000
18.311285	1049.159327	0.000000	-2.872457	-2.872457	0.000000
18.331407	1050.312250	0.000000	-2.882518	-2.882518	0.000000
18.351529	1051.465172	0.000000	-2.892579	-2.892579	0.000000
18.371652	1052.618094	0.000000	-2.902640	-2.902640	0.000000
18.391774	1053.771017	0.000000	-2.912702	-2.912702	0.000000
18.411896	1054.923939	0.000000	-2.922763	-2.922763	0.000000
18.432018	1056.076861	0.000000	-2.932824	-2.932824	0.000000
18.452141	1057.229784	0.000000	-2.942885	-2.942885	0.000000
18.472263	1058.382706	0.000000	-2.952946	-2.952946	0.000000
18.492385	1059.535629	0.000000	-2.963007	-2.963007	0.000000
18.512508	1060.688551	0.000000	-2.973068	-2.973068	0.000000
18.532630	1061.841473	0.000000	-2.983130	-2.983130	0.000000
18.552752	1062.994396	0.000000	-2.993191	-2.993191	0.000000
18.572874	1064.147318	0.000000	-3.003252	-3.003252	0.000000
18.592997	1065.300240	0.000000	-3.013313	-3.013313	0.000000
18.613119	1066.453163	0.000000	-3.023374	-3.023374	0.000000
18.633241	1067.606085	0.000000	-3.033435	-3.033435	0.000000
18.653364	1068.759007	0.000000	-3.043496	-3.043496	0.000000
18.673486	1069.911930	0.000000	-3.053558	-3.053558	0.000000
18.693608	1071.064852	0.000000	-3.063619	-3.063619	0.000000
18.713730	1072.217774	0.000000	-3.073680	-3.073680	0.000000
18.733853	1073.370697	0.000000	-3.083741	-3.083741	0.000000
18.753975	1074.523619	0.000000	-3.093802	-3.093802	0.000000
18.774097	1075.676541	0.000000	-3.103863	-3.103863	0.000000
18.794220	1076.829464	0.000000	-3.113925	-3.113925	0.000000
18.814342	1077.982386	0.000000	-3.123986	-3.123986	0.000000
18.834464	1079.135308	0.000000	-3.134047	-3.134047	0.000000
18.854586	1080.288231	0.000000	-3.139077	-3.139077	0.000000
18.874709	1081.441153	0.000000	-3.129016	-3.129016	0.000000
18.894831	1082.594075	0.000000	-3.118955	-3.118955	0.000000
18.914953	1083.746998	0.000000	-3.108894	-3.108894	0.000000
18.935076	1084.899920	0.000000	-3.098833	-3.098833	0.000000
18.955198	1086.052842	0.000000	-3.088772	-3.088772	0.000000
18.975320	1087.205765	0.000000	-3.078710	-3.078710	0.000000
18.995443	1088.358687	0.000000	-3.068649	-3.068649	0.000000
19.015565	1089.511609	0.000000	-3.058588	-3.058588	0.000000
19.035687	1090.664532	0.000000	-3.048527	-3.048527	0.000000
19.055809	1091.817454	0.000000	-3.038466	-3.038466	0.000000
19.075932	1092.970376	0.000000	-3.028405	-3.028405	0.000000
19.096054	1094.123299	0.000000	-3.018344	-3.018344	0.000000
19.116176	1095.276221	0.000000	-3.008282	-3.008282	0.000000
19.136299	1096.429143	0.000000	-2.998221	-2.998221	0.000000
19.156421	1097.582066	0.000000	-2.988160	-2.988160	0.000000
19.176543	1098.734988	0.000000	-2.978099	-2.978099	0.000000
19.196665	1099.887910	0.000000	-2.968038	-2.968038	0.000000
19.216788	1101.040833	0.000000	-2.957977	-2.957977	0.000000
19.236910	1102.193755	0.000000	-2.947916	-2.947916	0.000000
19.257032	1103.346677	0.000000	-2.937854	-2.937854	0.000000
19.277155	1104.499600	0.000000	-2.927793	-2.927793	0.000000
19.297277	1105.652522	0.000000	-2.917732	-2.917732	0.000000
19.317399	1106.805444	0.000000	-2.907671	-2.907671	0.000000
19.337521	1107.958367	0.000000	-2.897610	-2.897610	0.000000
19.357644	1109.111289	0.000000	-2.887549	-2.887549	0.000000
19.377766	1110.264211	0.000000	-2.877488	-2.877488	0.000000
19.397888	1111.417134	0.000000	-2.867426	-2.867426	0.000000
19.418011	1112.570056	0.000000	-2.857365	-2.857365	0.000000
19.438133	1113.722978	0.000000	-2.847304	-2.847304	0.000000
19.458255	1114.875901	0.000000	-2.837243	-2.837243	0.000000
19.478378	1116.028823	0.000000	-2.827182	-2.827182	0.000000
19.498500	1117.181745	0.000000	-2.817121	-2.817121	0.000000
19.518622	1118.334668	0.000000	-2.807060	-2.807060	0.000000
19.538744	1119.487590	0.000000	-2.796998	-2.796998	0.000000
19.558867	1120.640512	0.000000	-2.786937	-2.786937	0.000000
19.578989	1121.793435	0.000000	-2.776876	-2.776876	0.000000
19.599111	1122.946357	0.000000	-2.766815	-2.766815	0.000000
19.619234	1124.099279	0.000000	-2.756754	-2.756754	0.000000
19.639356	1125.252202	0.000000	-2.746693	-2.746693	0.000000
19.659478	1126.405124	0.000000	-2.736632	-2.736632	0.000000
19.679600	1127.558046	0.000000	-2.726570	-2.726570	0.000000
19.699723	1128.710969	0.000000	-2.716509	-2.716509	0.000000
19.719845	1129.863891	0.000000	-2.706448	-2.706448	0.000000
19.739967	1131.016813	0.000000	-2.696387	-2.696387	0.000000
19.760090	1132.169736	0.000000	-2.686326	-2.686326	0.000000
19.780212	1133.322658	0.000000	-2.676265	-2.676265	0.000000
19.800334	1134.475580	0.000000	-2.666204	-2.666204	0.000000
19.820456	1135.628503	0.000000	-2.656142	-2.656142	0.000000
19.840579	1136.781425	0.000000	-2.646081	-2.646081	0.000000
19.860701	1137.934347	0.000000	-2.636020	-2.636020	0.000000
19.880823	1139.087270	0.000000	-2.625959	-2.625959	0.000000
19.900946	1140.240192	0.000000	-2.615898	-2.615898	0.000000
19.921068	1141.393114	0.000000	-2.605837	-2.605837	0.000000
19.941190	1142.546037	0.000000	-2.595776	-2.595776	0.000000
19.961312	1143.698959	0.000000	-2.585714	-2.585714	0.000000
19.981435	1144.851882	0.000000	-2.575653	-2.575653	0.000000
20.001557	1146.004804	0.000000	-2.565592	-2.565592	0.000000
20.021679	1147.157726	0.000000	-2.555531	-2.555531	0.000000
20.041802	1148.310649	0.000000	-2.545470	-2.545470	0.000000
20.061924	1149.463571	0.000000	-2.535409	-2.535409	0.000000
20.082046	1150.616493	0.000000	-2.525347	-2.525347	0.000000
20.102169	1151.769416	0.000000	-2.515286	-2.515286	0.000000
20.122291	1152.922338	0.000000	-2.505225	-2.505225	0.000000
20.142413	1154.075260	0.000000	-2.495164	-2.495164	0.000000
20.162535	1155.228183	0.000000	-2.485103	-2.485103	0.000000
20.182658	1156.381105	0.000000	-2.475042	-2.475042	0.000000
20.202780	1157.534027	0.000000	-2.464981	-2.464981	0.000000
20.222902	1158.686950	0.000000	-2.454919	-2.454919	0.000000
20.243025	1159.839872	0.000000	-2.444858	-2.444858	0.000000
20.263147	1160.992794	0.000000	-2.434797	-2.434797	0.000000
20.283269	1162.145717	0.000000	-2.424736	-2.424736	0.000000
20.303391	1163.298639	0.000000	-2.414675	-2.414675	0.000000
20.323514	1164.451561	0.000000	-2.404614	-2.404614	0.000000
20.343636	1165.604484	0.000000	-2.394553	-2.394553	0.000000
20.363758	1166.757406	0.000000	-2.384491	-2.384491	0.000000
20.383881	1167.910328	0.000000	-2.374430	-2.374430	0.000000
20.404003	1169.063251	0.000000	-2.364369	-2.364369	0.000000
20.424125	1170.216173	0.000000	-2.354308	-2.354308	0.000000
20.444247	1171.369095	0.000000	-2.344247	-2.344247	0.000000
20.464370	1172.522018	0.000000	-2.334186	-2.334186	0.000000
20.484492	1173.674940	0.000000	-2.324125	-2.324125	0.000000
20.504614	1174.827862	0.000000	-2.314063	-2.314063	0.000000
20.524737	1175.980785	0.000000	-2.304002	-2.304002	0.000000
20.544859	1177.133707	0.000000	-2.293941	-2.293941	0.000000
20.564981	1178.286629	0.000000	-2.283880	-2.283880	0.000000
20.585104	1179.439552	0.000000	-2.273819	-2.273819	0.000000
20.605226	1180.592474	0.000000	-2.263758	-2.263758	0.000000
20.625348	1181.745396	0.000000	-2.253697	-2.253697	0.000000
20.645470	1182.898319	0.000000	-2.243635	-2.243635	0.000000
20.665593	1184.051241	0.000000	-2.233574	-2.233574	0.000000
20.685715	1185.204163	0.000000	-2.223513	-2.223513	0.000000
20.705837	1186.357086	0.000000	-2.213452	-2.213452	0.000000
20.725960	1187.510008	0.000000	-2.203391	-2.203391	0.000000
20.746082	1188.662930	0.000000	-2.193330	-2.193330	0.000000
20.766204	1189.815853	0.000000	-2.183269	-2.183269	0.000000
20.786326	1190.968775	0.000000	-2.173207	-2.173207	0.000000
20.806449	1192.121697	0.000000	-2.163146	-2.163146	0.000000
20.826571	1193.274620	0.000000	-2.153085	-2.153085	0.000000
20.846693	1194.427542	0.000000	-2.143024	-2.143024	0.000000
20.866816	1195.580464	0.000000	-2.132963	-2.132963	0.000000
20.886938	1196.733387	0.000000	-2.122902	-2.122902	0.000000
20.907060	1197.886309	0.000000	-2.112841	-2.112841	0.000000
20.927182	1199.039231	0.000000	-2.102779	-2.102779	0.000000
20.947305	1200.192154	0.000000	-2.092718	-2.092718	0.000000
20.967427	1201.345076	0.000000	-2.082657	-2.082657	0.000000
20.987549	1202.497998	0.000000	-2.072596	-2.072596	0.000000
21.007672	1203.650921	0.000000	-2.062535	-2.062535	0.000000
21.027794	1204.803843	0.000000	-2.052474	-2.052474	0.000000
21.047916	1205.956765	0.000000	-2.042413	-2.042413	0.000000
21.068038	1207.109688	0.000000	-2.032351	-2.032351	0.000000
21.088161	1208.262610	0.000000	-2.022290	-2.022290	0.000000
21.108283	1209.415532	0.000000	-2.012229	-2.012229	0.000000
21.128405	1210.568455	0.000000	-2.002168	-2.002168	0.000000
21.148528	1211.721377	0.000000	-1.992107	-1.992107	0.000000
21.168650	1212.874299	0.000000	-1.982046	-1.982046	0.000000
21.188772	1214.027222	0.000000	-1.971984	-1.971984	0.000000
21.208895	1215.180144	0.000000	-1.961923	-1.961923	0.000000
21.229017	1216.333066	0.000000	-1.951862	-1.951862	0.000000
21.249139	1217.485989	0.000000	-1.941801	-1.941801	0.000000
21.269261	1218.638911	0.000000	-1.931740	-1.931740	0.000000
21.289384	1219.791833	0.000000	-1.921679	-1.921679	0.000000
21.309506	1220.944756	0.000000	-1.911618	-1.911618	0.000000
21.329628	1222.097678	0.000000	-1.901556	-1.901556	0.000000
21.349751	1223.250600	0.000000	-1.891495	-1.891495	0.000000
21.369873	1224.403523	0.000000	-1.881434	-1.881434	0.000000
21.389995	1225.556445	0.000000	-1.871373	-1.871373	0.000000
21.410117	1226.709367	0.000000	-1.861312	-1.861312	0.000000
21.430240	1227.862290	0.000000	-1.851251	-1.851251	0.000000
21.450362	1229.015212	0.000000	-1.841190	-1.841190	0.000000
21.470484	1230.168135	0.000000	-1.831128	-1.831128	0.000000
21.490607	1231.321057	0.000000	-1.821067	-1.821067	0.000000
21.510729	1232.473979	0.000000	-1.811006	-1.811006	0.000000
21.530851	1233.626902	0.000000	-1.800945	-1.800945	0.000000
21.550973	1234.779824	0.000000	-1.790884	-1.790884	0.000000
21.571096	1235.932746	0.000000	-1.780823	-1.780823	0.000000
21.591218	1237.085669	0.000000	-1.770762	-1.770762	0.000000
21.611340	1238.238591	0.000000	-1.760700	-1.760700	0.000000
21.631463	1239.391513	0.000000	-1.750639	-1.750639	0.000000
21.651585	1240.544436	0.000000	-1.740578	-1.740578	0.000000
21.671707	1241.697358	0.000000	-1.730517	-1.730517	0.000000
21.691829	1242.850280	0.000000	-1.720456	-1.720456	0.000000
21.711952	1244.003203	0.000000	-1.710395	-1.710395	0.000000
21.732074	1245.156125	0.000000	-1.700334	-1.700334	0.000000
21.752196	1246.309047	0.000000	-1.690272	-1.690272	0.000000
21.772319	1247.461970	0.000000	-1.680211	-1.680211	0.000000
21.792441	1248.614892	0.000000	-1.670150	-1.670150	0.000000
21.812563	1249.767814	0.000000	-1.660089	-1.660089	0.000000
21.832686	1250.920737	0.000000	-1.650028	-1.650028	0.000000
21.852808	1252.073659	0.000000	-1.639967	-1.639967	0.000000
21.872930	1253.226581	0.000000	-1.629906	-1.629906	0.000000
21.893052	1254.379504	0.000000	-1.619844	-1.619844	0.000000
21.913175	1255.532426	0.000000	-1.609783	-1.609783	0.000000
21.933297	1256.685348	0.000000	-1.599722	-1.599722	0.000000
21.953419	1257.838271	0.000000	-1.589661	-1.589661	0.000000
21.973542	1258.991193	0.000000	-1.579600	-1.579600	0.000000
21.993664	1260.144115	0.000000	-1.569539	-1.569539	0.000000
22.013786	1261.297038	0.000000	-1.559478	-1.559478	0.000000
22.033908	1262.449960	0.000000	-1.549416	-1.549416	0.000000
22.054031	1263.602882	0.000000	-1.539355	-1.539355	0.000000
22.074153	1264.755805	0.000000	-1.529294	-1.529294	0.000000
22.094275	1265.908727	0.000000	-1.519233	-1.519233	0.000000
22.114398	1267.061649	0.000000	-1.509172	-1.509172	0.000000
22.134520	1268.214572	0.000000	-1.499111	-1.499111	0.000000
22.154642	1269.367494	0.000000	-1.489050	-1.489050	0.000000
22.174764	1270.520416	0.000000	-1.478988	-1.478988	0.000000
22.194887	1271.673339	0.000000	-1.468927	-1.468927	0.000000
22.215009	1272.826261	0.000000	-1.458866	-1.458866	0.000000
22.235131	1273.979183	0.000000	-1.448805	-1.448805	0.000000
22.255254	1275.132106	0.000000	-1.438744	-1.438744	0.000000
22.275376	1276.285028	0.000000	-1.428683	-1.428683	0.000000
22.295498	1277.437950	0.000000	-1.418622	-1.418622	0.000000
22.315621	1278.590873	0.000000	-1.408560	-1.408560	0.000000
22.335743	1279.743795	0.000000	-1.398499	-1.398499	0.000000
22.355865	1280.896717	0.000000	-1.388438	-1.388438	0.000000
22.375987	1282.049640	0.000000	-1.378377	-1.378377	0.000000
22.396110	1283.202562	0.000000	-1.368316	-1.368316	0.000000
22.416232	1284.355484	0.000000	-1.358255	-1.358255	0.000000
22.436354	1285.508407	0.000000	-1.348193	-1.348193	0.000000
22.456477	1286.661329	0.000000	-1.338132	-1.338132	0.000000
22.476599	1287.814251	0.000000	-1.328071	-1.328071	0.000000
22.496721	1288.967174	0.000000	-1.318010	-1.318010	0.000000
22.516843	1290.120096	0.000000	-1.307949	-1.307949	0.000000
22.536966	1291.273018	0.000000	-1.297888	-1.297888	0.000000
22.557088	1292.425941	0.000000	-1.287827	-1.287827	0.000000
22.577210	1293.578863	0.000000	-1.277765	-1.277765	0.000000
22.597333	1294.731785	0.000000	-1.267704	-1.267704	0.000000
22.617455	1295.884708	0.000000	-1.257643	-1.257643	0.000000
22.637577	1297.037630	0.000000	-1.247582	-1.247582	0.000000
22.657699	1298.190552	0.000000	-1.237521	-1.237521	0.000000
22.677822	1299.343475	0.000000	-1.227460	-1.227460	0.000000
22.697944	1300.496397	0.000000	-1.217399	-1.217399	0.000000
22.718066	1301.649319	0.000000	-1.207337	-1.207337	0.000000
22.738189	1302.802242	0.000000	-1.197276	-1.197276	0.000000
22.758311	1303.955164	0.000000	-1.187215	-1.187215	0.000000
22.778433	1305.108086	0.000000	-1.177154	-1.177154	0.000000
22.798555	1306.261009	0.000000	-1.167093	-1.167093	0.000000
22.818678	1307.413931	0.000000	-1.157032	-1.157032	0.000000
22.838800	1308.566853	0.000000	-1.146971	-1.146971	0.000000
22.858922	1309.719776	0.000000	-1.136909	-1.136909	0.000000
22.879045	1310.872698	0.000000	-1.126848	-1.126848	0.000000
22.899167	1312.025620	0.000000	-1.116787	-1.116787	0.000000
22.919289	1313.178543	0.000000	-1.106726	-1.106726	0.000000
22.939412	1314.331465	0.000000	-1.096665	-1.096665	0.000000
22.959534	1315.484388	0.000000	-1.086604	-1.086604	0.000000
22.979656	1316.637310	0.000000	-1.076543	-1.076543	0.000000
22.999778	1317.790232	0.000000	-1.066481	-1.066481	0.000000
23.019901	1318.943155	0.000000	-1.056420	-1.056420	0.000000
23.040023	1320.096077	0.000000	-1.046359	-1.046359	0.000000
23.060145	1321.248999	0.000000	-1.036298	-1.036298	0.000000
23.080268	1322.401922	0.000000	-1.026237	-1.026237	0.000000
23.100390	1323.554844	0.000000	-1.016176	-1.016176	0.000000
23.120512	1324.707766	0.000000	-1.006115	-1.006115	0.000000
23.140634	1325.860689	0.000000	-0.996053	-0.996053	0.000000
23.160757	1327.013611	0.000000	-0.985992	-0.985992	0.000000
23.180879	1328.166533	0.000000	-0.975931	-0.975931	0.000000
23.201001	1329.319456	0.000000	-0.965870	-0.965870	0.000000
23.221124	1330.472378	0.000000	-0.955809	-0.955809	0.000000
23.241246	1331.625300	0.000000	-0.945748	-0.945748	0.000000
23.261368	1332.778223	0.000000	-0.935687	-0.935687	0.000000
23.281490	1333.931145	0.000000	-0.925625	-0.925625	0.000000
23.301613	1335.084067	0.000000	-0.915564	-0.915564	0.000000
23.321735	1336.236990	0.000000	-0.905503	-0.905503	0.000000
23.341857	1337.389912	0.000000	-0.895442	-0.895442	0.000000
23.361980	1338.542834	0.000000	-0.885381	-0.885381	0.000000
23.382102	1339.695757	0.000000	-0.875320	-0.875320	0.000000
23.402224	1340.848679	0.000000	-0.865259	-0.865259	0.000000
23.422347	1342.001601	0.000000	-0.855197	-0.855197	0.000000
23.442469	1343.154524	0.000000	-0.845136	-0.845136	0.000000
23.462591	1344.307446	0.000000	-0.835075	-0.835075	0.000000
23.482713	1345.460368	0.000000	-0.825014	-0.825014	0.000000
23.502836	1346.613291	0.000000	-0.814953	-0.814953	0.000000
23.522958	1347.766213	0.000000	-0.804892	-0.804892	0.000000
23.543080	1348.919135	0.000000	-0.794830	-0.794830	0.000000
23.563203	1350.072058	0.000000	-0.784769	-0.784769	0.000000
23.583325	1351.224980	0.000000	-0.774708	-0.774708	0.000000
23.603447	1352.377902	0.000000	-0.764647	-0.764647	0.000000
23.623569	1353.530825	0.000000	-0.754586	-0.754586	0.000000
23.643692	1354.683747	0.000000	-0.744525	-0.744525	0.000000
23.663814	1355.836669	0.000000	-0.734464	-0.734464	0.000000
23.683936	1356.989592	0.000000	-0.724402	-0.724402	0.000000
23.704059	1358.142514	0.000000	-0.714341	-0.714341	0.000000
23.724181	1359.295436	0.000000	-0.704280	-0.704280	0.000000
23.744303	1360.448359	0.000000	-0.694219	-0.694219	0.000000
23.764425	1361.601281	0.000000	-0.684158	-0.684158	0.000000
23.784548	1362.754203	0.000000	-0.674097	-0.674097	0.000000
23.804670	1363.907126	0.000000	-0.664036	-0.664036	0.000000
23.824792	1365.060048	0.000000	-0.653974	-0.653974	0.000000
23.844915	1366.212970	0.000000	-0.643913	-0.643913	0.000000
23.865037	1367.365893	0.000000	-0.633852	-0.633852	0.000000
23.885159	1368.518815	0.000000	-0.623791	-0.623791	0.000000
23.905281	1369.671737	0.000000	-0.613730	-0.613730	0.000000
23.925404	1370.824660	0.000000	-0.603669	-0.603669	0.000000
23.945526	1371.977582	0.000000	-0.593608	-0.593608	0.000000
23.965648	1373.130504	0.000000	-0.583546	-0.583546	0.000000
23.985771	1374.283427	0.000000	-0.573485	-0.573485	0.000000
24.005893	1375.436349	0.000000	-0.563424	-0.563424	0.000000
24.026015	1376.589271	0.000000	-0.553363	-0.553363	0.000000
24.046138	1377.742194	0.000000	-0.543302	-0.543302	0.000000
24.066260	1378.895116	0.000000	-0.533241	-0.533241	0.000000
24.086382	1380.048038	0.000000	-0.523180	-0.523180	0.000000
24.106504	1381.200961	0.000000	-0.513118	-0.513118	0.000000
24.126627	1382.353883	0.000000	-0.503057	-0.503057	0.000000
24.146749	1383.506805	0.000000	-0.492996	-0.492996	0.000000
24.166871	1384.659728	0.000000	-0.482935	-0.482935	0.000000
24.186994	1385.812650	0.000000	-0.472874	-0.472874	0.000000
24.207116	1386.965572	0.000000	-0.462813	-0.462813	0.000000
24.227238	1388.118495	0.000000	-0.452752	-0.452752	0.000000
24.247360	1389.271417	0.000000	-0.442690	-0.442690	0.000000
24.267483	1390.424339	0.000000	-0.432629	-0.432629	0.000000
24.287605	1391.577262	0.000000	-0.422568	-0.422568	0.000000
24.307727	1392.730184	0.000000	-0.412507	-0.412507	0.000000
24.327850	1393.883106	0.000000	-0.402446	-0.402446	0.000000
24.347972	1395.036029	0.000000	-0.392385	-0.392385	0.000000
24.368094	1396.188951	0.000000	-0.382324	-0.382324	0.000000
24.388216	1397.341873	0.000000	-0.372262	-0.372262	0.000000
24.408339	1398.494796	0.000000	-0.362201	-0.362201	0.000000
24.428461	1399.647718	0.000000	-0.352140	-0.352140	0.000000
24.448583	1400.800641	0.000000	-0.342079	-0.342079	0.000000
24.468706	1401.953563	0.000000	-0.332018	-0.332018	0.000000
24.488828	1403.106485	0.000000	-0.321957	-0.321957	0.000000
24.508950	1404.259408	0.000000	-0.311896	-0.311896	0.000000
24.529073	1405.412330	0.000000	-0.301834	-0.301834	0.000000
24.549195	1406.565252	0.000000	-0.291773	-0.291773	0.000000
24.569317	1407.718175	0.000000	-0.281712	-0.281712	0.000000
24.589439	1408.871097	0.000000	-0.271651	-0.271651	0.000000
24.609562	1410.024019	0.000000	-0.261590	-0.261590	0.000000
24.629684	1411.176942	0.000000	-0.251529	-0.251529	0.000000
24.649806	1412.329864	0.000000	-0.241467	-0.241467	0.000000
24.669929	1413.482786	0.000000	-0.231406	-0.231406	0.000000
24.690051	1414.635709	0.000000	-0.221345	-0.221345	0.000000
24.710173	1415.788631	0.000000	-0.211284	-0.211284	0.000000
24.730295	1416.941553	0.000000	-0.201223	-0.201223	0.000000
24.750418	1418.094476	0.000000	-0.191162	-0.191162	0.000000
24.770540	1419.247398	0.000000	-0.181101	-0.181101	0.000000
24.790662	1420.400320	0.000000	-0.171039	-0.171039	0.000000
24.810785	1421.553243	0.000000	-0.160978	-0.160978	0.000000
24.830907	1422.706165	0.000000	-0.150917	-0.150917	0.000000
24.851029	1423.859087	0.000000	-0.140856	-0.140856	0.000000
24.871151	1425.012010	0.000000	-0.130795	-0.130795	0.000000
24.891274	1426.164932	0.000000	-0.120734	-0.120734	0.000000
24.911396	1427.317854	0.000000	-0.110673	-0.110673	0.000000
24.931518	1428.470777	0.000000	-0.100611	-0.100611	0.000000
24.951641	1429.623699	0.000000	-0.090550	-0.090550	0.000000
24.971763	1430.776621	0.000000	-0.080489	-0.080489	0.000000
24.991885	1431.929544	0.000000	-0.070428	-0.070428	0.000000
25.012007	1433.082466	0.000000	-0.060367	-0.060367	0.000000
25.032130	1434.235388	0.000000	-0.050306	-0.050306	0.000000
25.052252	1435.388311	0.000000	-0.040245	-0.040245	0.000000
25.072374	1436.541233	0.000000	-0.030183	-0.030183	0.000000
25.092497	1437.694155	0.000000	-0.020122	-0.020122	0.000000
25.112619	1438.847078	0.000000	-0.010061	-0.010061	0.000000
25.132741	1440.000000	0.000000	-0.000000	-0.000000	0.000000
