Theta (degrees)	Normalized Energy
0.000000000000000000e+00 3.417829634158935925e-01
1.801801801801801606e+00 3.423559689232469894e-01
3.603603603603603212e+00 3.439860664492596642e-01
5.405405405405405261e+00 3.464587185799157254e-01
7.207207207207206423e+00 3.495320039936038459e-01
9.009009009009007585e+00 3.529998406727016258e-01
1.081081081081081052e+01 3.567080724830197225e-01
1.261261261261261168e+01 3.605473373518557345e-01
1.441441441441441285e+01 3.644409622253719783e-01
1.621621621621621401e+01 3.683346807454446759e-01
1.801801801801801517e+01 3.721893159488245395e-01
1.981981981981981633e+01 3.759758891542596126e-01
2.162162162162162105e+01 3.796724110530217966e-01
2.342342342342342221e+01 3.832617741684432033e-01
2.522522522522522337e+01 3.867303542933775429e-01
2.702702702702702453e+01 3.900670688124815988e-01
2.882882882882882569e+01 3.932627323058952018e-01
3.063063063063063041e+01 3.963096082437070344e-01
3.243243243243242802e+01 3.992010920241170213e-01
3.423423423423423628e+01 4.019314833892664307e-01
3.603603603603603034e+01 4.044958206208874030e-01
3.783783783783783861e+01 4.068897580930069258e-01
3.963963963963963266e+01 4.091094747005813992e-01
4.144144144144143382e+01 4.111516045872062319e-01
4.324324324324324209e+01 4.130131841984859276e-01
4.504504504504503615e+01 4.146916114487884109e-01
4.684684684684684441e+01 4.161846139972616987e-01
4.864864864864863847e+01 4.174902244692027531e-01
5.045045045045044674e+01 4.186067610510196824e-01
5.225225225225224079e+01 4.195328123099872353e-01
5.405405405405404906e+01 4.202672253964610527e-01
5.585585585585584312e+01 4.208090970115957452e-01
5.765765765765765138e+01 4.211577666926124563e-01
5.945945945945945965e+01 4.213128120973091972e-01
6.126126126126126081e+01 4.212740460722469438e-01
6.306306306306305487e+01 4.210415153740342808e-01
6.486486486486485603e+01 4.206155009876174633e-01
6.666666666666665719e+01 4.199965200555020872e-01
6.846846846846847257e+01 4.191853295029089321e-01
7.027027027027025952e+01 4.181829315218272280e-01
7.207207207207206068e+01 4.169905811680272856e-01
7.387387387387387605e+01 4.156097964373606235e-01
7.567567567567567721e+01 4.140423713313681198e-01
7.747747747747747837e+01 4.122903926113229978e-01
7.927927927927926532e+01 4.103562611942558891e-01
8.108108108108108070e+01 4.082427194924365121e-01
8.288288288288286765e+01 4.059528864809561766e-01
8.468468468468468302e+01 4.034903029580323985e-01
8.648648648648648418e+01 4.008589904327070075e-01
8.828828828828828534e+01 3.980635284769787896e-01
9.009009009009007229e+01 3.951091574351300872e-01
9.189189189189188767e+01 3.920019164391945199e-01
9.369369369369368883e+01 3.887488312897591780e-01
9.549549549549548999e+01 3.853581738184849170e-01
9.729729729729727694e+01 3.818398253090667938e-01
9.909909909909909231e+01 3.782057938071914927e-01
1.009009009009008935e+02 3.744709626196344732e-01
1.027027027027027088e+02 3.706541913300412938e-01
1.045045045045044816e+02 3.667799610458566950e-01
1.063063063063062970e+02 3.628808657164218632e-01
1.081081081081080981e+02 3.590014128109960123e-01
1.099099099099099135e+02 3.552037921431415723e-01
1.117117117117116862e+02 3.515763561038157126e-01
1.135135135135135016e+02 3.482449601189454014e-01
1.153153153153153028e+02 3.453844184891363689e-01
1.171171171171171039e+02 3.432192788816021412e-01
1.189189189189189193e+02 3.419911063334372670e-01
1.207207207207207063e+02 3.418757353657226883e-01
1.225225225225225216e+02 3.428914416936034160e-01
1.243243243243243228e+02 3.448878961130642518e-01
1.261261261261261097e+02 3.476286441411334249e-01
1.279279279279279251e+02 3.508815643034317588e-01
1.297297297297297121e+02 3.544612824643303406e-01
1.315315315315315274e+02 3.582329557336788595e-01
1.333333333333333144e+02 3.621017130686882135e-01
1.351351351351351298e+02 3.660009082040028283e-01
1.369369369369369451e+02 3.698830352580846359e-01
1.387387387387387321e+02 3.737134739015043339e-01
1.405405405405405190e+02 3.774663537882890774e-01
1.423423423423423344e+02 3.811218445155800660e-01
1.441441441441441214e+02 3.846643696969646586e-01
1.459459459459459367e+02 3.880814152959388141e-01
1.477477477477477521e+02 3.913627221268664580e-01
1.495495495495495391e+02 3.944997296111077967e-01
1.513513513513513544e+02 3.974851862650131129e-01
1.531531531531531414e+02 4.003128725740275340e-01
1.549549549549549567e+02 4.029774008276360009e-01
1.567567567567567437e+02 4.054740684789835403e-01
1.585585585585585306e+02 4.077987492909628253e-01
1.603603603603603460e+02 4.099478115446910098e-01
1.621621621621621614e+02 4.119180559005245490e-01
1.639639639639639768e+02 4.137066677245767599e-01
1.657657657657657353e+02 4.153111802059061275e-01
1.675675675675675507e+02 4.167294456326216534e-01
1.693693693693693660e+02 4.179596129244931291e-01
1.711711711711711530e+02 4.190001100363535125e-01
1.729729729729729684e+02 4.198496302177919803e-01
1.747747747747747837e+02 4.205071213850862244e-01
1.765765765765765707e+02 4.209717780617036054e-01
1.783783783783783861e+02 4.212430354952191869e-01
1.801801801801801446e+02 4.213205656760918849e-01
1.819819819819819600e+02 4.212042750784181222e-01
1.837837837837837753e+02 4.208943040227938193e-01
1.855855855855855623e+02 4.203910276334062446e-01
1.873873873873873777e+02 4.196950584312833521e-01
1.891891891891891930e+02 4.188072506787219873e-01
1.909909909909909800e+02 4.177287066723158748e-01
1.927927927927927954e+02 4.164607852805207178e-01
1.945945945945945539e+02 4.150051131450771535e-01
1.963963963963963693e+02 4.133635991255685815e-01
1.981981981981981846e+02 4.115384527788192304e-01
1.999999999999999716e+02 4.095322079526406700e-01
2.018018018018017870e+02 4.073477529695554433e-01
2.036036036036036023e+02 4.049883694291329106e-01
2.054054054054054177e+02 4.024577824401709414e-01
2.072072072072072046e+02 3.997602262162400777e-01
2.090090090090089632e+02 3.969005305995857436e-01
2.108108108108107785e+02 3.938842364832988441e-01
2.126126126126125939e+02 3.907177516978097565e-01
2.144144144144143809e+02 3.874085643843231397e-01
2.162162162162161962e+02 3.839655392796098021e-01
2.180180180180180116e+02 3.803993354579686681e-01
2.198198198198198270e+02 3.767230048332442793e-01
2.216216216216216139e+02 3.729528638838919830e-01
2.234234234234233725e+02 3.691097842372440541e-01
2.252252252252251878e+02 3.652211322922977454e-01
2.270270270270270032e+02 3.613237179170353253e-01
2.288288288288288186e+02 3.574682930291019911e-01
2.306306306306306055e+02 3.537263231973273858e-01
2.324324324324324209e+02 3.501996777339154154e-01
2.342342342342342079e+02 3.470326488386697439e-01
2.360360360360360232e+02 3.444211058392302460e-01
2.378378378378378386e+02 3.426031088736758989e-01
2.396396396396396256e+02 3.418061963266806891e-01
2.414414414414414125e+02 3.421515348198323481e-01
2.432432432432432279e+02 3.435847951495496488e-01
2.450450450450450433e+02 3.459086770084388029e-01
2.468468468468468018e+02 3.488799372600966953e-01
2.486486486486486456e+02 3.522828293553612045e-01
2.504504504504504609e+02 3.559529897599891801e-01
2.522522522522522195e+02 3.597730608211322512e-01
2.540540540540540349e+02 3.636607486457625327e-01
2.558558558558558502e+02 3.675579819829454253e-01
2.576576576576576372e+02 3.714230236198086121e-01
2.594594594594594241e+02 3.752251560912417405e-01
2.612612612612612679e+02 3.789411893372035545e-01
2.630630630630630549e+02 3.825531697263340192e-01
2.648648648648648418e+02 3.860468635876367904e-01
2.666666666666666288e+02 3.894107393036792542e-01
2.684684684684684726e+02 3.926352730409168323e-01
2.702702702702702595e+02 3.957124673331305353e-01
2.720720720720720465e+02 3.986355117899829659e-01
2.738738738738738903e+02 4.013985402143121495e-01
2.756756756756756204e+02 4.039964541530425279e-01
2.774774774774774642e+02 4.064247929318617891e-01
2.792792792792793080e+02 4.086796366973550199e-01
2.810810810810810381e+02 4.107575332316713013e-01
2.828828828828828250e+02 4.126554421246758642e-01
2.846846846846846688e+02 4.143706917907772902e-01
2.864864864864864558e+02 4.159009461189099310e-01
2.882882882882882427e+02 4.172441784466815462e-01
2.900900900900900865e+02 4.183986511840954159e-01
2.918918918918918735e+02 4.193628998641995564e-01
2.936936936936936604e+02 4.201357207244250658e-01
2.954954954954955042e+02 4.207161611617966090e-01
2.972972972972972912e+02 4.211035125838436532e-01
2.990990990990990781e+02 4.212973053134950741e-01
3.009009009009008651e+02 4.212973053134947965e-01
3.027027027027027088e+02 4.211035125838433757e-01
3.045045045045044958e+02 4.207161611617963315e-01
3.063063063063062827e+02 4.201357207244253988e-01
3.081081081081081265e+02 4.193628998641995564e-01
3.099099099099099135e+02 4.183986511840958600e-01
3.117117117117116436e+02 4.172441784466809911e-01
3.135135135135134874e+02 4.159009461189097645e-01
3.153153153153152743e+02 4.143706917907765130e-01
3.171171171171170613e+02 4.126554421246757531e-01
3.189189189189189051e+02 4.107575332316717454e-01
3.207207207207206920e+02 4.086796366973554639e-01
3.225225225225224790e+02 4.064247929318619001e-01
3.243243243243243228e+02 4.039964541530432496e-01
3.261261261261260529e+02 4.013985402143124270e-01
3.279279279279279535e+02 3.986355117899826883e-01
3.297297297297296836e+02 3.957124673331307019e-01
3.315315315315314706e+02 3.926352730409171654e-01
3.333333333333333144e+02 3.894107393036792542e-01
3.351351351351351013e+02 3.860468635876370680e-01
3.369369369369368883e+02 3.825531697263340192e-01
3.387387387387387321e+02 3.789411893372041651e-01
3.405405405405405190e+02 3.752251560912423511e-01
3.423423423423423060e+02 3.714230236198088897e-01
3.441441441441441498e+02 3.675579819829455919e-01
3.459459459459459367e+02 3.636607486457628102e-01
3.477477477477477237e+02 3.597730608211328618e-01
3.495495495495495675e+02 3.559529897599899018e-01
3.513513513513513544e+02 3.522828293553612045e-01
3.531531531531531414e+02 3.488799372600974169e-01
3.549549549549548715e+02 3.459086770084389695e-01
3.567567567567567721e+02 3.435847951495497599e-01
3.585585585585585022e+02 3.421515348198326256e-01
3.603603603603602892e+02 3.418061963266811332e-01
3.621621621621621330e+02 3.426031088736760100e-01
3.639639639639639199e+02 3.444211058392302460e-01
3.657657657657657069e+02 3.470326488386699104e-01
3.675675675675675507e+02 3.501996777339154154e-01
3.693693693693693376e+02 3.537263231973272748e-01
3.711711711711711246e+02 3.574682930291017136e-01
3.729729729729729684e+02 3.613237179170348812e-01
3.747747747747747553e+02 3.652211322922973014e-01
3.765765765765765423e+02 3.691097842372434434e-01
3.783783783783783861e+02 3.729528638838912613e-01
3.801801801801801730e+02 3.767230048332436687e-01
3.819819819819819600e+02 3.803993354579682240e-01
3.837837837837837469e+02 3.839655392796092470e-01
3.855855855855855907e+02 3.874085643843226956e-01
3.873873873873873777e+02 3.907177516978087017e-01
3.891891891891891078e+02 3.938842364832986775e-01
3.909909909909909516e+02 3.969005305995844113e-01
3.927927927927927385e+02 3.997602262162393560e-01
3.945945945945945255e+02 4.024577824401706638e-01
3.963963963963963693e+02 4.049883694291323555e-01
3.981981981981981562e+02 4.073477529695549992e-01
3.999999999999999432e+02 4.095322079526403924e-01
4.018018018018017870e+02 4.115384527788183422e-01
4.036036036036035739e+02 4.133635991255684150e-01
4.054054054054053609e+02 4.150051131450768760e-01
4.072072072072072046e+02 4.164607852805199406e-01
4.090090090090089916e+02 4.177287066723145426e-01
4.108108108108108354e+02 4.188072506787208216e-01
4.126126126126125655e+02 4.196950584312829635e-01
4.144144144144144093e+02 4.203910276334054119e-01
4.162162162162162531e+02 4.208943040227924870e-01
4.180180180180179264e+02 4.212042750784166234e-01
4.198198198198198270e+02 4.213205656760914408e-01
4.216216216216215571e+02 4.212430354952186318e-01
4.234234234234233440e+02 4.209717780617033278e-01
4.252252252252251878e+02 4.205071213850846146e-01
4.270270270270269748e+02 4.198496302177909256e-01
4.288288288288287617e+02 4.190001100363522357e-01
4.306306306306306055e+02 4.179596129244922964e-01
4.324324324324323925e+02 4.167294456326209318e-01
4.342342342342342363e+02 4.153111802059052948e-01
4.360360360360360232e+02 4.137066677245772039e-01
4.378378378378378102e+02 4.119180559005239384e-01
4.396396396396396540e+02 4.099478115446910098e-01
4.414414414414413841e+02 4.077987492909623812e-01
4.432432432432432279e+02 4.054740684789832628e-01
4.450450450450450148e+02 4.029774008276351127e-01
4.468468468468467449e+02 4.003128725740264793e-01
4.486486486486486456e+02 3.974851862650128353e-01
4.504504504504503757e+02 3.944997296111079632e-01
4.522522522522522763e+02 3.913627221268655698e-01
4.540540540540540064e+02 3.880814152959385366e-01
4.558558558558557934e+02 3.846643696969639370e-01
4.576576576576576372e+02 3.811218445155796775e-01
4.594594594594594241e+02 3.774663537882887998e-01
4.612612612612612111e+02 3.737134739015043339e-01
4.630630630630630549e+02 3.698830352580836367e-01
4.648648648648648418e+02 3.660009082040023842e-01
4.666666666666666856e+02 3.621017130686873253e-01
4.684684684684684157e+02 3.582329557336790260e-01
4.702702702702702027e+02 3.544612824643305071e-01
4.720720720720720465e+02 3.508815643034316478e-01
4.738738738738738334e+02 3.476286441411330919e-01
4.756756756756756772e+02 3.448878961130639742e-01
4.774774774774775210e+02 3.428914416936033049e-01
4.792792792792792511e+02 3.418757353657227993e-01
4.810810810810809812e+02 3.419911063334372670e-01
4.828828828828828250e+02 3.432192788816025852e-01
4.846846846846846120e+02 3.453844184891366464e-01
4.864864864864864558e+02 3.482449601189452348e-01
4.882882882882882427e+02 3.515763561038158236e-01
4.900900900900900865e+02 3.552037921431420164e-01
4.918918918918918166e+02 3.590014128109961233e-01
4.936936936936936036e+02 3.628808657164217522e-01
4.954954954954954474e+02 3.667799610458568060e-01
4.972972972972972912e+02 3.706541913300414048e-01
4.990990990990990781e+02 3.744709626196346397e-01
5.009009009009009219e+02 3.782057938071922143e-01
5.027027027027026520e+02 3.818398253090672378e-01
5.045045045045044390e+02 3.853581738184856942e-01
5.063063063063062827e+02 3.887488312897590115e-01
5.081081081081080697e+02 3.920019164391945199e-01
5.099099099099099135e+02 3.951091574351304758e-01
5.117117117117117004e+02 3.980635284769795113e-01
5.135135135135135442e+02 4.008589904327070075e-01
5.153153153153152743e+02 4.034903029580326761e-01
5.171171171171171181e+02 4.059528864809561766e-01
5.189189189189188482e+02 4.082427194924371228e-01
5.207207207207206920e+02 4.103562611942558891e-01
5.225225225225225358e+02 4.122903926113237194e-01
5.243243243243243796e+02 4.140423713313685639e-01
5.261261261261261097e+02 4.156097964373610676e-01
5.279279279279278398e+02 4.169905811680270080e-01
5.297297297297296836e+02 4.181829315218287269e-01
5.315315315315314137e+02 4.191853295029095428e-01
5.333333333333332575e+02 4.199965200555023648e-01
5.351351351351351013e+02 4.206155009876181849e-01
5.369369369369369451e+02 4.210415153740348360e-01
5.387387387387386752e+02 4.212740460722485536e-01
5.405405405405405190e+02 4.213128120973099189e-01
5.423423423423422491e+02 4.211577666926129004e-01
5.441441441441440929e+02 4.208090970115963558e-01
5.459459459459459367e+02 4.202672253964619409e-01
5.477477477477477805e+02 4.195328123099871243e-01
5.495495495495495106e+02 4.186067610510201265e-01
5.513513513513512407e+02 4.174902244692037523e-01
5.531531531531530845e+02 4.161846139972616987e-01
5.549549549549549283e+02 4.146916114487886884e-01
5.567567567567567721e+02 4.130131841984865382e-01
5.585585585585586159e+02 4.111516045872063430e-01
5.603603603603603460e+02 4.091094747005820098e-01
5.621621621621620761e+02 4.068897580930079250e-01
5.639639639639639199e+02 4.044958206208876805e-01
5.657657657657656500e+02 4.019314833892668748e-01
5.675675675675674938e+02 3.992010920241173544e-01
5.693693693693693376e+02 3.963096082437075895e-01
5.711711711711711814e+02 3.932627323058955349e-01
5.729729729729729115e+02 3.900670688124821539e-01
5.747747747747747553e+02 3.867303542933784311e-01
5.765765765765764854e+02 3.832617741684440915e-01
5.783783783783783292e+02 3.796724110530223517e-01
5.801801801801801730e+02 3.759758891542606118e-01
5.819819819819820168e+02 3.721893159488247060e-01
5.837837837837837469e+02 3.683346807454449534e-01
5.855855855855854770e+02 3.644409622253725889e-01
5.873873873873873208e+02 3.605473373518559010e-01
5.891891891891890509e+02 3.567080724830196115e-01
5.909909909909910084e+02 3.529998406727016258e-01
5.927927927927927385e+02 3.495320039936041234e-01
5.945945945945945823e+02 3.464587185799154478e-01
5.963963963963964261e+02 3.439860664492601083e-01
5.981981981981981562e+02 3.423559689232471004e-01
5.999999999999998863e+02 3.417829634158933150e-01
6.018018018018017301e+02 3.423559689232468228e-01
6.036036036036035739e+02 3.439860664492593867e-01
6.054054054054054177e+02 3.464587185799152813e-01
6.072072072072071478e+02 3.495320039936034018e-01
6.090090090090089916e+02 3.529998406727011817e-01
6.108108108108107217e+02 3.567080724830185567e-01
6.126126126126125655e+02 3.605473373518553459e-01
6.144144144144144093e+02 3.644409622253718672e-01
6.162162162162162531e+02 3.683346807454440652e-01
6.180180180180179832e+02 3.721893159488242619e-01
6.198198198198198270e+02 3.759758891542594461e-01
6.216216216216215571e+02 3.796724110530210750e-01
6.234234234234232872e+02 3.832617741684427592e-01
6.252252252252251310e+02 3.867303542933773763e-01
6.270270270270269748e+02 3.900670688124813212e-01
6.288288288288288186e+02 3.932627323058948132e-01
6.306306306306305487e+02 3.963096082437070344e-01
6.324324324324323925e+02 3.992010920241167438e-01
6.342342342342341226e+02 4.019314833892664307e-01
6.360360360360359664e+02 4.044958206208867924e-01
6.378378378378378102e+02 4.068897580930067592e-01
6.396396396396396540e+02 4.091094747005812882e-01
6.414414414414413841e+02 4.111516045872053438e-01
6.432432432432432279e+02 4.130131841984856500e-01
6.450450450450449580e+02 4.146916114487880778e-01
6.468468468468466881e+02 4.161846139972610881e-01
6.486486486486486456e+02 4.174902244692030306e-01
6.504504504504503757e+02 4.186067610510193493e-01
6.522522522522521058e+02 4.195328123099866802e-01
6.540540540540540633e+02 4.202672253964609417e-01
6.558558558558559071e+02 4.208090970115954677e-01
6.576576576576576372e+02 4.211577666926120123e-01
6.594594594594593673e+02 4.213128120973096413e-01
6.612612612612612111e+02 4.212740460722472213e-01
6.630630630630629412e+02 4.210415153740341143e-01
6.648648648648648987e+02 4.206155009876176298e-01
6.666666666666666288e+02 4.199965200555025313e-01
6.684684684684683589e+02 4.191853295029089321e-01
6.702702702702702027e+02 4.181829315218281162e-01
6.720720720720720465e+02 4.169905811680274521e-01
6.738738738738737766e+02 4.156097964373607345e-01
6.756756756756757341e+02 4.140423713313681198e-01
6.774774774774774642e+02 4.122903926113232753e-01
6.792792792792793080e+02 4.103562611942561666e-01
6.810810810810810381e+02 4.082427194924371228e-01
6.828828828828828819e+02 4.059528864809561766e-01
6.846846846846846120e+02 4.034903029580328426e-01
6.864864864864863421e+02 4.008589904327071740e-01
6.882882882882882996e+02 3.980635284769792337e-01
6.900900900900900297e+02 3.951091574351303648e-01
6.918918918918918735e+02 3.920019164391945199e-01
6.936936936936936036e+02 3.887488312897596221e-01
6.954954954954954474e+02 3.853581738184856942e-01
6.972972972972971775e+02 3.818398253090674044e-01
6.990990990990991349e+02 3.782057938071917702e-01
7.009009009009008651e+02 3.744709626196350838e-01
7.027027027027027088e+02 3.706541913300415714e-01
7.045045045045044390e+02 3.667799610458574167e-01
7.063063063063062827e+02 3.628808657164224738e-01
7.081081081081080129e+02 3.590014128109965674e-01
7.099099099099097430e+02 3.552037921431418499e-01
7.117117117117117004e+02 3.515763561038158236e-01
7.135135135135135442e+02 3.482449601189451238e-01
7.153153153153152743e+02 3.453844184891370905e-01
7.171171171171170045e+02 3.432192788816026963e-01
7.189189189189188482e+02 3.419911063334376000e-01
7.207207207207205784e+02 3.418757353657226883e-01
7.225225225225225358e+02 3.428914416936031384e-01
7.243243243243242659e+02 3.448878961130642518e-01
7.261261261261261097e+02 3.476286441411330919e-01
7.279279279279278398e+02 3.508815643034317588e-01
7.297297297297296836e+02 3.544612824643302296e-01
7.315315315315314137e+02 3.582329557336786929e-01
7.333333333333333712e+02 3.621017130686877694e-01
7.351351351351351013e+02 3.660009082040032724e-01
7.369369369369369451e+02 3.698830352580834702e-01
7.387387387387386752e+02 3.737134739015043339e-01
7.405405405405405190e+02 3.774663537882889663e-01
7.423423423423422491e+02 3.811218445155793444e-01
7.441441441441439792e+02 3.846643696969641035e-01
7.459459459459459367e+02 3.880814152959383700e-01
7.477477477477477805e+02 3.913627221268657363e-01
7.495495495495495106e+02 3.944997296111076857e-01
7.513513513513512407e+02 3.974851862650128353e-01
7.531531531531530845e+02 4.003128725740269234e-01
7.549549549549548146e+02 4.029774008276355568e-01
7.567567567567567721e+02 4.054740684789826521e-01
7.585585585585585022e+02 4.077987492909628253e-01
7.603603603603603460e+02 4.099478115446910098e-01
7.621621621621620761e+02 4.119180559005236608e-01
7.639639639639639199e+02 4.137066677245762047e-01
7.657657657657656500e+02 4.153111802059054058e-01
7.675675675675674938e+02 4.167294456326210983e-01
7.693693693693693376e+02 4.179596129244920188e-01
7.711711711711711814e+02 4.190001100363525133e-01
7.729729729729729115e+02 4.198496302177916473e-01
7.747747747747747553e+02 4.205071213850853362e-01
7.765765765765764854e+02 4.209717780617026062e-01
7.783783783783782155e+02 4.212430354952184652e-01
7.801801801801801730e+02 4.213205656760911633e-01
7.819819819819819031e+02 4.212042750784174006e-01
7.837837837837837469e+02 4.208943040227920429e-01
7.855855855855854770e+02 4.203910276334054119e-01
7.873873873873873208e+02 4.196950584312826305e-01
7.891891891891890509e+02 4.188072506787206550e-01
7.909909909909908947e+02 4.177287066723148201e-01
7.927927927927927385e+02 4.164607852805202737e-01
7.945945945945945823e+02 4.150051131450765984e-01
7.963963963963963124e+02 4.133635991255681374e-01
7.981981981981982699e+02 4.115384527788181757e-01
7.999999999999998863e+02 4.095322079526410031e-01
8.018018018018016164e+02 4.073477529695549992e-01
8.036036036036035739e+02 4.049883694291321889e-01
8.054054054054054177e+02 4.024577824401703308e-01
8.072072072072071478e+02 3.997602262162396336e-01
8.090090090090088779e+02 3.969005305995844113e-01
8.108108108108107217e+02 3.938842364832989551e-01
8.126126126126124518e+02 3.907177516978091458e-01
8.144144144144144093e+02 3.874085643843226956e-01
8.162162162162161394e+02 3.839655392796095246e-01
8.180180180180179832e+02 3.803993354579677799e-01
8.198198198198197133e+02 3.767230048332441128e-01
8.216216216216216708e+02 3.729528638838911503e-01
8.234234234234232872e+02 3.691097842372437765e-01
8.252252252252251310e+02 3.652211322922973014e-01
8.270270270270269748e+02 3.613237179170351587e-01
8.288288288288288186e+02 3.574682930291017136e-01
8.306306306306305487e+02 3.537263231973271083e-01
8.324324324324325062e+02 3.501996777339146938e-01
8.342342342342341226e+02 3.470326488386694663e-01
8.360360360360358527e+02 3.444211058392306901e-01
8.378378378378378102e+02 3.426031088736758989e-01
8.396396396396396540e+02 3.418061963266812442e-01
8.414414414414413841e+02 3.421515348198326256e-01
8.432432432432431142e+02 3.435847951495499264e-01
8.450450450450450717e+02 3.459086770084389695e-01
8.468468468468466881e+02 3.488799372600972504e-01
8.486486486486485319e+02 3.522828293553615375e-01
8.504504504504503757e+02 3.559529897599895132e-01
8.522522522522522195e+02 3.597730608211329728e-01
8.540540540540539496e+02 3.636607486457629212e-01
8.558558558558559071e+02 3.675579819829458694e-01
8.576576576576575235e+02 3.714230236198088897e-01
8.594594594594593673e+02 3.752251560912421846e-01
8.612612612612612111e+02 3.789411893372039986e-01
8.630630630630630549e+02 3.825531697263346298e-01
8.648648648648647850e+02 3.860468635876376786e-01
8.666666666666666288e+02 3.894107393036796982e-01
8.684684684684684726e+02 3.926352730409172764e-01
8.702702702702700890e+02 3.957124673331317011e-01
8.720720720720720465e+02 3.986355117899835765e-01
8.738738738738737766e+02 4.013985402143127046e-01
8.756756756756756204e+02 4.039964541530444153e-01
8.774774774774773505e+02 4.064247929318626773e-01
8.792792792792793080e+02 4.086796366973554639e-01
8.810810810810810381e+02 4.107575332316718564e-01
8.828828828828827682e+02 4.126554421246765858e-01
8.846846846846846120e+02 4.143706917907780118e-01
8.864864864864864558e+02 4.159009461189104861e-01
8.882882882882881859e+02 4.172441784466817127e-01
8.900900900900900297e+02 4.183986511840964706e-01
8.918918918918918735e+02 4.193628998641998895e-01
8.936936936936934899e+02 4.201357207244253988e-01
8.954954954954954474e+02 4.207161611617973307e-01
8.972972972972972912e+02 4.211035125838445414e-01
8.990990990990990213e+02 4.212973053134956292e-01
9.009009009009007514e+02 4.212973053134962398e-01
9.027027027027027088e+02 4.211035125838445414e-01
9.045045045045045526e+02 4.207161611617971642e-01
9.063063063063061691e+02 4.201357207244263980e-01
9.081081081081080129e+02 4.193628998641992789e-01
9.099099099099098567e+02 4.183986511840964706e-01
9.117117117117115868e+02 4.172441784466818238e-01
9.135135135135135442e+02 4.159009461189107637e-01
9.153153153153152743e+02 4.143706917907772902e-01
9.171171171171171181e+02 4.126554421246763082e-01
9.189189189189188482e+02 4.107575332316720229e-01
9.207207207207208057e+02 4.086796366973561856e-01
9.225225225225224222e+02 4.064247929318623442e-01
9.243243243243242659e+02 4.039964541530438602e-01
9.261261261261261097e+02 4.013985402143127046e-01
9.279279279279277262e+02 3.986355117899834100e-01
9.297297297297296836e+02 3.957124673331310905e-01
9.315315315315315274e+02 3.926352730409175540e-01
9.333333333333333712e+02 3.894107393036798093e-01
9.351351351351349876e+02 3.860468635876373455e-01
9.369369369369368314e+02 3.825531697263349074e-01
9.387387387387387889e+02 3.789411893372039986e-01
9.405405405405404053e+02 3.752251560912423511e-01
9.423423423423422491e+02 3.714230236198090562e-01
9.441441441441440929e+02 3.675579819829458694e-01
9.459459459459460504e+02 3.636607486457630878e-01
9.477477477477476668e+02 3.597730608211334169e-01
9.495495495495493969e+02 3.559529897599899018e-01
9.513513513513513544e+02 3.522828293553616485e-01
9.531531531531530845e+02 3.488799372600972504e-01
9.549549549549550420e+02 3.459086770084391360e-01
9.567567567567566584e+02 3.435847951495497599e-01
9.585585585585585022e+02 3.421515348198324591e-01
9.603603603603603460e+02 3.418061963266806891e-01
9.621621621621619624e+02 3.426031088736755659e-01
9.639639639639639199e+02 3.444211058392306901e-01
9.657657657657656500e+02 3.470326488386694663e-01
9.675675675675676075e+02 3.501996777339149713e-01
9.693693693693692239e+02 3.537263231973268307e-01
9.711711711711710677e+02 3.574682930291008254e-01
9.729729729729729115e+02 3.613237179170344371e-01
9.747747747747746416e+02 3.652211322922964687e-01
9.765765765765764854e+02 3.691097842372433324e-01
9.783783783783783292e+02 3.729528638838911503e-01
9.801801801801801730e+02 3.767230048332436687e-01
9.819819819819819031e+02 3.803993354579676134e-01
9.837837837837836332e+02 3.839655392796089139e-01
9.855855855855855907e+02 3.874085643843222515e-01
9.873873873873872071e+02 3.907177516978084242e-01
9.891891891891891646e+02 3.938842364832984000e-01
9.909909909909908947e+02 3.969005305995845778e-01
9.927927927927928522e+02 3.997602262162394671e-01
9.945945945945945823e+02 4.024577824401704973e-01
9.963963963963961987e+02 4.049883694291321889e-01
9.981981981981981562e+02 4.073477529695548882e-01
9.999999999999998863e+02 4.095322079526401149e-01
1.001801801801801844e+03 4.115384527788185087e-01
1.003603603603603460e+03 4.133635991255681374e-01
1.005405405405405304e+03 4.150051131450762654e-01
1.007207207207207148e+03 4.164607852805199406e-01
1.009009009009008878e+03 4.177287066723149866e-01
1.010810810810810722e+03 4.188072506787208216e-01
1.012612612612612565e+03 4.196950584312829635e-01
1.014414414414414409e+03 4.203910276334058005e-01
1.016216216216216139e+03 4.208943040227926535e-01
1.018018018018017870e+03 4.212042750784172340e-01
1.019819819819819827e+03 4.213205656760909967e-01
1.021621621621621443e+03 4.212430354952187983e-01
1.023423423423423401e+03 4.209717780617026062e-01
1.025225225225225131e+03 4.205071213850853362e-01
1.027027027027027088e+03 4.198496302177912032e-01
1.028828828828828819e+03 4.190001100363526243e-01
1.030630630630630549e+03 4.179596129244922964e-01
1.032432432432432279e+03 4.167294456326207652e-01
1.034234234234234236e+03 4.153111802059051283e-01
1.036036036036036194e+03 4.137066677245767599e-01
1.037837837837837696e+03 4.119180559005242159e-01
1.039639639639639654e+03 4.099478115446905657e-01
1.041441441441441384e+03 4.077987492909628253e-01
1.043243243243243114e+03 4.054740684789838179e-01
1.045045045045045072e+03 4.029774008276355568e-01
1.046846846846846802e+03 4.003128725740269234e-01
1.048648648648648759e+03 3.974851862650129464e-01
1.050450450450450262e+03 3.944997296111080742e-01
1.052252252252252219e+03 3.913627221268660139e-01
1.054054054054053950e+03 3.880814152959388141e-01
1.055855855855855680e+03 3.846643696969648252e-01
1.057657657657657637e+03 3.811218445155797885e-01
1.059459459459459367e+03 3.774663537882892439e-01
1.061261261261261325e+03 3.737134739015047780e-01
1.063063063063062827e+03 3.698830352580840253e-01
1.064864864864864785e+03 3.660009082040034389e-01
1.066666666666666515e+03 3.621017130686880470e-01
1.068468468468468473e+03 3.582329557336790260e-01
1.070270270270270203e+03 3.544612824643303406e-01
1.072072072072071933e+03 3.508815643034323695e-01
1.073873873873873890e+03 3.476286441411334249e-01
1.075675675675675620e+03 3.448878961130645848e-01
1.077477477477477350e+03 3.428914416936033049e-01
1.079279279279279308e+03 3.418757353657227993e-01
1.081081081081081038e+03 3.419911063334376000e-01
1.082882882882882996e+03 3.432192788816024187e-01
1.084684684684684498e+03 3.453844184891368130e-01
1.086486486486486456e+03 3.482449601189452348e-01
1.088288288288288186e+03 3.515763561038157126e-01
1.090090090090089916e+03 3.552037921431415723e-01
1.091891891891891873e+03 3.590014128109962899e-01
1.093693693693693604e+03 3.628808657164215856e-01
1.095495495495495561e+03 3.667799610458568060e-01
1.097297297297297064e+03 3.706541913300414048e-01
1.099099099099099021e+03 3.744709626196349173e-01
1.100900900900900751e+03 3.782057938071914927e-01
1.102702702702702481e+03 3.818398253090669603e-01
1.104504504504504439e+03 3.853581738184855277e-01
1.106306306306306169e+03 3.887488312897588449e-01
1.108108108108108127e+03 3.920019164391945199e-01
1.109909909909909857e+03 3.951091574351301983e-01
1.111711711711711814e+03 3.980635284769793447e-01
1.113513513513513544e+03 4.008589904327072850e-01
1.115315315315315274e+03 4.034903029580323985e-01
1.117117117117117232e+03 4.059528864809555659e-01
1.118918918918918735e+03 4.082427194924371228e-01
1.120720720720720692e+03 4.103562611942556115e-01
1.122522522522522422e+03 4.122903926113232753e-01
1.124324324324324152e+03 4.140423713313675647e-01
1.126126126126126110e+03 4.156097964373607345e-01
1.127927927927927840e+03 4.169905811680267305e-01
1.129729729729729797e+03 4.181829315218275611e-01
1.131531531531531300e+03 4.191853295029089321e-01
1.133333333333333258e+03 4.199965200555018097e-01
1.135135135135134988e+03 4.206155009876172968e-01
1.136936936936936718e+03 4.210415153740340033e-01
1.138738738738738675e+03 4.212740460722469438e-01
1.140540540540540405e+03 4.213128120973089197e-01
1.142342342342342363e+03 4.211577666926123453e-01
1.144144144144143866e+03 4.208090970115951901e-01
1.145945945945945823e+03 4.202672253964609417e-01
1.147747747747747781e+03 4.195328123099868467e-01
1.149549549549549511e+03 4.186067610510195158e-01
1.151351351351351468e+03 4.174902244692027531e-01
1.153153153153152971e+03 4.161846139972610881e-01
1.154954954954954928e+03 4.146916114487884109e-01
1.156756756756756658e+03 4.130131841984860941e-01
1.158558558558558616e+03 4.111516045872051772e-01
1.160360360360360346e+03 4.091094747005812882e-01
1.162162162162162076e+03 4.068897580930074809e-01
1.163963963963964034e+03 4.044958206208871254e-01
1.165765765765765536e+03 4.019314833892663197e-01
1.167567567567567494e+03 3.992010920241169103e-01
1.169369369369369224e+03 3.963096082437074230e-01
1.171171171171170954e+03 3.932627323058952018e-01
1.172972972972972912e+03 3.900670688124814323e-01
1.174774774774774642e+03 3.867303542933782645e-01
1.176576576576576599e+03 3.832617741684427592e-01
1.178378378378378102e+03 3.796724110530215190e-01
1.180180180180180059e+03 3.759758891542593351e-01
1.181981981981982017e+03 3.721893159488243730e-01
1.183783783783783520e+03 3.683346807454442318e-01
1.185585585585585477e+03 3.644409622253718672e-01
1.187387387387387207e+03 3.605473373518559010e-01
1.189189189189189165e+03 3.567080724830196115e-01
1.190990990990990895e+03 3.529998406727014593e-01
1.192792792792792852e+03 3.495320039936040124e-01
1.194594594594594582e+03 3.464587185799152813e-01
1.196396396396396312e+03 3.439860664492594977e-01
1.198198198198198270e+03 3.423559689232471004e-01
1.199999999999999773e+03 3.417829634158931484e-01
1.201801801801801730e+03 3.423559689232474335e-01
1.203603603603603460e+03 3.439860664492598308e-01
1.205405405405405418e+03 3.464587185799156144e-01
1.207207207207207148e+03 3.495320039936041234e-01
1.209009009009008878e+03 3.529998406727004601e-01
1.210810810810810835e+03 3.567080724830196115e-01
1.212612612612612338e+03 3.605473373518557345e-01
1.214414414414414296e+03 3.644409622253721448e-01
1.216216216216216026e+03 3.683346807454433436e-01
1.218018018018017983e+03 3.721893159488250946e-01
1.219819819819819713e+03 3.759758891542598902e-01
1.221621621621621443e+03 3.796724110530213525e-01
1.223423423423423401e+03 3.832617741684437584e-01
1.225225225225225131e+03 3.867303542933770988e-01
1.227027027027026861e+03 3.900670688124823204e-01
1.228828828828828819e+03 3.932627323058950908e-01
1.230630630630630549e+03 3.963096082437080336e-01
1.232432432432432506e+03 3.992010920241169103e-01
1.234234234234234009e+03 4.019314833892664307e-01
1.236036036036035966e+03 4.044958206208879581e-01
1.237837837837837696e+03 4.068897580930076474e-01
1.239639639639639654e+03 4.091094747005813992e-01
1.241441441441441384e+03 4.111516045872054548e-01
1.243243243243243114e+03 4.130131841984859276e-01
1.245045045045045072e+03 4.146916114487886884e-01
1.246846846846846574e+03 4.161846139972612546e-01
1.248648648648648532e+03 4.174902244692040298e-01
1.250450450450450262e+03 4.186067610510202375e-01
1.252252252252252219e+03 4.195328123099876794e-01
1.254054054054053950e+03 4.202672253964612192e-01
1.255855855855855680e+03 4.208090970115961893e-01
1.257657657657657637e+03 4.211577666926130670e-01
1.259459459459459367e+03 4.213128120973100299e-01
1.261261261261261097e+03 4.212740460722478320e-01
1.263063063063063055e+03 4.210415153740352801e-01
1.264864864864864785e+03 4.206155009876179074e-01
1.266666666666666515e+03 4.199965200555028089e-01
1.268468468468468245e+03 4.191853295029096538e-01
1.270270270270270203e+03 4.181829315218285603e-01
1.272072072072071933e+03 4.169905811680280072e-01
1.273873873873873890e+03 4.156097964373616227e-01
1.275675675675675620e+03 4.140423713313688414e-01
1.277477477477477350e+03 4.122903926113234419e-01
1.279279279279279308e+03 4.103562611942564997e-01
1.281081081081080811e+03 4.082427194924382885e-01
1.282882882882882768e+03 4.059528864809567317e-01
1.284684684684684498e+03 4.034903029580338418e-01
1.286486486486486456e+03 4.008589904327080067e-01
1.288288288288288186e+03 3.980635284769800664e-01
1.290090090090089916e+03 3.951091574351313640e-01
1.291891891891891873e+03 3.920019164391952415e-01
1.293693693693693376e+03 3.887488312897600107e-01
1.295495495495495334e+03 3.853581738184862493e-01
1.297297297297297291e+03 3.818398253090678485e-01
1.299099099099099021e+03 3.782057938071924919e-01
1.300900900900900751e+03 3.744709626196358054e-01
1.302702702702702481e+03 3.706541913300422930e-01
1.304504504504504212e+03 3.667799610458576942e-01
1.306306306306306169e+03 3.628808657164226403e-01
1.308108108108108127e+03 3.590014128109968450e-01
1.309909909909909857e+03 3.552037921431421830e-01
1.311711711711711814e+03 3.515763561038161011e-01
1.313513513513513317e+03 3.482449601189456789e-01
1.315315315315315274e+03 3.453844184891369240e-01
1.317117117117117232e+03 3.432192788816026963e-01
1.318918918918918735e+03 3.419911063334376000e-01
1.320720720720720692e+03 3.418757353657226883e-01
1.322522522522522422e+03 3.428914416936028609e-01
1.324324324324324380e+03 3.448878961130641407e-01
1.326126126126125882e+03 3.476286441411329808e-01
1.327927927927927840e+03 3.508815643034312037e-01
1.329729729729729797e+03 3.544612824643297855e-01
1.331531531531531527e+03 3.582329557336783044e-01
1.333333333333333258e+03 3.621017130686873253e-01
1.335135135135134988e+03 3.660009082040022732e-01
1.336936936936936718e+03 3.698830352580830261e-01
1.338738738738738448e+03 3.737134739015042229e-01
1.340540540540540405e+03 3.774663537882882447e-01
1.342342342342342363e+03 3.811218445155795109e-01
1.344144144144144093e+03 3.846643696969638260e-01
1.345945945945946050e+03 3.880814152959385366e-01
1.347747747747747553e+03 3.913627221268655698e-01
1.349549549549549511e+03 3.944997296111069085e-01
1.351351351351351468e+03 3.974851862650123913e-01
1.353153153153152971e+03 4.003128725740259242e-01
1.354954954954954928e+03 4.029774008276350017e-01
1.356756756756756658e+03 4.054740684789825411e-01
1.358558558558558616e+03 4.077987492909625478e-01
1.360360360360360119e+03 4.099478115446901216e-01
1.362162162162162076e+03 4.119180559005234943e-01
1.363963963963964034e+03 4.137066677245762047e-01
1.365765765765765764e+03 4.153111802059049618e-01
1.367567567567567494e+03 4.167294456326209318e-01
1.369369369369369224e+03 4.179596129244920188e-01
1.371171171171171181e+03 4.190001100363523467e-01
1.372972972972972684e+03 4.198496302177912032e-01
1.374774774774774642e+03 4.205071213850850587e-01
1.376576576576576599e+03 4.209717780617027172e-01
1.378378378378378329e+03 4.212430354952186318e-01
1.380180180180180059e+03 4.213205656760911633e-01
1.381981981981981789e+03 4.212042750784170675e-01
1.383783783783783747e+03 4.208943040227926535e-01
1.385585585585585250e+03 4.203910276334058005e-01
1.387387387387387207e+03 4.196950584312832411e-01
1.389189189189189165e+03 4.188072506787210991e-01
1.390990990990990895e+03 4.177287066723145426e-01
1.392792792792792852e+03 4.164607852805205512e-01
1.394594594594594355e+03 4.150051131450771535e-01
1.396396396396396312e+03 4.133635991255681374e-01
1.398198198198198270e+03 4.115384527788186197e-01
1.399999999999999773e+03 4.095322079526410031e-01
1.401801801801801730e+03 4.073477529695552768e-01
1.403603603603603460e+03 4.049883694291323555e-01
1.405405405405405418e+03 4.024577824401706638e-01
1.407207207207206920e+03 3.997602262162396336e-01
1.409009009009008878e+03 3.969005305995854660e-01
1.410810810810810835e+03 3.938842364832989551e-01
1.412612612612612565e+03 3.907177516978093124e-01
1.414414414414414296e+03 3.874085643843226956e-01
1.416216216216216026e+03 3.839655392796099687e-01
1.418018018018017983e+03 3.803993354579685016e-01
1.419819819819819486e+03 3.767230048332443904e-01
1.421621621621621443e+03 3.729528638838923160e-01
1.423423423423423401e+03 3.691097842372443316e-01
1.425225225225225131e+03 3.652211322922980785e-01
1.427027027027027088e+03 3.613237179170353253e-01
1.428828828828828591e+03 3.574682930291021576e-01
1.430630630630630549e+03 3.537263231973275524e-01
1.432432432432432506e+03 3.501996777339155820e-01
1.434234234234234009e+03 3.470326488386703545e-01
1.436036036036035966e+03 3.444211058392309677e-01
1.437837837837837696e+03 3.426031088736761765e-01
1.439639639639639654e+03 3.418061963266811332e-01
1.441441441441441157e+03 3.421515348198327922e-01
1.443243243243243114e+03 3.435847951495494823e-01
1.445045045045045072e+03 3.459086770084388029e-01
1.446846846846846802e+03 3.488799372600968063e-01
1.448648648648648532e+03 3.522828293553612045e-01
1.450450450450450262e+03 3.559529897599893467e-01
1.452252252252252219e+03 3.597730608211324177e-01
1.454054054054053722e+03 3.636607486457629212e-01
1.455855855855855680e+03 3.675579819829448702e-01
1.457657657657657637e+03 3.714230236198087232e-01
1.459459459459459367e+03 3.752251560912414630e-01
1.461261261261261325e+03 3.789411893372037210e-01
1.463063063063062827e+03 3.825531697263341857e-01
1.464864864864864785e+03 3.860468635876367904e-01
1.466666666666666742e+03 3.894107393036792542e-01
1.468468468468468245e+03 3.926352730409162772e-01
1.470270270270270203e+03 3.957124673331308129e-01
1.472072072072071933e+03 3.986355117899824108e-01
1.473873873873873890e+03 4.013985402143122605e-01
1.475675675675675393e+03 4.039964541530425279e-01
1.477477477477477350e+03 4.064247929318623442e-01
1.479279279279279308e+03 4.086796366973550199e-01
1.481081081081081038e+03 4.107575332316714678e-01
1.482882882882882768e+03 4.126554421246758642e-01
1.484684684684684498e+03 4.143706917907769571e-01
1.486486486486486456e+03 4.159009461189099310e-01
1.488288288288287958e+03 4.172441784466815462e-01
1.490090090090089916e+03 4.183986511840958600e-01
1.491891891891891873e+03 4.193628998641992789e-01
1.493693693693693604e+03 4.201357207244250658e-01
1.495495495495495561e+03 4.207161611617963315e-01
1.497297297297297064e+03 4.211035125838440973e-01
1.499099099099099021e+03 4.212973053134949075e-01
1.500900900900900751e+03 4.212973053134950741e-01
1.502702702702702481e+03 4.211035125838442639e-01
1.504504504504504439e+03 4.207161611617963315e-01
1.506306306306306169e+03 4.201357207244255099e-01
1.508108108108108127e+03 4.193628998641992789e-01
1.509909909909909629e+03 4.183986511840961375e-01
1.511711711711711587e+03 4.172441784466815462e-01
1.513513513513513544e+03 4.159009461189104861e-01
1.515315315315315274e+03 4.143706917907771237e-01
1.517117117117117004e+03 4.126554421246754756e-01
1.518918918918918735e+03 4.107575332316717454e-01
1.520720720720720692e+03 4.086796366973555750e-01
1.522522522522522195e+03 4.064247929318620667e-01
1.524324324324324152e+03 4.039964541530434161e-01
1.526126126126126110e+03 4.013985402143124270e-01
1.527927927927927840e+03 3.986355117899827993e-01
1.529729729729729797e+03 3.957124673331305353e-01
1.531531531531531300e+03 3.926352730409175540e-01
1.533333333333333258e+03 3.894107393036790876e-01
1.535135135135134988e+03 3.860468635876373455e-01
1.536936936936936718e+03 3.825531697263340192e-01
1.538738738738738675e+03 3.789411893372034434e-01
1.540540540540540405e+03 3.752251560912420736e-01
1.542342342342342363e+03 3.714230236198093338e-01
1.544144144144143866e+03 3.675579819829458694e-01
1.545945945945945823e+03 3.636607486457625327e-01
1.547747747747747781e+03 3.597730608211331393e-01
1.549549549549549511e+03 3.559529897599899018e-01
1.551351351351351241e+03 3.522828293553616485e-01
1.553153153153152971e+03 3.488799372600972504e-01
1.554954954954954928e+03 3.459086770084389695e-01
1.556756756756756431e+03 3.435847951495496488e-01
1.558558558558558389e+03 3.421515348198321815e-01
1.560360360360360346e+03 3.418061963266808556e-01
1.562162162162162076e+03 3.426031088736758989e-01
1.563963963963963806e+03 3.444211058392302460e-01
1.565765765765765536e+03 3.470326488386694663e-01
1.567567567567567494e+03 3.501996777339148603e-01
1.569369369369368997e+03 3.537263231973269417e-01
1.571171171171170954e+03 3.574682930291017136e-01
1.572972972972972912e+03 3.613237179170347146e-01
1.574774774774774642e+03 3.652211322922969128e-01
1.576576576576576599e+03 3.691097842372436100e-01
1.578378378378378102e+03 3.729528638838915389e-01
1.580180180180180059e+03 3.767230048332433912e-01
1.581981981981981789e+03 3.803993354579677799e-01
1.583783783783783520e+03 3.839655392796096911e-01
1.585585585585585477e+03 3.874085643843225291e-01
1.587387387387387207e+03 3.907177516978094789e-01
1.589189189189189165e+03 3.938842364832985665e-01
1.590990990990990667e+03 3.969005305995851329e-01
1.592792792792792625e+03 3.997602262162400777e-01
1.594594594594594582e+03 4.024577824401704973e-01
1.596396396396396540e+03 4.049883694291335212e-01
1.598198198198198043e+03 4.073477529695552768e-01
1.599999999999999773e+03 4.095322079526414472e-01
1.601801801801801730e+03 4.115384527788188973e-01
1.603603603603603233e+03 4.133635991255685815e-01
1.605405405405405190e+03 4.150051131450777642e-01
1.607207207207207148e+03 4.164607852805202737e-01
1.609009009009008878e+03 4.177287066723154307e-01
1.610810810810810835e+03 4.188072506787210991e-01
1.612612612612612338e+03 4.196950584312832411e-01
1.614414414414414296e+03 4.203910276334058005e-01
1.616216216216216026e+03 4.208943040227927646e-01
1.618018018018017756e+03 4.212042750784177891e-01
1.619819819819819713e+03 4.213205656760916074e-01
1.621621621621621443e+03 4.212430354952191869e-01
1.623423423423423401e+03 4.209717780617034388e-01
1.625225225225224904e+03 4.205071213850858913e-01
1.627027027027026861e+03 4.198496302177922579e-01
1.628828828828828819e+03 4.190001100363529574e-01
1.630630630630630776e+03 4.179596129244931291e-01
1.632432432432432279e+03 4.167294456326215424e-01
1.634234234234234009e+03 4.153111802059062940e-01
1.636036036036035966e+03 4.137066677245779256e-01
1.637837837837837469e+03 4.119180559005249931e-01
1.639639639639639427e+03 4.099478115446910098e-01
1.641441441441441384e+03 4.077987492909635470e-01
1.643243243243243342e+03 4.054740684789841509e-01
1.645045045045045072e+03 4.029774008276357233e-01
1.646846846846846574e+03 4.003128725740279781e-01
1.648648648648648532e+03 3.974851862650132239e-01
1.650450450450450262e+03 3.944997296111085183e-01
1.652252252252251992e+03 3.913627221268664580e-01
1.654054054054053950e+03 3.880814152959390917e-01
1.655855855855855680e+03 3.846643696969655468e-01
1.657657657657657637e+03 3.811218445155802326e-01
1.659459459459459140e+03 3.774663537882898545e-01
1.661261261261261097e+03 3.737134739015053886e-01
1.663063063063063055e+03 3.698830352580844694e-01
1.664864864864865012e+03 3.660009082040029949e-01
1.666666666666666515e+03 3.621017130686884911e-01
1.668468468468468245e+03 3.582329557336797476e-01
1.670270270270270203e+03 3.544612824643307847e-01
1.672072072072071705e+03 3.508815643034323695e-01
1.673873873873873663e+03 3.476286441411337025e-01
1.675675675675675620e+03 3.448878961130648624e-01
1.677477477477477578e+03 3.428914416936031384e-01
1.679279279279279308e+03 3.418757353657229658e-01
1.681081081081080811e+03 3.419911063334374335e-01
1.682882882882882768e+03 3.432192788816022522e-01
1.684684684684684498e+03 3.453844184891365354e-01
1.686486486486486228e+03 3.482449601189448463e-01
1.688288288288288186e+03 3.515763561038151019e-01
1.690090090090090143e+03 3.552037921431415723e-01
1.691891891891891873e+03 3.590014128109960123e-01
1.693693693693693376e+03 3.628808657164213081e-01
1.695495495495495334e+03 3.667799610458564175e-01
1.697297297297297064e+03 3.706541913300404056e-01
1.699099099099099021e+03 3.744709626196343066e-01
1.700900900900900751e+03 3.782057938071914927e-01
1.702702702702702709e+03 3.818398253090671268e-01
1.704504504504504439e+03 3.853581738184850836e-01
1.706306306306305942e+03 3.887488312897587339e-01
1.708108108108107899e+03 3.920019164391940758e-01
1.709909909909909857e+03 3.951091574351296432e-01
1.711711711711711814e+03 3.980635284769790672e-01
1.713513513513513544e+03 4.008589904327068409e-01
1.715315315315315047e+03 4.034903029580321210e-01
1.717117117117117004e+03 4.059528864809557325e-01
1.718918918918918735e+03 4.082427194924367897e-01
1.720720720720720465e+03 4.103562611942557226e-01
1.722522522522522422e+03 4.122903926113225537e-01
1.724324324324324380e+03 4.140423713313676757e-01
1.726126126126126110e+03 4.156097964373604570e-01
1.727927927927927612e+03 4.169905811680270080e-01
1.729729729729729570e+03 4.181829315218272280e-01
1.731531531531531300e+03 4.191853295029089321e-01
1.733333333333333258e+03 4.199965200555019207e-01
1.735135135135134988e+03 4.206155009876172968e-01
1.736936936936936945e+03 4.210415153740338368e-01
1.738738738738738675e+03 4.212740460722476654e-01
1.740540540540540178e+03 4.213128120973096413e-01
1.742342342342342135e+03 4.211577666926126229e-01
1.744144144144144093e+03 4.208090970115957452e-01
1.745945945945946050e+03 4.202672253964607751e-01
1.747747747747747553e+03 4.195328123099872353e-01
1.749549549549549511e+03 4.186067610510196824e-01
1.751351351351351241e+03 4.174902244692033082e-01
1.753153153153152971e+03 4.161846139972612546e-01
1.754954954954954701e+03 4.146916114487886884e-01
1.756756756756756658e+03 4.130131841984866492e-01
1.758558558558558616e+03 4.111516045872060654e-01
1.760360360360360346e+03 4.091094747005817323e-01
1.762162162162162076e+03 4.068897580930069258e-01
1.763963963963963806e+03 4.044958206208874030e-01
1.765765765765765536e+03 4.019314833892665972e-01
1.767567567567567266e+03 3.992010920241167438e-01
1.769369369369369224e+03 3.963096082437077561e-01
1.771171171171171181e+03 3.932627323058952018e-01
1.772972972972972912e+03 3.900670688124818763e-01
1.774774774774774414e+03 3.867303542933787086e-01
1.776576576576576372e+03 3.832617741684436474e-01
1.778378378378378102e+03 3.796724110530223517e-01
1.780180180180180059e+03 3.759758891542601678e-01
1.781981981981981789e+03 3.721893159488248171e-01
1.783783783783783747e+03 3.683346807454449534e-01
1.785585585585585477e+03 3.644409622253724224e-01
1.787387387387386980e+03 3.605473373518563451e-01
1.789189189189188937e+03 3.567080724830200555e-01
1.790990990990990895e+03 3.529998406727019034e-01
1.792792792792792852e+03 3.495320039936042900e-01
1.794594594594594582e+03 3.464587185799158919e-01
1.796396396396396312e+03 3.439860664492601083e-01
1.798198198198198043e+03 3.423559689232472669e-01
1.800000000000000000e+03 3.417829634158935925e-01
