# Theta(deg)	State0	State1	State2	State3
0.000000	0.000000000000	-0.000000000000	-0.000000000000	0.000000000000
0.180180	0.000000000000	-0.001572368695	-0.001572368695	0.000000000000
0.360360	0.000000000000	-0.003144737391	-0.003144737391	0.000000000000
0.540541	0.000000000000	-0.004717106086	-0.004717106086	0.000000000000
0.720721	0.000000000000	-0.006289474782	-0.006289474782	0.000000000000
0.900901	0.000000000000	-0.007861843477	-0.007861843477	0.000000000000
1.081081	0.000000000000	-0.009434212173	-0.009434212173	0.000000000000
1.261261	0.000000000000	-0.011006580868	-0.011006580868	0.000000000000
1.441441	0.000000000000	-0.012578949564	-0.012578949564	0.000000000000
1.621622	0.000000000000	-0.014151318259	-0.014151318259	0.000000000000
1.801802	0.000000000000	-0.015723686955	-0.015723686955	0.000000000000
1.981982	0.000000000000	-0.017296055650	-0.017296055650	0.000000000000
2.162162	0.000000000000	-0.018868424346	-0.018868424346	0.000000000000
2.342342	0.000000000000	-0.020440793041	-0.020440793041	0.000000000000
2.522523	0.000000000000	-0.022013161737	-0.022013161737	0.000000000000
2.702703	0.000000000000	-0.023585530432	-0.023585530432	0.000000000000
2.882883	0.000000000000	-0.025157899128	-0.025157899128	0.000000000000
3.063063	0.000000000000	-0.026730267823	-0.026730267823	0.000000000000
3.243243	0.000000000000	-0.028302636519	-0.028302636519	0.000000000000
3.423423	0.000000000000	-0.029875005214	-0.029875005214	0.000000000000
3.603604	0.000000000000	-0.031447373910	-0.031447373910	0.000000000000
3.783784	0.000000000000	-0.033019742605	-0.033019742605	0.000000000000
3.963964	0.000000000000	-0.034592111301	-0.034592111301	0.000000000000
4.144144	0.000000000000	-0.036164479996	-0.036164479996	0.000000000000
4.324324	0.000000000000	-0.037736848692	-0.037736848692	0.000000000000
4.504505	0.000000000000	-0.039309217387	-0.039309217387	0.000000000000
4.684685	0.000000000000	-0.040881586083	-0.040881586083	0.000000000000
4.864865	0.000000000000	-0.042453954778	-0.042453954778	0.000000000000
5.045045	0.000000000000	-0.044026323474	-0.044026323474	0.000000000000
5.225225	0.000000000000	-0.045598692169	-0.045598692169	0.000000000000
5.405405	0.000000000000	-0.047171060865	-0.047171060865	0.000000000000
5.585586	0.000000000000	-0.048743429560	-0.048743429560	0.000000000000
5.765766	0.000000000000	-0.050315798256	-0.050315798256	0.000000000000
5.945946	0.000000000000	-0.051888166951	-0.051888166951	0.000000000000
6.126126	0.000000000000	-0.053460535647	-0.053460535647	0.000000000000
6.306306	0.000000000000	-0.055032904342	-0.055032904342	0.000000000000
6.486486	0.000000000000	-0.056605273038	-0.056605273038	0.000000000000
6.666667	0.000000000000	-0.058177641733	-0.058177641733	0.000000000000
6.846847	0.000000000000	-0.059750010429	-0.059750010429	0.000000000000
7.027027	0.000000000000	-0.061322379124	-0.061322379124	0.000000000000
7.207207	0.000000000000	-0.062894747820	-0.062894747820	0.000000000000
7.387387	0.000000000000	-0.064467116515	-0.064467116515	0.000000000000
7.567568	0.000000000000	-0.066039485211	-0.066039485211	0.000000000000
7.747748	0.000000000000	-0.067611853906	-0.067611853906	0.000000000000
7.927928	0.000000000000	-0.069184222602	-0.069184222602	0.000000000000
8.108108	0.000000000000	-0.070756591297	-0.070756591297	0.000000000000
8.288288	0.000000000000	-0.072328959993	-0.072328959993	0.000000000000
8.468468	0.000000000000	-0.073901328688	-0.073901328688	0.000000000000
8.648649	0.000000000000	-0.075473697384	-0.075473697384	0.000000000000
8.828829	0.000000000000	-0.077046066079	-0.077046066079	0.000000000000
9.009009	0.000000000000	-0.078618434775	-0.078618434775	0.000000000000
9.189189	0.000000000000	-0.080190803470	-0.080190803470	0.000000000000
9.369369	0.000000000000	-0.081763172166	-0.081763172166	0.000000000000
9.549550	0.000000000000	-0.083335540861	-0.083335540861	0.000000000000
9.729730	0.000000000000	-0.084907909556	-0.084907909556	0.000000000000
9.909910	0.000000000000	-0.086480278252	-0.086480278252	0.000000000000
10.090090	0.000000000000	-0.088052646947	-0.088052646947	0.000000000000
10.270270	0.000000000000	-0.089625015643	-0.089625015643	0.000000000000
10.450450	0.000000000000	-0.091197384338	-0.091197384338	0.000000000000
10.630631	0.000000000000	-0.092769753034	-0.092769753034	0.000000000000
10.810811	0.000000000000	-0.094342121729	-0.094342121729	0.000000000000
10.990991	0.000000000000	-0.095914490425	-0.095914490425	0.000000000000
11.171171	0.000000000000	-0.097486859120	-0.097486859120	0.000000000000
11.351351	0.000000000000	-0.099059227816	-0.099059227816	0.000000000000
11.531532	0.000000000000	-0.100631596511	-0.100631596511	0.000000000000
11.711712	0.000000000000	-0.102203965207	-0.102203965207	0.000000000000
11.891892	0.000000000000	-0.103776333902	-0.103776333902	0.000000000000
12.072072	0.000000000000	-0.105348702598	-0.105348702598	0.000000000000
12.252252	0.000000000000	-0.106921071293	-0.106921071293	0.000000000000
12.432432	0.000000000000	-0.108493439989	-0.108493439989	0.000000000000
12.612613	0.000000000000	-0.110065808684	-0.110065808684	0.000000000000
12.792793	0.000000000000	-0.111638177380	-0.111638177380	0.000000000000
12.972973	0.000000000000	-0.113210546075	-0.113210546075	0.000000000000
13.153153	0.000000000000	-0.114782914771	-0.114782914771	0.000000000000
13.333333	0.000000000000	-0.116355283466	-0.116355283466	0.000000000000
13.513514	0.000000000000	-0.117927652162	-0.117927652162	0.000000000000
13.693694	0.000000000000	-0.119500020857	-0.119500020857	0.000000000000
13.873874	0.000000000000	-0.121072389553	-0.121072389553	0.000000000000
14.054054	0.000000000000	-0.122644758248	-0.122644758248	0.000000000000
14.234234	0.000000000000	-0.124217126944	-0.124217126944	0.000000000000
14.414414	0.000000000000	-0.125789495639	-0.125789495639	0.000000000000
14.594595	0.000000000000	-0.127361864335	-0.127361864335	0.000000000000
14.774775	0.000000000000	-0.128934233030	-0.128934233030	0.000000000000
14.954955	0.000000000000	-0.130506601726	-0.130506601726	0.000000000000
15.135135	0.000000000000	-0.132078970421	-0.132078970421	0.000000000000
15.315315	0.000000000000	-0.133651339117	-0.133651339117	0.000000000000
15.495495	0.000000000000	-0.135223707812	-0.135223707812	0.000000000000
15.675676	0.000000000000	-0.136796076508	-0.136796076508	0.000000000000
15.855856	0.000000000000	-0.138368445203	-0.138368445203	0.000000000000
16.036036	0.000000000000	-0.139940813899	-0.139940813899	0.000000000000
16.216216	0.000000000000	-0.141513182594	-0.141513182594	0.000000000000
16.396396	0.000000000000	-0.143085551290	-0.143085551290	0.000000000000
16.576577	0.000000000000	-0.144657919985	-0.144657919985	0.000000000000
16.756757	0.000000000000	-0.146230288681	-0.146230288681	0.000000000000
16.936937	0.000000000000	-0.147802657376	-0.147802657376	0.000000000000
17.117117	0.000000000000	-0.149375026072	-0.149375026072	0.000000000000
17.297297	0.000000000000	-0.150947394767	-0.150947394767	0.000000000000
17.477477	0.000000000000	-0.152519763463	-0.152519763463	0.000000000000
17.657658	0.000000000000	-0.154092132158	-0.154092132158	0.000000000000
17.837838	0.000000000000	-0.155664500854	-0.155664500854	0.000000000000
18.018018	0.000000000000	-0.157236869549	-0.157236869549	0.000000000000
18.198198	0.000000000000	-0.158809238245	-0.158809238245	0.000000000000
18.378378	0.000000000000	-0.160381606940	-0.160381606940	0.000000000000
18.558559	0.000000000000	-0.161953975636	-0.161953975636	0.000000000000
18.738739	0.000000000000	-0.163526344331	-0.163526344331	0.000000000000
18.918919	0.000000000000	-0.165098713026	-0.165098713026	0.000000000000
19.099099	0.000000000000	-0.166671081722	-0.166671081722	0.000000000000
19.279279	0.000000000000	-0.168243450417	-0.168243450417	0.000000000000
19.459459	0.000000000000	-0.169815819113	-0.169815819113	0.000000000000
19.639640	0.000000000000	-0.171388187808	-0.171388187808	0.000000000000
19.819820	0.000000000000	-0.172960556504	-0.172960556504	0.000000000000
20.000000	0.000000000000	-0.174532925199	-0.174532925199	0.000000000000
20.180180	0.000000000000	-0.176105293895	-0.176105293895	0.000000000000
20.360360	0.000000000000	-0.177677662590	-0.177677662590	0.000000000000
20.540541	0.000000000000	-0.179250031286	-0.179250031286	0.000000000000
20.720721	0.000000000000	-0.180822399981	-0.180822399981	0.000000000000
20.900901	0.000000000000	-0.182394768677	-0.182394768677	0.000000000000
21.081081	0.000000000000	-0.183967137372	-0.183967137372	0.000000000000
21.261261	0.000000000000	-0.185539506068	-0.185539506068	0.000000000000
21.441441	0.000000000000	-0.187111874763	-0.187111874763	0.000000000000
21.621622	0.000000000000	-0.188684243459	-0.188684243459	0.000000000000
21.801802	0.000000000000	-0.190256612154	-0.190256612154	0.000000000000
21.981982	0.000000000000	-0.191828980850	-0.191828980850	0.000000000000
22.162162	0.000000000000	-0.193401349545	-0.193401349545	0.000000000000
22.342342	0.000000000000	-0.194973718241	-0.194973718241	0.000000000000
22.522523	0.000000000000	-0.196546086936	-0.196546086936	0.000000000000
22.702703	0.000000000000	-0.198118455632	-0.198118455632	0.000000000000
22.882883	0.000000000000	-0.199690824327	-0.199690824327	0.000000000000
23.063063	0.000000000000	-0.201263193023	-0.201263193023	0.000000000000
23.243243	0.000000000000	-0.202835561718	-0.202835561718	0.000000000000
23.423423	0.000000000000	-0.204407930414	-0.204407930414	0.000000000000
23.603604	0.000000000000	-0.205980299109	-0.205980299109	0.000000000000
23.783784	0.000000000000	-0.207552667805	-0.207552667805	0.000000000000
23.963964	0.000000000000	-0.209125036500	-0.209125036500	0.000000000000
24.144144	0.000000000000	-0.210697405196	-0.210697405196	0.000000000000
24.324324	0.000000000000	-0.212269773891	-0.212269773891	0.000000000000
24.504505	0.000000000000	-0.213842142587	-0.213842142587	0.000000000000
24.684685	0.000000000000	-0.215414511282	-0.215414511282	0.000000000000
24.864865	0.000000000000	-0.216986879978	-0.216986879978	0.000000000000
25.045045	0.000000000000	-0.218559248673	-0.218559248673	0.000000000000
25.225225	0.000000000000	-0.220131617369	-0.220131617369	0.000000000000
25.405405	0.000000000000	-0.221703986064	-0.221703986064	0.000000000000
25.585586	0.000000000000	-0.223276354760	-0.223276354760	0.000000000000
25.765766	0.000000000000	-0.224848723455	-0.224848723455	0.000000000000
25.945946	0.000000000000	-0.226421092151	-0.226421092151	0.000000000000
26.126126	0.000000000000	-0.227993460846	-0.227993460846	0.000000000000
26.306306	0.000000000000	-0.229565829542	-0.229565829542	0.000000000000
26.486486	0.000000000000	-0.231138198237	-0.231138198237	0.000000000000
26.666667	0.000000000000	-0.232710566933	-0.232710566933	0.000000000000
26.846847	0.000000000000	-0.234282935628	-0.234282935628	0.000000000000
27.027027	0.000000000000	-0.235855304324	-0.235855304324	0.000000000000
27.207207	0.000000000000	-0.237427673019	-0.237427673019	0.000000000000
27.387387	0.000000000000	-0.239000041715	-0.239000041715	0.000000000000
27.567568	0.000000000000	-0.240572410410	-0.240572410410	0.000000000000
27.747748	0.000000000000	-0.242144779106	-0.242144779106	0.000000000000
27.927928	0.000000000000	-0.243717147801	-0.243717147801	0.000000000000
28.108108	0.000000000000	-0.245289516497	-0.245289516497	0.000000000000
28.288288	0.000000000000	-0.246861885192	-0.246861885192	0.000000000000
28.468468	0.000000000000	-0.248434253887	-0.248434253887	0.000000000000
28.648649	0.000000000000	-0.250006622583	-0.250006622583	0.000000000000
28.828829	0.000000000000	-0.251578991278	-0.251578991278	0.000000000000
29.009009	0.000000000000	-0.253151359974	-0.253151359974	0.000000000000
29.189189	0.000000000000	-0.254723728669	-0.254723728669	0.000000000000
29.369369	0.000000000000	-0.256296097365	-0.256296097365	0.000000000000
29.549550	0.000000000000	-0.257868466060	-0.257868466060	0.000000000000
29.729730	0.000000000000	-0.259440834756	-0.259440834756	0.000000000000
29.909910	0.000000000000	-0.261013203451	-0.261013203451	0.000000000000
30.090090	0.000000000000	-0.262585572147	-0.262585572147	0.000000000000
30.270270	0.000000000000	-0.264157940842	-0.264157940842	0.000000000000
30.450450	0.000000000000	-0.265730309538	-0.265730309538	0.000000000000
30.630631	0.000000000000	-0.267302678233	-0.267302678233	0.000000000000
30.810811	0.000000000000	-0.268875046929	-0.268875046929	0.000000000000
30.990991	0.000000000000	-0.270447415624	-0.270447415624	0.000000000000
31.171171	0.000000000000	-0.272019784320	-0.272019784320	0.000000000000
31.351351	0.000000000000	-0.273592153015	-0.273592153015	0.000000000000
31.531532	0.000000000000	-0.275164521711	-0.275164521711	0.000000000000
31.711712	0.000000000000	-0.276736890406	-0.276736890406	0.000000000000
31.891892	0.000000000000	-0.278309259102	-0.278309259102	0.000000000000
32.072072	0.000000000000	-0.279881627797	-0.279881627797	0.000000000000
32.252252	0.000000000000	-0.281453996493	-0.281453996493	0.000000000000
32.432432	0.000000000000	-0.283026365188	-0.283026365188	0.000000000000
32.612613	0.000000000000	-0.284598733884	-0.284598733884	0.000000000000
32.792793	0.000000000000	-0.286171102579	-0.286171102579	0.000000000000
32.972973	0.000000000000	-0.287743471275	-0.287743471275	0.000000000000
33.153153	0.000000000000	-0.289315839970	-0.289315839970	0.000000000000
33.333333	0.000000000000	-0.290888208666	-0.290888208666	0.000000000000
33.513514	0.000000000000	-0.292460577361	-0.292460577361	0.000000000000
33.693694	0.000000000000	-0.294032946057	-0.294032946057	0.000000000000
33.873874	0.000000000000	-0.295605314752	-0.295605314752	0.000000000000
34.054054	0.000000000000	-0.297177683448	-0.297177683448	0.000000000000
34.234234	0.000000000000	-0.298750052143	-0.298750052143	0.000000000000
34.414414	0.000000000000	-0.300322420839	-0.300322420839	0.000000000000
34.594595	0.000000000000	-0.301894789534	-0.301894789534	0.000000000000
34.774775	0.000000000000	-0.303467158230	-0.303467158230	0.000000000000
34.954955	0.000000000000	-0.305039526925	-0.305039526925	0.000000000000
35.135135	0.000000000000	-0.306611895621	-0.306611895621	0.000000000000
35.315315	0.000000000000	-0.308184264316	-0.308184264316	0.000000000000
35.495495	0.000000000000	-0.309756633012	-0.309756633012	0.000000000000
35.675676	0.000000000000	-0.311329001707	-0.311329001707	0.000000000000
35.855856	0.000000000000	-0.312901370403	-0.312901370403	0.000000000000
36.036036	0.000000000000	-0.314473739098	-0.314473739098	0.000000000000
36.216216	0.000000000000	-0.316046107794	-0.316046107794	0.000000000000
36.396396	0.000000000000	-0.317618476489	-0.317618476489	0.000000000000
36.576577	0.000000000000	-0.319190845185	-0.319190845185	0.000000000000
36.756757	0.000000000000	-0.320763213880	-0.320763213880	0.000000000000
36.936937	0.000000000000	-0.322335582576	-0.322335582576	0.000000000000
37.117117	0.000000000000	-0.323907951271	-0.323907951271	0.000000000000
37.297297	0.000000000000	-0.325480319967	-0.325480319967	0.000000000000
37.477477	0.000000000000	-0.327052688662	-0.327052688662	0.000000000000
37.657658	0.000000000000	-0.328625057357	-0.328625057357	0.000000000000
37.837838	0.000000000000	-0.330197426053	-0.330197426053	0.000000000000
38.018018	0.000000000000	-0.331769794748	-0.331769794748	0.000000000000
38.198198	0.000000000000	-0.333342163444	-0.333342163444	0.000000000000
38.378378	0.000000000000	-0.334914532139	-0.334914532139	0.000000000000
38.558559	0.000000000000	-0.336486900835	-0.336486900835	0.000000000000
38.738739	0.000000000000	-0.338059269530	-0.338059269530	0.000000000000
38.918919	0.000000000000	-0.339631638226	-0.339631638226	0.000000000000
39.099099	0.000000000000	-0.341204006921	-0.341204006921	0.000000000000
39.279279	0.000000000000	-0.342776375617	-0.342776375617	0.000000000000
39.459459	0.000000000000	-0.344348744312	-0.344348744312	0.000000000000
39.639640	0.000000000000	-0.345921113008	-0.345921113008	0.000000000000
39.819820	0.000000000000	-0.347493481703	-0.347493481703	0.000000000000
40.000000	0.000000000000	-0.349065850399	-0.349065850399	0.000000000000
40.180180	0.000000000000	-0.350638219094	-0.350638219094	0.000000000000
40.360360	0.000000000000	-0.352210587790	-0.352210587790	0.000000000000
40.540541	0.000000000000	-0.353782956485	-0.353782956485	0.000000000000
40.720721	0.000000000000	-0.355355325181	-0.355355325181	0.000000000000
40.900901	0.000000000000	-0.356927693876	-0.356927693876	0.000000000000
41.081081	0.000000000000	-0.358500062572	-0.358500062572	0.000000000000
41.261261	0.000000000000	-0.360072431267	-0.360072431267	0.000000000000
41.441441	0.000000000000	-0.361644799963	-0.361644799963	0.000000000000
41.621622	0.000000000000	-0.363217168658	-0.363217168658	0.000000000000
41.801802	0.000000000000	-0.364789537354	-0.364789537354	0.000000000000
41.981982	0.000000000000	-0.366361906049	-0.366361906049	0.000000000000
42.162162	0.000000000000	-0.367934274745	-0.367934274745	0.000000000000
42.342342	0.000000000000	-0.369506643440	-0.369506643440	0.000000000000
42.522523	0.000000000000	-0.371079012136	-0.371079012136	0.000000000000
42.702703	0.000000000000	-0.372651380831	-0.372651380831	0.000000000000
42.882883	0.000000000000	-0.374223749527	-0.374223749527	0.000000000000
43.063063	0.000000000000	-0.375796118222	-0.375796118222	0.000000000000
43.243243	0.000000000000	-0.377368486918	-0.377368486918	0.000000000000
43.423423	0.000000000000	-0.378940855613	-0.378940855613	0.000000000000
43.603604	0.000000000000	-0.380513224309	-0.380513224309	0.000000000000
43.783784	0.000000000000	-0.382085593004	-0.382085593004	0.000000000000
43.963964	0.000000000000	-0.383657961700	-0.383657961700	0.000000000000
44.144144	0.000000000000	-0.385230330395	-0.385230330395	0.000000000000
44.324324	0.000000000000	-0.386802699091	-0.386802699091	0.000000000000
44.504505	0.000000000000	-0.388375067786	-0.388375067786	0.000000000000
44.684685	0.000000000000	-0.389947436482	-0.389947436482	0.000000000000
44.864865	0.000000000000	-0.391519805177	-0.391519805177	0.000000000000
45.045045	0.000000000000	-0.393092173873	-0.393092173873	0.000000000000
45.225225	0.000000000000	-0.394664542568	-0.394664542568	0.000000000000
45.405405	0.000000000000	-0.396236911264	-0.396236911264	0.000000000000
45.585586	0.000000000000	-0.397809279959	-0.397809279959	0.000000000000
45.765766	0.000000000000	-0.399381648655	-0.399381648655	0.000000000000
45.945946	0.000000000000	-0.400954017350	-0.400954017350	0.000000000000
46.126126	0.000000000000	-0.402526386046	-0.402526386046	0.000000000000
46.306306	0.000000000000	-0.404098754741	-0.404098754741	0.000000000000
46.486486	0.000000000000	-0.405671123437	-0.405671123437	0.000000000000
46.666667	0.000000000000	-0.407243492132	-0.407243492132	0.000000000000
46.846847	0.000000000000	-0.408815860828	-0.408815860828	0.000000000000
47.027027	0.000000000000	-0.410388229523	-0.410388229523	0.000000000000
47.207207	0.000000000000	-0.411960598218	-0.411960598218	0.000000000000
47.387387	0.000000000000	-0.413532966914	-0.413532966914	0.000000000000
47.567568	0.000000000000	-0.415105335609	-0.415105335609	0.000000000000
47.747748	0.000000000000	-0.416677704305	-0.416677704305	0.000000000000
47.927928	0.000000000000	-0.418250073000	-0.418250073000	0.000000000000
48.108108	0.000000000000	-0.419822441696	-0.419822441696	0.000000000000
48.288288	0.000000000000	-0.421394810391	-0.421394810391	0.000000000000
48.468468	0.000000000000	-0.422967179087	-0.422967179087	0.000000000000
48.648649	0.000000000000	-0.424539547782	-0.424539547782	0.000000000000
48.828829	0.000000000000	-0.426111916478	-0.426111916478	0.000000000000
49.009009	0.000000000000	-0.427684285173	-0.427684285173	0.000000000000
49.189189	0.000000000000	-0.429256653869	-0.429256653869	0.000000000000
49.369369	0.000000000000	-0.430829022564	-0.430829022564	0.000000000000
49.549550	0.000000000000	-0.432401391260	-0.432401391260	0.000000000000
49.729730	0.000000000000	-0.433973759955	-0.433973759955	0.000000000000
49.909910	0.000000000000	-0.435546128651	-0.435546128651	0.000000000000
50.090090	0.000000000000	-0.437118497346	-0.437118497346	0.000000000000
50.270270	0.000000000000	-0.438690866042	-0.438690866042	0.000000000000
50.450450	0.000000000000	-0.440263234737	-0.440263234737	0.000000000000
50.630631	0.000000000000	-0.441835603433	-0.441835603433	0.000000000000
50.810811	0.000000000000	-0.443407972128	-0.443407972128	0.000000000000
50.990991	0.000000000000	-0.444980340824	-0.444980340824	0.000000000000
51.171171	0.000000000000	-0.446552709519	-0.446552709519	0.000000000000
51.351351	0.000000000000	-0.448125078215	-0.448125078215	0.000000000000
51.531532	0.000000000000	-0.449697446910	-0.449697446910	0.000000000000
51.711712	0.000000000000	-0.451269815606	-0.451269815606	0.000000000000
51.891892	0.000000000000	-0.452842184301	-0.452842184301	0.000000000000
52.072072	0.000000000000	-0.454414552997	-0.454414552997	0.000000000000
52.252252	0.000000000000	-0.455986921692	-0.455986921692	0.000000000000
52.432432	0.000000000000	-0.457559290388	-0.457559290388	0.000000000000
52.612613	0.000000000000	-0.459131659083	-0.459131659083	0.000000000000
52.792793	0.000000000000	-0.460704027779	-0.460704027779	0.000000000000
52.972973	0.000000000000	-0.462276396474	-0.462276396474	0.000000000000
53.153153	0.000000000000	-0.463848765170	-0.463848765170	0.000000000000
53.333333	0.000000000000	-0.465421133865	-0.465421133865	0.000000000000
53.513514	0.000000000000	-0.466993502561	-0.466993502561	0.000000000000
53.693694	0.000000000000	-0.468565871256	-0.468565871256	0.000000000000
53.873874	0.000000000000	-0.470138239952	-0.470138239952	0.000000000000
54.054054	0.000000000000	-0.471710608647	-0.471710608647	0.000000000000
54.234234	0.000000000000	-0.473282977343	-0.473282977343	0.000000000000
54.414414	0.000000000000	-0.474855346038	-0.474855346038	0.000000000000
54.594595	0.000000000000	-0.476427714734	-0.476427714734	0.000000000000
54.774775	0.000000000000	-0.478000083429	-0.478000083429	0.000000000000
54.954955	0.000000000000	-0.479572452125	-0.479572452125	0.000000000000
55.135135	0.000000000000	-0.481144820820	-0.481144820820	0.000000000000
55.315315	0.000000000000	-0.482717189516	-0.482717189516	0.000000000000
55.495495	0.000000000000	-0.484289558211	-0.484289558211	0.000000000000
55.675676	0.000000000000	-0.485861926907	-0.485861926907	0.000000000000
55.855856	0.000000000000	-0.487434295602	-0.487434295602	0.000000000000
56.036036	0.000000000000	-0.489006664298	-0.489006664298	0.000000000000
56.216216	0.000000000000	-0.490579032993	-0.490579032993	0.000000000000
56.396396	0.000000000000	-0.492151401688	-0.492151401688	0.000000000000
56.576577	0.000000000000	-0.493723770384	-0.493723770384	0.000000000000
56.756757	0.000000000000	-0.495296139079	-0.495296139079	0.000000000000
56.936937	0.000000000000	-0.496868507775	-0.496868507775	0.000000000000
57.117117	0.000000000000	-0.498440876470	-0.498440876470	0.000000000000
57.297297	0.000000000000	-0.500013245166	-0.500013245166	0.000000000000
57.477477	0.000000000000	-0.501585613861	-0.501585613861	0.000000000000
57.657658	0.000000000000	-0.503157982557	-0.503157982557	0.000000000000
57.837838	0.000000000000	-0.504730351252	-0.504730351252	0.000000000000
58.018018	0.000000000000	-0.506302719948	-0.506302719948	0.000000000000
58.198198	0.000000000000	-0.507875088643	-0.507875088643	0.000000000000
58.378378	0.000000000000	-0.509447457339	-0.509447457339	0.000000000000
58.558559	0.000000000000	-0.511019826034	-0.511019826034	0.000000000000
58.738739	0.000000000000	-0.512592194730	-0.512592194730	0.000000000000
58.918919	0.000000000000	-0.514164563425	-0.514164563425	0.000000000000
59.099099	0.000000000000	-0.515736932121	-0.515736932121	0.000000000000
59.279279	0.000000000000	-0.517309300816	-0.517309300816	0.000000000000
59.459459	0.000000000000	-0.518881669512	-0.518881669512	0.000000000000
59.639640	0.000000000000	-0.520454038207	-0.520454038207	0.000000000000
59.819820	0.000000000000	-0.522026406903	-0.522026406903	0.000000000000
60.000000	0.000000000000	-0.523598775598	-0.523598775598	0.000000000000
60.180180	0.000000000000	-0.525171144294	-0.525171144294	0.000000000000
60.360360	0.000000000000	-0.526743512989	-0.526743512989	0.000000000000
60.540541	0.000000000000	-0.528315881685	-0.528315881685	0.000000000000
60.720721	0.000000000000	-0.529888250380	-0.529888250380	0.000000000000
60.900901	0.000000000000	-0.531460619076	-0.531460619076	0.000000000000
61.081081	0.000000000000	-0.533032987771	-0.533032987771	0.000000000000
61.261261	0.000000000000	-0.534605356467	-0.534605356467	0.000000000000
61.441441	0.000000000000	-0.536177725162	-0.536177725162	0.000000000000
61.621622	0.000000000000	-0.537750093858	-0.537750093858	0.000000000000
61.801802	0.000000000000	-0.539322462553	-0.539322462553	0.000000000000
61.981982	0.000000000000	-0.540894831249	-0.540894831249	0.000000000000
62.162162	0.000000000000	-0.542467199944	-0.542467199944	0.000000000000
62.342342	0.000000000000	-0.544039568640	-0.544039568640	0.000000000000
62.522523	0.000000000000	-0.545611937335	-0.545611937335	0.000000000000
62.702703	0.000000000000	-0.547184306031	-0.547184306031	0.000000000000
62.882883	0.000000000000	-0.548756674726	-0.548756674726	0.000000000000
63.063063	0.000000000000	-0.550329043422	-0.550329043422	0.000000000000
63.243243	0.000000000000	-0.551901412117	-0.551901412117	0.000000000000
63.423423	0.000000000000	-0.553473780813	-0.553473780813	0.000000000000
63.603604	0.000000000000	-0.555046149508	-0.555046149508	0.000000000000
63.783784	0.000000000000	-0.556618518204	-0.556618518204	0.000000000000
63.963964	0.000000000000	-0.558190886899	-0.558190886899	0.000000000000
64.144144	0.000000000000	-0.559763255595	-0.559763255595	0.000000000000
64.324324	0.000000000000	-0.561335624290	-0.561335624290	0.000000000000
64.504505	0.000000000000	-0.562907992986	-0.562907992986	0.000000000000
64.684685	0.000000000000	-0.564480361681	-0.564480361681	0.000000000000
64.864865	0.000000000000	-0.566052730377	-0.566052730377	0.000000000000
65.045045	0.000000000000	-0.567625099072	-0.567625099072	0.000000000000
65.225225	0.000000000000	-0.569197467768	-0.569197467768	0.000000000000
65.405405	0.000000000000	-0.570769836463	-0.570769836463	0.000000000000
65.585586	0.000000000000	-0.572342205159	-0.572342205159	0.000000000000
65.765766	0.000000000000	-0.573914573854	-0.573914573854	0.000000000000
65.945946	0.000000000000	-0.575486942549	-0.575486942549	0.000000000000
66.126126	0.000000000000	-0.577059311245	-0.577059311245	0.000000000000
66.306306	0.000000000000	-0.578631679940	-0.578631679940	0.000000000000
66.486486	0.000000000000	-0.580204048636	-0.580204048636	0.000000000000
66.666667	0.000000000000	-0.581776417331	-0.581776417331	0.000000000000
66.846847	0.000000000000	-0.583348786027	-0.583348786027	0.000000000000
67.027027	0.000000000000	-0.584921154722	-0.584921154722	0.000000000000
67.207207	0.000000000000	-0.586493523418	-0.586493523418	0.000000000000
67.387387	0.000000000000	-0.588065892113	-0.588065892113	0.000000000000
67.567568	0.000000000000	-0.589638260809	-0.589638260809	0.000000000000
67.747748	0.000000000000	-0.591210629504	-0.591210629504	0.000000000000
67.927928	0.000000000000	-0.592782998200	-0.592782998200	0.000000000000
68.108108	0.000000000000	-0.594355366895	-0.594355366895	0.000000000000
68.288288	0.000000000000	-0.595927735591	-0.595927735591	0.000000000000
68.468468	0.000000000000	-0.597500104286	-0.597500104286	0.000000000000
68.648649	0.000000000000	-0.599072472982	-0.599072472982	0.000000000000
68.828829	0.000000000000	-0.600644841677	-0.600644841677	0.000000000000
69.009009	0.000000000000	-0.602217210373	-0.602217210373	0.000000000000
69.189189	0.000000000000	-0.603789579068	-0.603789579068	0.000000000000
69.369369	0.000000000000	-0.605361947764	-0.605361947764	0.000000000000
69.549550	0.000000000000	-0.606934316459	-0.606934316459	0.000000000000
69.729730	0.000000000000	-0.608506685155	-0.608506685155	0.000000000000
69.909910	0.000000000000	-0.610079053850	-0.610079053850	0.000000000000
70.090090	0.000000000000	-0.611651422546	-0.611651422546	0.000000000000
70.270270	0.000000000000	-0.613223791241	-0.613223791241	0.000000000000
70.450450	0.000000000000	-0.614796159937	-0.614796159937	0.000000000000
70.630631	0.000000000000	-0.616368528632	-0.616368528632	0.000000000000
70.810811	0.000000000000	-0.617940897328	-0.617940897328	0.000000000000
70.990991	0.000000000000	-0.619513266023	-0.619513266023	0.000000000000
71.171171	0.000000000000	-0.621085634719	-0.621085634719	0.000000000000
71.351351	0.000000000000	-0.622658003414	-0.622658003414	0.000000000000
71.531532	0.000000000000	-0.624230372110	-0.624230372110	0.000000000000
71.711712	0.000000000000	-0.625802740805	-0.625802740805	0.000000000000
71.891892	0.000000000000	-0.627375109501	-0.627375109501	0.000000000000
72.072072	0.000000000000	-0.628947478196	-0.628947478196	0.000000000000
72.252252	0.000000000000	-0.630519846892	-0.630519846892	0.000000000000
72.432432	0.000000000000	-0.632092215587	-0.632092215587	0.000000000000
72.612613	0.000000000000	-0.633664584283	-0.633664584283	0.000000000000
72.792793	0.000000000000	-0.635236952978	-0.635236952978	0.000000000000
72.972973	0.000000000000	-0.636809321674	-0.636809321674	0.000000000000
73.153153	0.000000000000	-0.638381690369	-0.638381690369	0.000000000000
73.333333	0.000000000000	-0.639954059065	-0.639954059065	0.000000000000
73.513514	0.000000000000	-0.641526427760	-0.641526427760	0.000000000000
73.693694	0.000000000000	-0.643098796456	-0.643098796456	0.000000000000
73.873874	0.000000000000	-0.644671165151	-0.644671165151	0.000000000000
74.054054	0.000000000000	-0.646243533847	-0.646243533847	0.000000000000
74.234234	0.000000000000	-0.647815902542	-0.647815902542	0.000000000000
74.414414	0.000000000000	-0.649388271238	-0.649388271238	0.000000000000
74.594595	0.000000000000	-0.650960639933	-0.650960639933	0.000000000000
74.774775	0.000000000000	-0.652533008629	-0.652533008629	0.000000000000
74.954955	0.000000000000	-0.654105377324	-0.654105377324	0.000000000000
75.135135	0.000000000000	-0.655677746019	-0.655677746019	0.000000000000
75.315315	0.000000000000	-0.657250114715	-0.657250114715	0.000000000000
75.495495	0.000000000000	-0.658822483410	-0.658822483410	0.000000000000
75.675676	0.000000000000	-0.660394852106	-0.660394852106	0.000000000000
75.855856	0.000000000000	-0.661967220801	-0.661967220801	0.000000000000
76.036036	0.000000000000	-0.663539589497	-0.663539589497	0.000000000000
76.216216	0.000000000000	-0.665111958192	-0.665111958192	0.000000000000
76.396396	0.000000000000	-0.666684326888	-0.666684326888	0.000000000000
76.576577	0.000000000000	-0.668256695583	-0.668256695583	0.000000000000
76.756757	0.000000000000	-0.669829064279	-0.669829064279	0.000000000000
76.936937	0.000000000000	-0.671401432974	-0.671401432974	0.000000000000
77.117117	0.000000000000	-0.672973801670	-0.672973801670	0.000000000000
77.297297	0.000000000000	-0.674546170365	-0.674546170365	0.000000000000
77.477477	0.000000000000	-0.676118539061	-0.676118539061	0.000000000000
77.657658	0.000000000000	-0.677690907756	-0.677690907756	0.000000000000
77.837838	0.000000000000	-0.679263276452	-0.679263276452	0.000000000000
78.018018	0.000000000000	-0.680835645147	-0.680835645147	0.000000000000
78.198198	0.000000000000	-0.682408013843	-0.682408013843	0.000000000000
78.378378	0.000000000000	-0.683980382538	-0.683980382538	0.000000000000
78.558559	0.000000000000	-0.685552751234	-0.685552751234	0.000000000000
78.738739	0.000000000000	-0.687125119929	-0.687125119929	0.000000000000
78.918919	0.000000000000	-0.688697488625	-0.688697488625	0.000000000000
79.099099	0.000000000000	-0.690269857320	-0.690269857320	0.000000000000
79.279279	0.000000000000	-0.691842226016	-0.691842226016	0.000000000000
79.459459	0.000000000000	-0.693414594711	-0.693414594711	0.000000000000
79.639640	0.000000000000	-0.694986963407	-0.694986963407	0.000000000000
79.819820	0.000000000000	-0.696559332102	-0.696559332102	0.000000000000
80.000000	0.000000000000	-0.698131700798	-0.698131700798	0.000000000000
80.180180	0.000000000000	-0.699704069493	-0.699704069493	0.000000000000
80.360360	0.000000000000	-0.701276438189	-0.701276438189	0.000000000000
80.540541	0.000000000000	-0.702848806884	-0.702848806884	0.000000000000
80.720721	0.000000000000	-0.704421175580	-0.704421175580	0.000000000000
80.900901	0.000000000000	-0.705993544275	-0.705993544275	0.000000000000
81.081081	0.000000000000	-0.707565912971	-0.707565912971	0.000000000000
81.261261	0.000000000000	-0.709138281666	-0.709138281666	0.000000000000
81.441441	0.000000000000	-0.710710650362	-0.710710650362	0.000000000000
81.621622	0.000000000000	-0.712283019057	-0.712283019057	0.000000000000
81.801802	0.000000000000	-0.713855387753	-0.713855387753	0.000000000000
81.981982	0.000000000000	-0.715427756448	-0.715427756448	0.000000000000
82.162162	0.000000000000	-0.717000125144	-0.717000125144	0.000000000000
82.342342	0.000000000000	-0.718572493839	-0.718572493839	0.000000000000
82.522523	0.000000000000	-0.720144862535	-0.720144862535	0.000000000000
82.702703	0.000000000000	-0.721717231230	-0.721717231230	0.000000000000
82.882883	0.000000000000	-0.723289599926	-0.723289599926	0.000000000000
83.063063	0.000000000000	-0.724861968621	-0.724861968621	0.000000000000
83.243243	0.000000000000	-0.726434337317	-0.726434337317	0.000000000000
83.423423	0.000000000000	-0.728006706012	-0.728006706012	0.000000000000
83.603604	0.000000000000	-0.729579074708	-0.729579074708	0.000000000000
83.783784	0.000000000000	-0.731151443403	-0.731151443403	0.000000000000
83.963964	0.000000000000	-0.732723812099	-0.732723812099	0.000000000000
84.144144	0.000000000000	-0.734296180794	-0.734296180794	0.000000000000
84.324324	0.000000000000	-0.735868549490	-0.735868549490	0.000000000000
84.504505	0.000000000000	-0.737440918185	-0.737440918185	0.000000000000
84.684685	0.000000000000	-0.739013286880	-0.739013286880	0.000000000000
84.864865	0.000000000000	-0.740585655576	-0.740585655576	0.000000000000
85.045045	0.000000000000	-0.742158024271	-0.742158024271	0.000000000000
85.225225	0.000000000000	-0.743730392967	-0.743730392967	0.000000000000
85.405405	0.000000000000	-0.745302761662	-0.745302761662	0.000000000000
85.585586	0.000000000000	-0.746875130358	-0.746875130358	0.000000000000
85.765766	0.000000000000	-0.748447499053	-0.748447499053	0.000000000000
85.945946	0.000000000000	-0.750019867749	-0.750019867749	0.000000000000
86.126126	0.000000000000	-0.751592236444	-0.751592236444	0.000000000000
86.306306	0.000000000000	-0.753164605140	-0.753164605140	0.000000000000
86.486486	0.000000000000	-0.754736973835	-0.754736973835	0.000000000000
86.666667	0.000000000000	-0.756309342531	-0.756309342531	0.000000000000
86.846847	0.000000000000	-0.757881711226	-0.757881711226	0.000000000000
87.027027	0.000000000000	-0.759454079922	-0.759454079922	0.000000000000
87.207207	0.000000000000	-0.761026448617	-0.761026448617	0.000000000000
87.387387	0.000000000000	-0.762598817313	-0.762598817313	0.000000000000
87.567568	0.000000000000	-0.764171186008	-0.764171186008	0.000000000000
87.747748	0.000000000000	-0.765743554704	-0.765743554704	0.000000000000
87.927928	0.000000000000	-0.767315923399	-0.767315923399	0.000000000000
88.108108	0.000000000000	-0.768888292095	-0.768888292095	0.000000000000
88.288288	0.000000000000	-0.770460660790	-0.770460660790	0.000000000000
88.468468	0.000000000000	-0.772033029486	-0.772033029486	0.000000000000
88.648649	0.000000000000	-0.773605398181	-0.773605398181	0.000000000000
88.828829	0.000000000000	-0.775177766877	-0.775177766877	0.000000000000
89.009009	0.000000000000	-0.776750135572	-0.776750135572	0.000000000000
89.189189	0.000000000000	-0.778322504268	-0.778322504268	0.000000000000
89.369369	0.000000000000	-0.779894872963	-0.779894872963	0.000000000000
89.549550	0.000000000000	-0.781467241659	-0.781467241659	0.000000000000
89.729730	0.000000000000	-0.783039610354	-0.783039610354	0.000000000000
89.909910	0.000000000000	-0.784611979050	-0.784611979050	0.000000000000
90.090090	0.000000000000	-0.786184347745	-0.786184347745	0.000000000000
90.270270	0.000000000000	-0.787756716441	-0.787756716441	0.000000000000
90.450450	0.000000000000	-0.789329085136	-0.789329085136	0.000000000000
90.630631	0.000000000000	-0.790901453832	-0.790901453832	0.000000000000
90.810811	0.000000000000	-0.792473822527	-0.792473822527	0.000000000000
90.990991	0.000000000000	-0.794046191223	-0.794046191223	0.000000000000
91.171171	0.000000000000	-0.795618559918	-0.795618559918	0.000000000000
91.351351	0.000000000000	-0.797190928614	-0.797190928614	0.000000000000
91.531532	0.000000000000	-0.798763297309	-0.798763297309	0.000000000000
91.711712	0.000000000000	-0.800335666005	-0.800335666005	0.000000000000
91.891892	0.000000000000	-0.801908034700	-0.801908034700	0.000000000000
92.072072	0.000000000000	-0.803480403396	-0.803480403396	0.000000000000
92.252252	0.000000000000	-0.805052772091	-0.805052772091	0.000000000000
92.432432	0.000000000000	-0.806625140787	-0.806625140787	0.000000000000
92.612613	0.000000000000	-0.808197509482	-0.808197509482	0.000000000000
92.792793	0.000000000000	-0.809769878178	-0.809769878178	0.000000000000
92.972973	0.000000000000	-0.811342246873	-0.811342246873	0.000000000000
93.153153	0.000000000000	-0.812914615569	-0.812914615569	0.000000000000
93.333333	0.000000000000	-0.814486984264	-0.814486984264	0.000000000000
93.513514	0.000000000000	-0.816059352960	-0.816059352960	0.000000000000
93.693694	0.000000000000	-0.817631721655	-0.817631721655	0.000000000000
93.873874	0.000000000000	-0.819204090350	-0.819204090350	0.000000000000
94.054054	0.000000000000	-0.820776459046	-0.820776459046	0.000000000000
94.234234	0.000000000000	-0.822348827741	-0.822348827741	0.000000000000
94.414414	0.000000000000	-0.823921196437	-0.823921196437	0.000000000000
94.594595	0.000000000000	-0.825493565132	-0.825493565132	0.000000000000
94.774775	0.000000000000	-0.827065933828	-0.827065933828	0.000000000000
94.954955	0.000000000000	-0.828638302523	-0.828638302523	0.000000000000
95.135135	0.000000000000	-0.830210671219	-0.830210671219	0.000000000000
95.315315	0.000000000000	-0.831783039914	-0.831783039914	0.000000000000
95.495495	0.000000000000	-0.833355408610	-0.833355408610	0.000000000000
95.675676	0.000000000000	-0.834927777305	-0.834927777305	0.000000000000
95.855856	0.000000000000	-0.836500146001	-0.836500146001	0.000000000000
96.036036	0.000000000000	-0.838072514696	-0.838072514696	0.000000000000
96.216216	0.000000000000	-0.839644883392	-0.839644883392	0.000000000000
96.396396	0.000000000000	-0.841217252087	-0.841217252087	0.000000000000
96.576577	0.000000000000	-0.842789620783	-0.842789620783	0.000000000000
96.756757	0.000000000000	-0.844361989478	-0.844361989478	0.000000000000
96.936937	0.000000000000	-0.845934358174	-0.845934358174	0.000000000000
97.117117	0.000000000000	-0.847506726869	-0.847506726869	0.000000000000
97.297297	0.000000000000	-0.849079095565	-0.849079095565	0.000000000000
97.477477	0.000000000000	-0.850651464260	-0.850651464260	0.000000000000
97.657658	0.000000000000	-0.852223832956	-0.852223832956	0.000000000000
97.837838	0.000000000000	-0.853796201651	-0.853796201651	0.000000000000
98.018018	0.000000000000	-0.855368570347	-0.855368570347	0.000000000000
98.198198	0.000000000000	-0.856940939042	-0.856940939042	0.000000000000
98.378378	0.000000000000	-0.858513307738	-0.858513307738	0.000000000000
98.558559	0.000000000000	-0.860085676433	-0.860085676433	0.000000000000
98.738739	0.000000000000	-0.861658045129	-0.861658045129	0.000000000000
98.918919	0.000000000000	-0.863230413824	-0.863230413824	0.000000000000
99.099099	0.000000000000	-0.864802782520	-0.864802782520	0.000000000000
99.279279	0.000000000000	-0.866375151215	-0.866375151215	0.000000000000
99.459459	0.000000000000	-0.867947519911	-0.867947519911	0.000000000000
99.639640	0.000000000000	-0.869519888606	-0.869519888606	0.000000000000
99.819820	0.000000000000	-0.871092257302	-0.871092257302	0.000000000000
100.000000	0.000000000000	-0.872664625997	-0.872664625997	0.000000000000
100.180180	0.000000000000	-0.874236994693	-0.874236994693	0.000000000000
100.360360	0.000000000000	-0.875809363388	-0.875809363388	0.000000000000
100.540541	0.000000000000	-0.877381732084	-0.877381732084	0.000000000000
100.720721	0.000000000000	-0.878954100779	-0.878954100779	0.000000000000
100.900901	0.000000000000	-0.880526469475	-0.880526469475	0.000000000000
101.081081	0.000000000000	-0.882098838170	-0.882098838170	0.000000000000
101.261261	0.000000000000	-0.883671206866	-0.883671206866	0.000000000000
101.441441	0.000000000000	-0.885243575561	-0.885243575561	0.000000000000
101.621622	0.000000000000	-0.886815944257	-0.886815944257	0.000000000000
101.801802	0.000000000000	-0.888388312952	-0.888388312952	0.000000000000
101.981982	0.000000000000	-0.889960681648	-0.889960681648	0.000000000000
102.162162	0.000000000000	-0.891533050343	-0.891533050343	0.000000000000
102.342342	0.000000000000	-0.893105419039	-0.893105419039	0.000000000000
102.522523	0.000000000000	-0.894677787734	-0.894677787734	0.000000000000
102.702703	0.000000000000	-0.896250156430	-0.896250156430	0.000000000000
102.882883	0.000000000000	-0.897822525125	-0.897822525125	0.000000000000
103.063063	0.000000000000	-0.899394893821	-0.899394893821	0.000000000000
103.243243	0.000000000000	-0.900967262516	-0.900967262516	0.000000000000
103.423423	0.000000000000	-0.902539631211	-0.902539631211	0.000000000000
103.603604	0.000000000000	-0.904111999907	-0.904111999907	0.000000000000
103.783784	0.000000000000	-0.905684368602	-0.905684368602	0.000000000000
103.963964	0.000000000000	-0.907256737298	-0.907256737298	0.000000000000
104.144144	0.000000000000	-0.908829105993	-0.908829105993	0.000000000000
104.324324	0.000000000000	-0.910401474689	-0.910401474689	0.000000000000
104.504505	0.000000000000	-0.911973843384	-0.911973843384	0.000000000000
104.684685	0.000000000000	-0.913546212080	-0.913546212080	0.000000000000
104.864865	0.000000000000	-0.915118580775	-0.915118580775	0.000000000000
105.045045	0.000000000000	-0.916690949471	-0.916690949471	0.000000000000
105.225225	0.000000000000	-0.918263318166	-0.918263318166	0.000000000000
105.405405	0.000000000000	-0.919835686862	-0.919835686862	0.000000000000
105.585586	0.000000000000	-0.921408055557	-0.921408055557	0.000000000000
105.765766	0.000000000000	-0.922980424253	-0.922980424253	0.000000000000
105.945946	0.000000000000	-0.924552792948	-0.924552792948	0.000000000000
106.126126	0.000000000000	-0.926125161644	-0.926125161644	0.000000000000
106.306306	0.000000000000	-0.927697530339	-0.927697530339	0.000000000000
106.486486	0.000000000000	-0.929269899035	-0.929269899035	0.000000000000
106.666667	0.000000000000	-0.930842267730	-0.930842267730	0.000000000000
106.846847	0.000000000000	-0.932414636426	-0.932414636426	0.000000000000
107.027027	0.000000000000	-0.933987005121	-0.933987005121	0.000000000000
107.207207	0.000000000000	-0.935559373817	-0.935559373817	0.000000000000
107.387387	0.000000000000	-0.937131742512	-0.937131742512	0.000000000000
107.567568	0.000000000000	-0.938704111208	-0.938704111208	0.000000000000
107.747748	0.000000000000	-0.940276479903	-0.940276479903	0.000000000000
107.927928	0.000000000000	-0.941848848599	-0.941848848599	0.000000000000
108.108108	0.000000000000	-0.943421217294	-0.943421217294	0.000000000000
108.288288	0.000000000000	-0.944993585990	-0.944993585990	0.000000000000
108.468468	0.000000000000	-0.946565954685	-0.946565954685	0.000000000000
108.648649	0.000000000000	-0.948138323381	-0.948138323381	0.000000000000
108.828829	0.000000000000	-0.949710692076	-0.949710692076	0.000000000000
109.009009	0.000000000000	-0.951283060772	-0.951283060772	0.000000000000
109.189189	0.000000000000	-0.952855429467	-0.952855429467	0.000000000000
109.369369	0.000000000000	-0.954427798163	-0.954427798163	0.000000000000
109.549550	0.000000000000	-0.956000166858	-0.956000166858	0.000000000000
109.729730	0.000000000000	-0.957572535554	-0.957572535554	0.000000000000
109.909910	0.000000000000	-0.959144904249	-0.959144904249	0.000000000000
110.090090	0.000000000000	-0.960717272945	-0.960717272945	0.000000000000
110.270270	0.000000000000	-0.962289641640	-0.962289641640	0.000000000000
110.450450	0.000000000000	-0.963862010336	-0.963862010336	0.000000000000
110.630631	0.000000000000	-0.965434379031	-0.965434379031	0.000000000000
110.810811	0.000000000000	-0.967006747727	-0.967006747727	0.000000000000
110.990991	0.000000000000	-0.968579116422	-0.968579116422	0.000000000000
111.171171	0.000000000000	-0.970151485118	-0.970151485118	0.000000000000
111.351351	0.000000000000	-0.971723853813	-0.971723853813	0.000000000000
111.531532	0.000000000000	-0.973296222509	-0.973296222509	0.000000000000
111.711712	0.000000000000	-0.974868591204	-0.974868591204	0.000000000000
111.891892	0.000000000000	-0.976440959900	-0.976440959900	0.000000000000
112.072072	0.000000000000	-0.978013328595	-0.978013328595	0.000000000000
112.252252	0.000000000000	-0.979585697291	-0.979585697291	0.000000000000
112.432432	0.000000000000	-0.981158065986	-0.981158065986	0.000000000000
112.612613	0.000000000000	-0.982730434681	-0.982730434681	0.000000000000
112.792793	0.000000000000	-0.984302803377	-0.984302803377	0.000000000000
112.972973	0.000000000000	-0.985875172072	-0.985875172072	0.000000000000
113.153153	0.000000000000	-0.987447540768	-0.987447540768	0.000000000000
113.333333	0.000000000000	-0.989019909463	-0.989019909463	0.000000000000
113.513514	0.000000000000	-0.990592278159	-0.990592278159	0.000000000000
113.693694	0.000000000000	-0.992164646854	-0.992164646854	0.000000000000
113.873874	0.000000000000	-0.993737015550	-0.993737015550	0.000000000000
114.054054	0.000000000000	-0.995309384245	-0.995309384245	0.000000000000
114.234234	0.000000000000	-0.996881752941	-0.996881752941	0.000000000000
114.414414	0.000000000000	-0.998454121636	-0.998454121636	0.000000000000
114.594595	0.000000000000	-1.000026490332	-1.000026490332	0.000000000000
114.774775	0.000000000000	-1.001598859027	-1.001598859027	0.000000000000
114.954955	0.000000000000	-1.003171227723	-1.003171227723	0.000000000000
115.135135	0.000000000000	-1.004743596418	-1.004743596418	0.000000000000
115.315315	0.000000000000	-1.006315965114	-1.006315965114	0.000000000000
115.495495	0.000000000000	-1.007888333809	-1.007888333809	0.000000000000
115.675676	0.000000000000	-1.009460702505	-1.009460702505	0.000000000000
115.855856	0.000000000000	-1.011033071200	-1.011033071200	0.000000000000
116.036036	0.000000000000	-1.012605439896	-1.012605439896	0.000000000000
116.216216	0.000000000000	-1.014177808591	-1.014177808591	0.000000000000
116.396396	0.000000000000	-1.015750177287	-1.015750177287	0.000000000000
116.576577	0.000000000000	-1.017322545982	-1.017322545982	0.000000000000
116.756757	0.000000000000	-1.018894914678	-1.018894914678	0.000000000000
116.936937	0.000000000000	-1.020467283373	-1.020467283373	0.000000000000
117.117117	0.000000000000	-1.022039652069	-1.022039652069	0.000000000000
117.297297	0.000000000000	-1.023612020764	-1.023612020764	0.000000000000
117.477477	0.000000000000	-1.025184389460	-1.025184389460	0.000000000000
117.657658	0.000000000000	-1.026756758155	-1.026756758155	0.000000000000
117.837838	0.000000000000	-1.028329126851	-1.028329126851	0.000000000000
118.018018	0.000000000000	-1.029901495546	-1.029901495546	0.000000000000
118.198198	0.000000000000	-1.031473864242	-1.031473864242	0.000000000000
118.378378	0.000000000000	-1.033046232937	-1.033046232937	0.000000000000
118.558559	0.000000000000	-1.034618601633	-1.034618601633	0.000000000000
118.738739	0.000000000000	-1.036190970328	-1.036190970328	0.000000000000
118.918919	0.000000000000	-1.037763339024	-1.037763339024	0.000000000000
119.099099	0.000000000000	-1.039335707719	-1.039335707719	0.000000000000
119.279279	0.000000000000	-1.040908076415	-1.040908076415	0.000000000000
119.459459	0.000000000000	-1.042480445110	-1.042480445110	0.000000000000
119.639640	0.000000000000	-1.044052813806	-1.044052813806	0.000000000000
119.819820	0.000000000000	-1.045625182501	-1.045625182501	0.000000000000
120.000000	0.000000000000	-1.047197551197	-1.047197551197	0.000000000000
120.180180	0.000000000000	-1.048769919892	-1.048769919892	0.000000000000
120.360360	0.000000000000	-1.050342288588	-1.050342288588	0.000000000000
120.540541	0.000000000000	-1.051914657283	-1.051914657283	0.000000000000
120.720721	0.000000000000	-1.053487025979	-1.053487025979	0.000000000000
120.900901	0.000000000000	-1.055059394674	-1.055059394674	0.000000000000
121.081081	0.000000000000	-1.056631763370	-1.056631763370	0.000000000000
121.261261	0.000000000000	-1.058204132065	-1.058204132065	0.000000000000
121.441441	0.000000000000	-1.059776500761	-1.059776500761	0.000000000000
121.621622	0.000000000000	-1.061348869456	-1.061348869456	0.000000000000
121.801802	0.000000000000	-1.062921238152	-1.062921238152	0.000000000000
121.981982	0.000000000000	-1.064493606847	-1.064493606847	0.000000000000
122.162162	0.000000000000	-1.066065975542	-1.066065975542	0.000000000000
122.342342	0.000000000000	-1.067638344238	-1.067638344238	0.000000000000
122.522523	0.000000000000	-1.069210712933	-1.069210712933	0.000000000000
122.702703	0.000000000000	-1.070783081629	-1.070783081629	0.000000000000
122.882883	0.000000000000	-1.072355450324	-1.072355450324	0.000000000000
123.063063	0.000000000000	-1.073927819020	-1.073927819020	0.000000000000
123.243243	0.000000000000	-1.075500187715	-1.075500187715	0.000000000000
123.423423	0.000000000000	-1.077072556411	-1.077072556411	0.000000000000
123.603604	0.000000000000	-1.078644925106	-1.078644925106	0.000000000000
123.783784	0.000000000000	-1.080217293802	-1.080217293802	0.000000000000
123.963964	0.000000000000	-1.081789662497	-1.081789662497	0.000000000000
124.144144	0.000000000000	-1.083362031193	-1.083362031193	0.000000000000
124.324324	0.000000000000	-1.084934399888	-1.084934399888	0.000000000000
124.504505	0.000000000000	-1.086506768584	-1.086506768584	0.000000000000
124.684685	0.000000000000	-1.088079137279	-1.088079137279	0.000000000000
124.864865	0.000000000000	-1.089651505975	-1.089651505975	0.000000000000
125.045045	0.000000000000	-1.091223874670	-1.091223874670	0.000000000000
125.225225	0.000000000000	-1.092796243366	-1.092796243366	0.000000000000
125.405405	0.000000000000	-1.094368612061	-1.094368612061	0.000000000000
125.585586	0.000000000000	-1.095940980757	-1.095940980757	0.000000000000
125.765766	0.000000000000	-1.097513349452	-1.097513349452	0.000000000000
125.945946	0.000000000000	-1.099085718148	-1.099085718148	0.000000000000
126.126126	0.000000000000	-1.100658086843	-1.100658086843	0.000000000000
126.306306	0.000000000000	-1.102230455539	-1.102230455539	0.000000000000
126.486486	0.000000000000	-1.103802824234	-1.103802824234	0.000000000000
126.666667	0.000000000000	-1.105375192930	-1.105375192930	0.000000000000
126.846847	0.000000000000	-1.106947561625	-1.106947561625	0.000000000000
127.027027	0.000000000000	-1.108519930321	-1.108519930321	0.000000000000
127.207207	0.000000000000	-1.110092299016	-1.110092299016	0.000000000000
127.387387	0.000000000000	-1.111664667712	-1.111664667712	0.000000000000
127.567568	0.000000000000	-1.113237036407	-1.113237036407	0.000000000000
127.747748	0.000000000000	-1.114809405103	-1.114809405103	0.000000000000
127.927928	0.000000000000	-1.116381773798	-1.116381773798	0.000000000000
128.108108	0.000000000000	-1.117954142494	-1.117954142494	0.000000000000
128.288288	0.000000000000	-1.119526511189	-1.119526511189	0.000000000000
128.468468	0.000000000000	-1.121098879885	-1.121098879885	0.000000000000
128.648649	0.000000000000	-1.122671248580	-1.122671248580	0.000000000000
128.828829	0.000000000000	-1.124243617276	-1.124243617276	0.000000000000
129.009009	0.000000000000	-1.125815985971	-1.125815985971	0.000000000000
129.189189	0.000000000000	-1.127388354667	-1.127388354667	0.000000000000
129.369369	0.000000000000	-1.128960723362	-1.128960723362	0.000000000000
129.549550	0.000000000000	-1.130533092058	-1.130533092058	0.000000000000
129.729730	0.000000000000	-1.132105460753	-1.132105460753	0.000000000000
129.909910	0.000000000000	-1.133677829449	-1.133677829449	0.000000000000
130.090090	0.000000000000	-1.135250198144	-1.135250198144	0.000000000000
130.270270	0.000000000000	-1.136822566840	-1.136822566840	0.000000000000
130.450450	0.000000000000	-1.138394935535	-1.138394935535	0.000000000000
130.630631	0.000000000000	-1.139967304231	-1.139967304231	0.000000000000
130.810811	0.000000000000	-1.141539672926	-1.141539672926	0.000000000000
130.990991	0.000000000000	-1.143112041622	-1.143112041622	0.000000000000
131.171171	0.000000000000	-1.144684410317	-1.144684410317	0.000000000000
131.351351	0.000000000000	-1.146256779012	-1.146256779012	0.000000000000
131.531532	0.000000000000	-1.147829147708	-1.147829147708	0.000000000000
131.711712	0.000000000000	-1.149401516403	-1.149401516403	0.000000000000
131.891892	0.000000000000	-1.150973885099	-1.150973885099	0.000000000000
132.072072	0.000000000000	-1.152546253794	-1.152546253794	0.000000000000
132.252252	0.000000000000	-1.154118622490	-1.154118622490	0.000000000000
132.432432	0.000000000000	-1.155690991185	-1.155690991185	0.000000000000
132.612613	0.000000000000	-1.157263359881	-1.157263359881	0.000000000000
132.792793	0.000000000000	-1.158835728576	-1.158835728576	0.000000000000
132.972973	0.000000000000	-1.160408097272	-1.160408097272	0.000000000000
133.153153	0.000000000000	-1.161980465967	-1.161980465967	0.000000000000
133.333333	0.000000000000	-1.163552834663	-1.163552834663	0.000000000000
133.513514	0.000000000000	-1.165125203358	-1.165125203358	0.000000000000
133.693694	0.000000000000	-1.166697572054	-1.166697572054	0.000000000000
133.873874	0.000000000000	-1.168269940749	-1.168269940749	0.000000000000
134.054054	0.000000000000	-1.169842309445	-1.169842309445	0.000000000000
134.234234	0.000000000000	-1.171414678140	-1.171414678140	0.000000000000
134.414414	0.000000000000	-1.172987046836	-1.172987046836	0.000000000000
134.594595	0.000000000000	-1.174559415531	-1.174559415531	0.000000000000
134.774775	0.000000000000	-1.176131784227	-1.176131784227	0.000000000000
134.954955	0.000000000000	-1.177704152922	-1.177704152922	0.000000000000
135.135135	0.000000000000	-1.179276521618	-1.179276521618	0.000000000000
135.315315	0.000000000000	-1.180848890313	-1.180848890313	0.000000000000
135.495495	0.000000000000	-1.182421259009	-1.182421259009	0.000000000000
135.675676	0.000000000000	-1.183993627704	-1.183993627704	0.000000000000
135.855856	0.000000000000	-1.185565996400	-1.185565996400	0.000000000000
136.036036	0.000000000000	-1.187138365095	-1.187138365095	0.000000000000
136.216216	0.000000000000	-1.188710733791	-1.188710733791	0.000000000000
136.396396	0.000000000000	-1.190283102486	-1.190283102486	0.000000000000
136.576577	0.000000000000	-1.191855471182	-1.191855471182	0.000000000000
136.756757	0.000000000000	-1.193427839877	-1.193427839877	0.000000000000
136.936937	0.000000000000	-1.195000208573	-1.195000208573	0.000000000000
137.117117	0.000000000000	-1.196572577268	-1.196572577268	0.000000000000
137.297297	0.000000000000	-1.198144945964	-1.198144945964	0.000000000000
137.477477	0.000000000000	-1.199717314659	-1.199717314659	0.000000000000
137.657658	0.000000000000	-1.201289683355	-1.201289683355	0.000000000000
137.837838	0.000000000000	-1.202862052050	-1.202862052050	0.000000000000
138.018018	0.000000000000	-1.204434420746	-1.204434420746	0.000000000000
138.198198	0.000000000000	-1.206006789441	-1.206006789441	0.000000000000
138.378378	0.000000000000	-1.207579158137	-1.207579158137	0.000000000000
138.558559	0.000000000000	-1.209151526832	-1.209151526832	0.000000000000
138.738739	0.000000000000	-1.210723895528	-1.210723895528	0.000000000000
138.918919	0.000000000000	-1.212296264223	-1.212296264223	0.000000000000
139.099099	0.000000000000	-1.213868632919	-1.213868632919	0.000000000000
139.279279	0.000000000000	-1.215441001614	-1.215441001614	0.000000000000
139.459459	0.000000000000	-1.217013370310	-1.217013370310	0.000000000000
139.639640	0.000000000000	-1.218585739005	-1.218585739005	0.000000000000
139.819820	0.000000000000	-1.220158107701	-1.220158107701	0.000000000000
140.000000	0.000000000000	-1.221730476396	-1.221730476396	0.000000000000
140.180180	0.000000000000	-1.223302845092	-1.223302845092	0.000000000000
140.360360	0.000000000000	-1.224875213787	-1.224875213787	0.000000000000
140.540541	0.000000000000	-1.226447582483	-1.226447582483	0.000000000000
140.720721	0.000000000000	-1.228019951178	-1.228019951178	0.000000000000
140.900901	0.000000000000	-1.229592319873	-1.229592319873	0.000000000000
141.081081	0.000000000000	-1.231164688569	-1.231164688569	0.000000000000
141.261261	0.000000000000	-1.232737057264	-1.232737057264	0.000000000000
141.441441	0.000000000000	-1.234309425960	-1.234309425960	0.000000000000
141.621622	0.000000000000	-1.235881794655	-1.235881794655	0.000000000000
141.801802	0.000000000000	-1.237454163351	-1.237454163351	0.000000000000
141.981982	0.000000000000	-1.239026532046	-1.239026532046	0.000000000000
142.162162	0.000000000000	-1.240598900742	-1.240598900742	0.000000000000
142.342342	0.000000000000	-1.242171269437	-1.242171269437	0.000000000000
142.522523	0.000000000000	-1.243743638133	-1.243743638133	0.000000000000
142.702703	0.000000000000	-1.245316006828	-1.245316006828	0.000000000000
142.882883	0.000000000000	-1.246888375524	-1.246888375524	0.000000000000
143.063063	0.000000000000	-1.248460744219	-1.248460744219	0.000000000000
143.243243	0.000000000000	-1.250033112915	-1.250033112915	0.000000000000
143.423423	0.000000000000	-1.251605481610	-1.251605481610	0.000000000000
143.603604	0.000000000000	-1.253177850306	-1.253177850306	0.000000000000
143.783784	0.000000000000	-1.254750219001	-1.254750219001	0.000000000000
143.963964	0.000000000000	-1.256322587697	-1.256322587697	0.000000000000
144.144144	0.000000000000	-1.257894956392	-1.257894956392	0.000000000000
144.324324	0.000000000000	-1.259467325088	-1.259467325088	0.000000000000
144.504505	0.000000000000	-1.261039693783	-1.261039693783	0.000000000000
144.684685	0.000000000000	-1.262612062479	-1.262612062479	0.000000000000
144.864865	0.000000000000	-1.264184431174	-1.264184431174	0.000000000000
145.045045	0.000000000000	-1.265756799870	-1.265756799870	0.000000000000
145.225225	0.000000000000	-1.267329168565	-1.267329168565	0.000000000000
145.405405	0.000000000000	-1.268901537261	-1.268901537261	0.000000000000
145.585586	0.000000000000	-1.270473905956	-1.270473905956	0.000000000000
145.765766	0.000000000000	-1.272046274652	-1.272046274652	0.000000000000
145.945946	0.000000000000	-1.273618643347	-1.273618643347	0.000000000000
146.126126	0.000000000000	-1.275191012043	-1.275191012043	0.000000000000
146.306306	0.000000000000	-1.276763380738	-1.276763380738	0.000000000000
146.486486	0.000000000000	-1.278335749434	-1.278335749434	0.000000000000
146.666667	0.000000000000	-1.279908118129	-1.279908118129	0.000000000000
146.846847	0.000000000000	-1.281480486825	-1.281480486825	0.000000000000
147.027027	0.000000000000	-1.283052855520	-1.283052855520	0.000000000000
147.207207	0.000000000000	-1.284625224216	-1.284625224216	0.000000000000
147.387387	0.000000000000	-1.286197592911	-1.286197592911	0.000000000000
147.567568	0.000000000000	-1.287769961607	-1.287769961607	0.000000000000
147.747748	0.000000000000	-1.289342330302	-1.289342330302	0.000000000000
147.927928	0.000000000000	-1.290914698998	-1.290914698998	0.000000000000
148.108108	0.000000000000	-1.292487067693	-1.292487067693	0.000000000000
148.288288	0.000000000000	-1.294059436389	-1.294059436389	0.000000000000
148.468468	0.000000000000	-1.295631805084	-1.295631805084	0.000000000000
148.648649	0.000000000000	-1.297204173780	-1.297204173780	0.000000000000
148.828829	0.000000000000	-1.298776542475	-1.298776542475	0.000000000000
149.009009	0.000000000000	-1.300348911171	-1.300348911171	0.000000000000
149.189189	0.000000000000	-1.301921279866	-1.301921279866	0.000000000000
149.369369	0.000000000000	-1.303493648562	-1.303493648562	0.000000000000
149.549550	0.000000000000	-1.305066017257	-1.305066017257	0.000000000000
149.729730	0.000000000000	-1.306638385953	-1.306638385953	0.000000000000
149.909910	0.000000000000	-1.308210754648	-1.308210754648	0.000000000000
150.090090	0.000000000000	-1.309783123343	-1.309783123343	0.000000000000
150.270270	0.000000000000	-1.311355492039	-1.311355492039	0.000000000000
150.450450	0.000000000000	-1.312927860734	-1.312927860734	0.000000000000
150.630631	0.000000000000	-1.314500229430	-1.314500229430	0.000000000000
150.810811	0.000000000000	-1.316072598125	-1.316072598125	0.000000000000
150.990991	0.000000000000	-1.317644966821	-1.317644966821	0.000000000000
151.171171	0.000000000000	-1.319217335516	-1.319217335516	0.000000000000
151.351351	0.000000000000	-1.320789704212	-1.320789704212	0.000000000000
151.531532	0.000000000000	-1.322362072907	-1.322362072907	0.000000000000
151.711712	0.000000000000	-1.323934441603	-1.323934441603	0.000000000000
151.891892	0.000000000000	-1.325506810298	-1.325506810298	0.000000000000
152.072072	0.000000000000	-1.327079178994	-1.327079178994	0.000000000000
152.252252	0.000000000000	-1.328651547689	-1.328651547689	0.000000000000
152.432432	0.000000000000	-1.330223916385	-1.330223916385	0.000000000000
152.612613	0.000000000000	-1.331796285080	-1.331796285080	0.000000000000
152.792793	0.000000000000	-1.333368653776	-1.333368653776	0.000000000000
152.972973	0.000000000000	-1.334941022471	-1.334941022471	0.000000000000
153.153153	0.000000000000	-1.336513391167	-1.336513391167	0.000000000000
153.333333	0.000000000000	-1.338085759862	-1.338085759862	0.000000000000
153.513514	0.000000000000	-1.339658128558	-1.339658128558	0.000000000000
153.693694	0.000000000000	-1.341230497253	-1.341230497253	0.000000000000
153.873874	0.000000000000	-1.342802865949	-1.342802865949	0.000000000000
154.054054	0.000000000000	-1.344375234644	-1.344375234644	0.000000000000
154.234234	0.000000000000	-1.345947603340	-1.345947603340	0.000000000000
154.414414	0.000000000000	-1.347519972035	-1.347519972035	0.000000000000
154.594595	0.000000000000	-1.349092340731	-1.349092340731	0.000000000000
154.774775	0.000000000000	-1.350664709426	-1.350664709426	0.000000000000
154.954955	0.000000000000	-1.352237078122	-1.352237078122	0.000000000000
155.135135	0.000000000000	-1.353809446817	-1.353809446817	0.000000000000
155.315315	0.000000000000	-1.355381815513	-1.355381815513	0.000000000000
155.495495	0.000000000000	-1.356954184208	-1.356954184208	0.000000000000
155.675676	0.000000000000	-1.358526552904	-1.358526552904	0.000000000000
155.855856	0.000000000000	-1.360098921599	-1.360098921599	0.000000000000
156.036036	0.000000000000	-1.361671290295	-1.361671290295	0.000000000000
156.216216	0.000000000000	-1.363243658990	-1.363243658990	0.000000000000
156.396396	0.000000000000	-1.364816027686	-1.364816027686	0.000000000000
156.576577	0.000000000000	-1.366388396381	-1.366388396381	0.000000000000
156.756757	0.000000000000	-1.367960765077	-1.367960765077	0.000000000000
156.936937	0.000000000000	-1.369533133772	-1.369533133772	0.000000000000
157.117117	0.000000000000	-1.371105502468	-1.371105502468	0.000000000000
157.297297	0.000000000000	-1.372677871163	-1.372677871163	0.000000000000
157.477477	0.000000000000	-1.374250239859	-1.374250239859	0.000000000000
157.657658	0.000000000000	-1.375822608554	-1.375822608554	0.000000000000
157.837838	0.000000000000	-1.377394977250	-1.377394977250	0.000000000000
158.018018	0.000000000000	-1.378967345945	-1.378967345945	0.000000000000
158.198198	0.000000000000	-1.380539714641	-1.380539714641	0.000000000000
158.378378	0.000000000000	-1.382112083336	-1.382112083336	0.000000000000
158.558559	0.000000000000	-1.383684452032	-1.383684452032	0.000000000000
158.738739	0.000000000000	-1.385256820727	-1.385256820727	0.000000000000
158.918919	0.000000000000	-1.386829189423	-1.386829189423	0.000000000000
159.099099	0.000000000000	-1.388401558118	-1.388401558118	0.000000000000
159.279279	0.000000000000	-1.389973926814	-1.389973926814	0.000000000000
159.459459	0.000000000000	-1.391546295509	-1.391546295509	0.000000000000
159.639640	0.000000000000	-1.393118664204	-1.393118664204	0.000000000000
159.819820	0.000000000000	-1.394691032900	-1.394691032900	0.000000000000
160.000000	0.000000000000	-1.396263401595	-1.396263401595	0.000000000000
160.180180	0.000000000000	-1.397835770291	-1.397835770291	0.000000000000
160.360360	0.000000000000	-1.399408138986	-1.399408138986	0.000000000000
160.540541	0.000000000000	-1.400980507682	-1.400980507682	0.000000000000
160.720721	0.000000000000	-1.402552876377	-1.402552876377	0.000000000000
160.900901	0.000000000000	-1.404125245073	-1.404125245073	0.000000000000
161.081081	0.000000000000	-1.405697613768	-1.405697613768	0.000000000000
161.261261	0.000000000000	-1.407269982464	-1.407269982464	0.000000000000
161.441441	0.000000000000	-1.408842351159	-1.408842351159	0.000000000000
161.621622	0.000000000000	-1.410414719855	-1.410414719855	0.000000000000
161.801802	0.000000000000	-1.411987088550	-1.411987088550	0.000000000000
161.981982	0.000000000000	-1.413559457246	-1.413559457246	0.000000000000
162.162162	0.000000000000	-1.415131825941	-1.415131825941	0.000000000000
162.342342	0.000000000000	-1.416704194637	-1.416704194637	0.000000000000
162.522523	0.000000000000	-1.418276563332	-1.418276563332	0.000000000000
162.702703	0.000000000000	-1.419848932028	-1.419848932028	0.000000000000
162.882883	0.000000000000	-1.421421300723	-1.421421300723	0.000000000000
163.063063	0.000000000000	-1.422993669419	-1.422993669419	0.000000000000
163.243243	0.000000000000	-1.424566038114	-1.424566038114	0.000000000000
163.423423	0.000000000000	-1.426138406810	-1.426138406810	0.000000000000
163.603604	0.000000000000	-1.427710775505	-1.427710775505	0.000000000000
163.783784	0.000000000000	-1.429283144201	-1.429283144201	0.000000000000
163.963964	0.000000000000	-1.430855512896	-1.430855512896	0.000000000000
164.144144	0.000000000000	-1.432427881592	-1.432427881592	0.000000000000
164.324324	0.000000000000	-1.434000250287	-1.434000250287	0.000000000000
164.504505	0.000000000000	-1.435572618983	-1.435572618983	0.000000000000
164.684685	0.000000000000	-1.437144987678	-1.437144987678	0.000000000000
164.864865	0.000000000000	-1.438717356374	-1.438717356374	0.000000000000
165.045045	0.000000000000	-1.440289725069	-1.440289725069	0.000000000000
165.225225	0.000000000000	-1.441862093765	-1.441862093765	0.000000000000
165.405405	0.000000000000	-1.443434462460	-1.443434462460	0.000000000000
165.585586	0.000000000000	-1.445006831156	-1.445006831156	0.000000000000
165.765766	0.000000000000	-1.446579199851	-1.446579199851	0.000000000000
165.945946	0.000000000000	-1.448151568547	-1.448151568547	0.000000000000
166.126126	0.000000000000	-1.449723937242	-1.449723937242	0.000000000000
166.306306	0.000000000000	-1.451296305938	-1.451296305938	0.000000000000
166.486486	0.000000000000	-1.452868674633	-1.452868674633	0.000000000000
166.666667	0.000000000000	-1.454441043329	-1.454441043329	0.000000000000
166.846847	0.000000000000	-1.456013412024	-1.456013412024	0.000000000000
167.027027	0.000000000000	-1.457585780720	-1.457585780720	0.000000000000
167.207207	0.000000000000	-1.459158149415	-1.459158149415	0.000000000000
167.387387	0.000000000000	-1.460730518111	-1.460730518111	0.000000000000
167.567568	0.000000000000	-1.462302886806	-1.462302886806	0.000000000000
167.747748	0.000000000000	-1.463875255502	-1.463875255502	0.000000000000
167.927928	0.000000000000	-1.465447624197	-1.465447624197	0.000000000000
168.108108	0.000000000000	-1.467019992893	-1.467019992893	0.000000000000
168.288288	0.000000000000	-1.468592361588	-1.468592361588	0.000000000000
168.468468	0.000000000000	-1.470164730284	-1.470164730284	0.000000000000
168.648649	0.000000000000	-1.471737098979	-1.471737098979	0.000000000000
168.828829	0.000000000000	-1.473309467674	-1.473309467674	0.000000000000
169.009009	0.000000000000	-1.474881836370	-1.474881836370	0.000000000000
169.189189	0.000000000000	-1.476454205065	-1.476454205065	0.000000000000
169.369369	0.000000000000	-1.478026573761	-1.478026573761	0.000000000000
169.549550	0.000000000000	-1.479598942456	-1.479598942456	0.000000000000
169.729730	0.000000000000	-1.481171311152	-1.481171311152	0.000000000000
169.909910	0.000000000000	-1.482743679847	-1.482743679847	0.000000000000
170.090090	0.000000000000	-1.484316048543	-1.484316048543	0.000000000000
170.270270	0.000000000000	-1.485888417238	-1.485888417238	0.000000000000
170.450450	0.000000000000	-1.487460785934	-1.487460785934	0.000000000000
170.630631	0.000000000000	-1.489033154629	-1.489033154629	0.000000000000
170.810811	0.000000000000	-1.490605523325	-1.490605523325	0.000000000000
170.990991	0.000000000000	-1.492177892020	-1.492177892020	0.000000000000
171.171171	0.000000000000	-1.493750260716	-1.493750260716	0.000000000000
171.351351	0.000000000000	-1.495322629411	-1.495322629411	0.000000000000
171.531532	0.000000000000	-1.496894998107	-1.496894998107	0.000000000000
171.711712	0.000000000000	-1.498467366802	-1.498467366802	0.000000000000
171.891892	0.000000000000	-1.500039735498	-1.500039735498	0.000000000000
172.072072	0.000000000000	-1.501612104193	-1.501612104193	0.000000000000
172.252252	0.000000000000	-1.503184472889	-1.503184472889	0.000000000000
172.432432	0.000000000000	-1.504756841584	-1.504756841584	0.000000000000
172.612613	0.000000000000	-1.506329210280	-1.506329210280	0.000000000000
172.792793	0.000000000000	-1.507901578975	-1.507901578975	0.000000000000
172.972973	0.000000000000	-1.509473947671	-1.509473947671	0.000000000000
173.153153	0.000000000000	-1.511046316366	-1.511046316366	0.000000000000
173.333333	0.000000000000	-1.512618685062	-1.512618685062	0.000000000000
173.513514	0.000000000000	-1.514191053757	-1.514191053757	0.000000000000
173.693694	0.000000000000	-1.515763422453	-1.515763422453	0.000000000000
173.873874	0.000000000000	-1.517335791148	-1.517335791148	0.000000000000
174.054054	0.000000000000	-1.518908159844	-1.518908159844	0.000000000000
174.234234	0.000000000000	-1.520480528539	-1.520480528539	0.000000000000
174.414414	0.000000000000	-1.522052897235	-1.522052897235	0.000000000000
174.594595	0.000000000000	-1.523625265930	-1.523625265930	0.000000000000
174.774775	0.000000000000	-1.525197634626	-1.525197634626	0.000000000000
174.954955	0.000000000000	-1.526770003321	-1.526770003321	0.000000000000
175.135135	0.000000000000	-1.528342372017	-1.528342372017	0.000000000000
175.315315	0.000000000000	-1.529914740712	-1.529914740712	0.000000000000
175.495495	0.000000000000	-1.531487109408	-1.531487109408	0.000000000000
175.675676	0.000000000000	-1.533059478103	-1.533059478103	0.000000000000
175.855856	0.000000000000	-1.534631846799	-1.534631846799	0.000000000000
176.036036	0.000000000000	-1.536204215494	-1.536204215494	0.000000000000
176.216216	0.000000000000	-1.537776584190	-1.537776584190	0.000000000000
176.396396	0.000000000000	-1.539348952885	-1.539348952885	0.000000000000
176.576577	0.000000000000	-1.540921321581	-1.540921321581	0.000000000000
176.756757	0.000000000000	-1.542493690276	-1.542493690276	0.000000000000
176.936937	0.000000000000	-1.544066058972	-1.544066058972	0.000000000000
177.117117	0.000000000000	-1.545638427667	-1.545638427667	0.000000000000
177.297297	0.000000000000	-1.547210796363	-1.547210796363	0.000000000000
177.477477	0.000000000000	-1.548783165058	-1.548783165058	0.000000000000
177.657658	0.000000000000	-1.550355533754	-1.550355533754	0.000000000000
177.837838	0.000000000000	-1.551927902449	-1.551927902449	0.000000000000
178.018018	0.000000000000	-1.553500271145	-1.553500271145	0.000000000000
178.198198	0.000000000000	-1.555072639840	-1.555072639840	0.000000000000
178.378378	0.000000000000	-1.556645008535	-1.556645008535	0.000000000000
178.558559	0.000000000000	-1.558217377231	-1.558217377231	0.000000000000
178.738739	0.000000000000	-1.559789745926	-1.559789745926	0.000000000000
178.918919	0.000000000000	-1.561362114622	-1.561362114622	0.000000000000
179.099099	0.000000000000	-1.562934483317	-1.562934483317	0.000000000000
179.279279	0.000000000000	-1.564506852013	-1.564506852013	0.000000000000
179.459459	0.000000000000	-1.566079220708	-1.566079220708	0.000000000000
179.639640	0.000000000000	-1.567651589404	-1.567651589404	0.000000000000
179.819820	0.000000000000	-1.569223958099	-1.569223958099	0.000000000000
180.000000	0.000000000000	-1.570796326795	-1.570796326795	0.000000000000
