Theta (degrees)	Normalized Energy
0.000000000000000000e+00 3.417829577216565107e-01
1.801801801801801717e-01 3.417887684541044413e-01
3.603603603603603434e-01 3.418061906320568055e-01
5.405405405405404595e-01 3.418351942746318817e-01
7.207207207207206867e-01 3.418757296699402315e-01
9.009009009009008029e-01 3.419277277546278748e-01
1.081081081081080919e+00 3.419911006357324590e-01
1.261261261261261035e+00 3.420657422457207275e-01
1.441441441441441373e+00 3.421515291194551223e-01
1.621621621621621712e+00 3.422483212800878083e-01
1.801801801801801606e+00 3.423559632194633773e-01
1.981981981981981944e+00 3.424742849576706827e-01
2.162162162162161838e+00 3.426031031657748582e-01
2.342342342342341954e+00 3.427422223356363373e-01
2.522522522522522070e+00 3.428914359808982182e-01
2.702702702702702631e+00 3.430505278538198422e-01
2.882882882882882747e+00 3.432192731634362004e-01
3.063063063063062419e+00 3.433974397816738078e-01
3.243243243243243423e+00 3.435847894252934687e-01
3.423423423423423095e+00 3.437810788029709297e-01
3.603603603603603212e+00 3.439860607183179986e-01
3.783783783783783328e+00 3.441994851211788720e-01
3.963963963963963888e+00 3.444211001010411000e-01
4.144144144144143560e+00 3.446506528178779338e-01
4.324324324324323676e+00 3.448878903670979379e-01
4.504504504504503792e+00 3.451325605765810933e-01
4.684684684684683909e+00 3.453844127348982274e-01
4.864864864864864913e+00 3.456431982508693102e-01
5.045045045045044141e+00 3.459086712454658707e-01
5.225225225225224257e+00 3.461805890778282269e-01
5.405405405405405261e+00 3.464587128077787348e-01
5.585585585585585378e+00 3.467428075976935475e-01
5.765765765765765494e+00 3.470326430569710130e-01
5.945945945945945610e+00 3.473279935326010204e-01
6.126126126126124838e+00 3.476286383495048593e-01
6.306306306306305842e+00 3.479343620044113572e-01
6.486486486486486847e+00 3.482449543170484940e-01
6.666666666666666075e+00 3.485602105423917241e-01
6.846846846846846191e+00 3.488799314476216940e-01
7.027027027027027195e+00 3.492039233573189794e-01
7.207207207207206423e+00 3.495319981702647016e-01
7.387387387387387427e+00 3.498639733510449656e-01
7.567567567567566655e+00 3.501996718994526137e-01
7.747747747747746772e+00 3.505389223004970467e-01
7.927927927927927776e+00 3.508815584576088775e-01
8.108108108108107004e+00 3.512274196114359981e-01
8.288288288288287120e+00 3.515763502464171464e-01
8.468468468468467236e+00 3.519281999871265443e-01
8.648648648648647352e+00 3.522828234861922758e-01
8.828828828828829245e+00 3.526400803054239863e-01
9.009009009009007585e+00 3.529998347915869750e-01
9.189189189189187701e+00 3.533619559481456784e-01
9.369369369369367817e+00 3.537263173041094166e-01
9.549549549549547933e+00 3.540927967810054144e-01
9.729729729729729826e+00 3.544612765588676662e-01
9.909909909909908166e+00 3.548316429420170226e-01
1.009009009009008828e+01 3.552037862253082379e-01
1.027027027027027017e+01 3.555776005614191271e-01
1.045045045045044851e+01 3.559529838296743853e-01
1.063063063063063041e+01 3.563298375068245094e-01
1.081081081081081052e+01 3.567080665401245465e-01
1.099099099099099064e+01 3.570875792230008283e-01
1.117117117117117076e+01 3.574682870735409468e-01
1.135135135135134909e+01 3.578501047159863835e-01
1.153153153153153099e+01 3.582329497653783390e-01
1.171171171171171110e+01 3.586167427154579035e-01
1.189189189189189122e+01 3.590014068298932881e-01
1.207207207207207311e+01 3.593868680368870194e-01
1.225225225225224968e+01 3.597730548271738660e-01
1.243243243243243157e+01 3.601598981554188783e-01
1.261261261261261168e+01 3.605473313449968908e-01
1.279279279279279180e+01 3.609352899961145167e-01
1.297297297297297369e+01 3.613237118972416617e-01
1.315315315315315381e+01 3.617125369397811707e-01
1.333333333333333215e+01 3.621017070359323631e-01
1.351351351351351227e+01 3.624911660396571977e-01
1.369369369369369238e+01 3.628808596706855072e-01
1.387387387387387427e+01 3.632707354414739798e-01
1.405405405405405439e+01 3.636607425870335697e-01
1.423423423423423273e+01 3.640508319975409579e-01
1.441441441441441285e+01 3.644409561536438025e-01
1.459459459459459296e+01 3.648310690643731258e-01
1.477477477477477485e+01 3.652211262075711895e-01
1.495495495495495497e+01 3.656110844727493148e-01
1.513513513513513331e+01 3.660009021062854973e-01
1.531531531531531520e+01 3.663905386588767188e-01
1.549549549549549354e+01 3.667799549351598576e-01
1.567567567567567544e+01 3.671691129454173197e-01
1.585585585585585555e+01 3.675579758592863455e-01
1.603603603603603744e+01 3.679465079613962741e-01
1.621621621621621401e+01 3.683346746088456136e-01
1.639639639639639412e+01 3.687224421904570226e-01
1.657657657657657424e+01 3.691097780877313217e-01
1.675675675675675791e+01 3.694966506374234849e-01
1.693693693693693447e+01 3.698830290956886535e-01
1.711711711711711814e+01 3.702688836037164033e-01
1.729729729729729470e+01 3.706541851547981437e-01
1.747747747747747482e+01 3.710389055627693611e-01
1.765765765765765849e+01 3.714230174317569855e-01
1.783783783783783861e+01 3.718064941271892465e-01
1.801801801801801517e+01 3.721893097480057921e-01
1.819819819819819884e+01 3.725714391000136683e-01
1.837837837837837540e+01 3.729528576703518006e-01
1.855855855855855907e+01 3.733335416029982534e-01
1.873873873873873563e+01 3.737134676752929541e-01
1.891891891891891930e+01 3.740926132754182620e-01
1.909909909909909587e+01 3.744709563808030217e-01
1.927927927927927598e+01 3.748484755374065780e-01
1.945945945945945965e+01 3.752251498398450069e-01
1.963963963963963977e+01 3.756009589123266434e-01
1.981981981981981633e+01 3.759758828903550509e-01
2.000000000000000000e+01 3.763499024031692897e-01
2.018018018018017656e+01 3.767229985568921746e-01
2.036036036036036023e+01 3.770951529183527717e-01
2.054054054054054035e+01 3.774663474995528234e-01
2.072072072072071691e+01 3.778365647427500695e-01
2.090090090090089703e+01 3.782057875061361485e-01
2.108108108108108070e+01 3.785739990500777141e-01
2.126126126126126081e+01 3.789411830238959555e-01
2.144144144144144093e+01 3.793073234531709748e-01
2.162162162162162105e+01 3.796724047275317759e-01
2.180180180180180116e+01 3.800364115889311445e-01
2.198198198198198128e+01 3.803993291203670579e-01
2.216216216216215784e+01 3.807611427350428013e-01
2.234234234234234151e+01 3.811218381659411958e-01
2.252252252252251807e+01 3.814814014558003952e-01
2.270270270270269819e+01 3.818398189474672133e-01
2.288288288288288186e+01 3.821970772746223766e-01
2.306306306306306197e+01 3.825531633528498343e-01
2.324324324324324209e+01 3.829080643710466858e-01
2.342342342342342221e+01 3.832617677831529623e-01
2.360360360360360232e+01 3.836142613001899404e-01
2.378378378378378244e+01 3.839655328825946068e-01
2.396396396396396256e+01 3.843155707328355097e-01
2.414414414414414622e+01 3.846643632883063879e-01
2.432432432432431924e+01 3.850118992144712093e-01
2.450450450450449935e+01 3.853581673982683364e-01
2.468468468468468302e+01 3.857031569417488370e-01
2.486486486486486314e+01 3.860468571559459994e-01
2.504504504504504325e+01 3.863892575549682795e-01
2.522522522522522337e+01 3.867303478502994163e-01
2.540540540540540349e+01 3.870701179453081009e-01
2.558558558558558360e+01 3.874085579299453297e-01
2.576576576576576372e+01 3.877456580756367677e-01
2.594594594594594739e+01 3.880814088303514708e-01
2.612612612612612040e+01 3.884158008138413609e-01
2.630630630630630762e+01 3.887488248130527291e-01
2.648648648648648418e+01 3.890804717776912836e-01
2.666666666666666430e+01 3.894107328159448489e-01
2.684684684684684441e+01 3.897395991903526147e-01
2.702702702702702453e+01 3.900670623138124959e-01
2.720720720720720465e+01 3.903931137457311018e-01
2.738738738738738476e+01 3.907177451882994368e-01
2.756756756756756488e+01 3.910409484828953341e-01
2.774774774774774855e+01 3.913627156066107338e-01
2.792792792792792156e+01 3.916830386688912591e-01
2.810810810810810878e+01 3.920019099082907021e-01
2.828828828828828534e+01 3.923193216893278712e-01
2.846846846846846546e+01 3.926352664994604558e-01
2.864864864864864558e+01 3.929497369461414924e-01
2.882882882882882569e+01 3.932627257539851318e-01
2.900900900900900581e+01 3.935742257620207241e-01
2.918918918918918592e+01 3.938842299210342235e-01
2.936936936936936249e+01 3.941927312909992431e-01
2.954954954954954971e+01 3.944997230385888787e-01
2.972972972972972983e+01 3.948051984347668020e-01
2.990990990990990994e+01 3.951091508524577911e-01
3.009009009009008651e+01 3.954115737642899808e-01
3.027027027027026662e+01 3.957124607404068906e-01
3.045045045045044674e+01 3.960118054463562243e-01
3.063063063063063041e+01 3.963096016410347922e-01
3.081081081081081408e+01 3.966058431747046531e-01
3.099099099099098709e+01 3.969005239870676549e-01
3.117117117117117076e+01 3.971936381054022580e-01
3.135135135135135087e+01 3.974851796427551487e-01
3.153153153153152743e+01 3.977751427961887520e-01
3.171171171171171110e+01 3.980635218450859769e-01
3.189189189189189122e+01 3.983503111494999249e-01
3.207207207207207489e+01 3.986355051485601653e-01
3.225225225225224790e+01 3.989190983589231965e-01
3.243243243243242802e+01 3.992010853732715914e-01
3.261261261261260813e+01 3.994814608588549421e-01
3.279279279279278825e+01 3.997602195560785998e-01
3.297297297297297547e+01 4.000373562771325497e-01
3.315315315315314848e+01 4.003128659046583104e-01
3.333333333333332860e+01 4.005867433904581332e-01
3.351351351351351582e+01 4.008589837542406165e-01
3.369369369369368883e+01 4.011295820824045677e-01
3.387387387387386894e+01 4.013985335268570598e-01
3.405405405405405617e+01 4.016658333038622408e-01
3.423423423423423628e+01 4.019314766929316107e-01
3.441441441441441640e+01 4.021954590357390003e-01
3.459459459459458941e+01 4.024577757350675800e-01
3.477477477477476953e+01 4.027184222537896208e-01
3.495495495495494964e+01 4.029773941138750093e-01
3.513513513513512976e+01 4.032346868954229113e-01
3.531531531531531698e+01 4.034902962357270195e-01
3.549549549549549710e+01 4.037442178283638383e-01
3.567567567567567721e+01 4.039964474223053381e-01
3.585585585585585022e+01 4.042469808210581994e-01
3.603603603603603034e+01 4.044958138818297022e-01
3.621621621621621046e+01 4.047429425147059945e-01
3.639639639639639768e+01 4.049883626818688853e-01
3.657657657657657779e+01 4.052320703968184112e-01
3.675675675675675080e+01 4.054740617236270994e-01
3.693693693693693803e+01 4.057143327762126606e-01
3.711711711711711814e+01 4.059528797176234494e-01
3.729729729729729115e+01 4.061896987593527908e-01
3.747747747747747127e+01 4.064247861606667955e-01
3.765765765765765849e+01 4.066581382279487733e-01
3.783783783783783861e+01 4.068897513140652400e-01
3.801801801801801162e+01 4.071196218177463022e-01
3.819819819819819173e+01 4.073477461829831392e-01
3.837837837837837185e+01 4.075741208984375863e-01
3.855855855855855197e+01 4.077987424968770314e-01
3.873873873873873919e+01 4.080216075546103660e-01
3.891891891891891930e+01 4.082427126909547455e-01
3.909909909909909942e+01 4.084620545676984071e-01
3.927927927927927954e+01 4.086796298885937428e-01
3.945945945945945255e+01 4.088954353988522583e-01
3.963963963963963266e+01 4.091094678846584065e-01
3.981981981981981988e+01 4.093217241726941902e-01
4.000000000000000000e+01 4.095322011296749776e-01
4.018018018018018012e+01 4.097408956618966425e-01
4.036036036036035313e+01 4.099478047148013005e-01
4.054054054054054035e+01 4.101529252725393815e-01
4.072072072072072046e+01 4.103562543575606791e-01
4.090090090090090058e+01 4.105577890302031796e-01
4.108108108108108070e+01 4.107575263882913275e-01
4.126126126126126081e+01 4.109554635667582723e-01
4.144144144144143382e+01 4.111515977372605657e-01
4.162162162162162105e+01 4.113459261078124540e-01
4.180180180180179406e+01 4.115384459224279423e-01
4.198198198198197417e+01 4.117291544607702414e-01
4.216216216216216139e+01 4.119180490378089310e-01
4.234234234234234151e+01 4.121051270034894465e-01
4.252252252252252163e+01 4.122903857424046747e-01
4.270270270270269464e+01 4.124738226734834812e-01
4.288288288288288186e+01 4.126554352496758504e-01
4.306306306306305487e+01 4.128352209576565124e-01
4.324324324324324209e+01 4.130131773175256260e-01
4.342342342342342931e+01 4.131893018825289476e-01
4.360360360360360232e+01 4.133635922387696171e-01
4.378378378378377533e+01 4.135360460049426479e-01
4.396396396396396256e+01 4.137066608320626449e-01
4.414414414414414267e+01 4.138754344032070098e-01
4.432432432432431568e+01 4.140423644332611453e-01
4.450450450450450290e+01 4.142074486686703194e-01
4.468468468468468302e+01 4.143706848872006354e-01
4.486486486486486314e+01 4.145320708976982793e-01
4.504504504504503615e+01 4.146916045398648665e-01
4.522522522522522337e+01 4.148492836840299014e-01
4.540540540540539638e+01 4.150051062309302319e-01
4.558558558558558360e+01 4.151590701115002724e-01
4.576576576576576372e+01 4.153111732866592853e-01
4.594594594594594383e+01 4.154614137471105972e-01
4.612612612612612395e+01 4.156097895131398712e-01
4.630630630630629696e+01 4.157562986344234268e-01
4.648648648648648418e+01 4.159009391898388364e-01
4.666666666666665719e+01 4.160437092872762976e-01
4.684684684684684441e+01 4.161846070634641070e-01
4.702702702702703164e+01 4.163236306837878042e-01
4.720720720720720465e+01 4.164607783421215847e-01
4.738738738738738476e+01 4.165960482606579363e-01
4.756756756756756488e+01 4.167294386897465452e-01
4.774774774774774500e+01 4.168609479077327040e-01
4.792792792792792511e+01 4.169905742208019905e-01
4.810810810810810523e+01 4.171183159628297221e-01
4.828828828828829245e+01 4.172441714952310754e-01
4.846846846846846546e+01 4.173681392068168128e-01
4.864864864864863847e+01 4.174902175136532279e-01
4.882882882882882569e+01 4.176104048589229789e-01
4.900900900900899870e+01 4.177286997127923618e-01
4.918918918918918592e+01 4.178451005722775835e-01
4.936936936936936604e+01 4.179596059611225267e-01
4.954954954954954616e+01 4.180722144296686316e-01
4.972972972972972627e+01 4.181829245547373786e-01
4.990990990990989928e+01 4.182917349395095519e-01
5.009009009009008651e+01 4.183986442134117190e-01
5.027027027027027373e+01 4.185036510320034320e-01
5.045045045045044674e+01 4.186067540768682038e-01
5.063063063063063396e+01 4.187079520555050394e-01
5.081081081081080697e+01 4.188072437012291260e-01
5.099099099099098709e+01 4.189046277730634760e-01
5.117117117117116720e+01 4.190001030556473882e-01
5.135135135135135442e+01 4.190936683591389156e-01
5.153153153153152743e+01 4.191853225191182752e-01
5.171171171171170755e+01 4.192750643965014734e-01
5.189189189189189477e+01 4.193628928774508213e-01
5.207207207207206778e+01 4.194488068732858399e-01
5.225225225225224079e+01 4.195328053204074314e-01
5.243243243243242802e+01 4.196148871802086178e-01
5.261261261261261524e+01 4.196950514389997111e-01
5.279279279279278825e+01 4.197732971079352060e-01
5.297297297297296836e+01 4.198496232229329550e-01
5.315315315315314848e+01 4.199240288446076663e-01
5.333333333333332860e+01 4.199965130581964079e-01
5.351351351351350161e+01 4.200670749734983778e-01
5.369369369369368883e+01 4.201357137248009632e-01
5.387387387387387605e+01 4.202024284708211765e-01
5.405405405405404906e+01 4.202672183946455919e-01
5.423423423423423628e+01 4.203300827036660636e-01
5.441441441441440929e+01 4.203910206295272123e-01
5.459459459459458941e+01 4.204500314280690820e-01
5.477477477477476953e+01 4.205071143792726840e-01
5.495495495495495675e+01 4.205622687872119791e-01
5.513513513513512976e+01 4.206154939799993109e-01
5.531531531531530987e+01 4.206667893097442157e-01
5.549549549549549710e+01 4.207161541525016868e-01
5.567567567567567011e+01 4.207635879082302077e-01
5.585585585585584312e+01 4.208090900007525059e-01
5.603603603603603034e+01 4.208526598777097560e-01
5.621621621621621756e+01 4.208942970105296610e-01
5.639639639639639057e+01 4.209340008943813771e-01
5.657657657657657069e+01 4.209717710481493125e-01
5.675675675675675080e+01 4.210076070143923266e-01
5.693693693693693092e+01 4.210415083593185837e-01
5.711711711711711814e+01 4.210734746727486932e-01
5.729729729729729115e+01 4.211035055680956152e-01
5.747747747747747837e+01 4.211316006823298541e-01
5.765765765765765138e+01 4.211577596759602526e-01
5.783783783783783150e+01 4.211819822330091223e-01
5.801801801801801162e+01 4.212042680609898726e-01
5.819819819819819173e+01 4.212246168908896915e-01
5.837837837837837185e+01 4.212430284771457867e-01
5.855855855855855197e+01 4.212595025976359486e-01
5.873873873873872498e+01 4.212740390536581780e-01
5.891891891891891930e+01 4.212866376699175852e-01
5.909909909909909942e+01 4.212972982945179523e-01
5.927927927927927954e+01 4.213060207989478556e-01
5.945945945945945965e+01 4.213128050780738376e-01
5.963963963963963266e+01 4.213176510501329686e-01
5.981981981981981988e+01 4.213205586567264627e-01
5.999999999999999289e+01 4.213215278628177907e-01
6.018018018018017301e+01 4.213205586567267957e-01
6.036036036036035313e+01 4.213176510501329686e-01
6.054054054054053324e+01 4.213128050780741152e-01
6.072072072072070625e+01 4.213060207989477446e-01
6.090090090090089348e+01 4.212972982945175082e-01
6.108108108108106649e+01 4.212866376699171411e-01
6.126126126126126081e+01 4.212740390536574564e-01
6.144144144144144093e+01 4.212595025976359486e-01
6.162162162162162815e+01 4.212430284771459532e-01
6.180180180180180116e+01 4.212246168908891364e-01
6.198198198198197417e+01 4.212042680609901502e-01
6.216216216216216139e+01 4.211819822330085117e-01
6.234234234234234151e+01 4.211577596759599751e-01
6.252252252252251452e+01 4.211316006823292990e-01
6.270270270270270174e+01 4.211035055680953376e-01
6.288288288288287475e+01 4.210734746727494149e-01
6.306306306306305487e+01 4.210415083593188612e-01
6.324324324324323499e+01 4.210076070143927707e-01
6.342342342342342221e+01 4.209717710481493125e-01
6.360360360360360943e+01 4.209340008943815437e-01
6.378378378378378244e+01 4.208942970105302162e-01
6.396396396396396256e+01 4.208526598777103112e-01
6.414414414414414978e+01 4.208090900007522284e-01
6.432432432432432279e+01 4.207635879082302077e-01
6.450450450450449580e+01 4.207161541525020199e-01
6.468468468468468302e+01 4.206667893097449373e-01
6.486486486486485603e+01 4.206154939799995884e-01
6.504504504504502904e+01 4.205622687872121457e-01
6.522522522522521626e+01 4.205071143792732391e-01
6.540540540540538927e+01 4.204500314280693596e-01
6.558558558558557650e+01 4.203910206295276009e-01
6.576576576576576372e+01 4.203300827036665077e-01
6.594594594594595094e+01 4.202672183946453144e-01
6.612612612612612395e+01 4.202024284708208990e-01
6.630630630630629696e+01 4.201357137248005191e-01
6.648648648648648418e+01 4.200670749734981002e-01
6.666666666666665719e+01 4.199965130581966855e-01
6.684684684684684441e+01 4.199240288446066671e-01
6.702702702702703164e+01 4.198496232229327885e-01
6.720720720720720465e+01 4.197732971079354836e-01
6.738738738738737766e+01 4.196950514389992670e-01
6.756756756756756488e+01 4.196148871802082847e-01
6.774774774774773789e+01 4.195328053204074314e-01
6.792792792792791090e+01 4.194488068732862840e-01
6.810810810810811233e+01 4.193628928774502662e-01
6.828828828828828534e+01 4.192750643965010293e-01
6.846846846846847257e+01 4.191853225191182752e-01
6.864864864864864558e+01 4.190936683591385825e-01
6.882882882882883280e+01 4.190001030556471107e-01
6.900900900900900581e+01 4.189046277730629209e-01
6.918918918918917882e+01 4.188072437012289595e-01
6.936936936936936604e+01 4.187079520555053724e-01
6.954954954954953905e+01 4.186067540768683148e-01
6.972972972972972627e+01 4.185036510320034320e-01
6.990990990990989928e+01 4.183986442134114414e-01
7.009009009009008651e+01 4.182917349395091078e-01
7.027027027027025952e+01 4.181829245547369345e-01
7.045045045045044674e+01 4.180722144296686316e-01
7.063063063063063396e+01 4.179596059611225267e-01
7.081081081081080697e+01 4.178451005722780276e-01
7.099099099099099419e+01 4.177286997127923618e-01
7.117117117117116720e+01 4.176104048589237006e-01
7.135135135135135442e+01 4.174902175136532279e-01
7.153153153153152743e+01 4.173681392068167018e-01
7.171171171171170045e+01 4.172441714952310754e-01
7.189189189189188767e+01 4.171183159628301107e-01
7.207207207207206068e+01 4.169905742208019905e-01
7.225225225225223369e+01 4.168609479077324265e-01
7.243243243243242091e+01 4.167294386897462677e-01
7.261261261261259392e+01 4.165960482606574922e-01
7.279279279279279535e+01 4.164607783421213072e-01
7.297297297297296836e+01 4.163236306837881373e-01
7.315315315315315559e+01 4.161846070634635519e-01
7.333333333333332860e+01 4.160437092872759091e-01
7.351351351351350161e+01 4.159009391898386698e-01
7.369369369369368883e+01 4.157562986344233158e-01
7.387387387387387605e+01 4.156097895131397602e-01
7.405405405405404906e+01 4.154614137471102642e-01
7.423423423423423628e+01 4.153111732866594519e-01
7.441441441441440929e+01 4.151590701115001614e-01
7.459459459459458230e+01 4.150051062309298433e-01
7.477477477477476953e+01 4.148492836840291798e-01
7.495495495495494254e+01 4.146916045398645334e-01
7.513513513513514397e+01 4.145320708976975577e-01
7.531531531531531698e+01 4.143706848872003579e-01
7.549549549549548999e+01 4.142074486686698753e-01
7.567567567567567721e+01 4.140423644332611453e-01
7.585585585585585022e+01 4.138754344032068988e-01
7.603603603603602323e+01 4.137066608320624783e-01
7.621621621621621046e+01 4.135360460049425368e-01
7.639639639639638347e+01 4.133635922387691730e-01
7.657657657657657069e+01 4.131893018825286701e-01
7.675675675675674370e+01 4.130131773175251819e-01
7.693693693693693092e+01 4.128352209576560683e-01
7.711711711711710393e+01 4.126554352496756839e-01
7.729729729729729115e+01 4.124738226734832036e-01
7.747747747747747837e+01 4.122903857424046747e-01
7.765765765765765138e+01 4.121051270034891689e-01
7.783783783783783861e+01 4.119180490378087645e-01
7.801801801801801162e+01 4.117291544607708520e-01
7.819819819819819884e+01 4.115384459224279423e-01
7.837837837837837185e+01 4.113459261078117324e-01
7.855855855855855907e+01 4.111515977372596775e-01
7.873873873873873208e+01 4.109554635667582723e-01
7.891891891891890509e+01 4.107575263882916050e-01
7.909909909909909231e+01 4.105577890302022914e-01
7.927927927927926532e+01 4.103562543575609567e-01
7.945945945945943834e+01 4.101529252725392705e-01
7.963963963963963977e+01 4.099478047148007454e-01
7.981981981981981278e+01 4.097408956618967535e-01
8.000000000000000000e+01 4.095322011296748110e-01
8.018018018018017301e+01 4.093217241726938571e-01
8.036036036036036023e+01 4.091094678846584065e-01
8.054054054054053324e+01 4.088954353988519808e-01
8.072072072072070625e+01 4.086796298885935763e-01
8.090090090090089348e+01 4.084620545676979630e-01
8.108108108108108070e+01 4.082427126909540238e-01
8.126126126126125371e+01 4.080216075546109211e-01
8.144144144144144093e+01 4.077987424968770314e-01
8.162162162162161394e+01 4.075741208984378638e-01
8.180180180180180116e+01 4.073477461829825841e-01
8.198198198198198838e+01 4.071196218177461357e-01
8.216216216216216139e+01 4.068897513140655731e-01
8.234234234234233440e+01 4.066581382279480517e-01
8.252252252252252163e+01 4.064247861606665180e-01
8.270270270270270885e+01 4.061896987593526798e-01
8.288288288288286765e+01 4.059528797176231718e-01
8.306306306306305487e+01 4.057143327762129381e-01
8.324324324324324209e+01 4.054740617236272660e-01
8.342342342342341510e+01 4.052320703968186888e-01
8.360360360360358811e+01 4.049883626818685523e-01
8.378378378378377533e+01 4.047429425147059945e-01
8.396396396396394834e+01 4.044958138818297022e-01
8.414414414414413557e+01 4.042469808210586435e-01
8.432432432432432279e+01 4.039964474223048940e-01
8.450450450450449580e+01 4.037442178283641159e-01
8.468468468468468302e+01 4.034902962357270195e-01
8.486486486486485603e+01 4.032346868954228003e-01
8.504504504504504325e+01 4.029773941138745652e-01
8.522522522522523047e+01 4.027184222537893432e-01
8.540540540540538927e+01 4.024577757350671359e-01
8.558558558558557650e+01 4.021954590357385562e-01
8.576576576576576372e+01 4.019314766929313332e-01
8.594594594594595094e+01 4.016658333038616857e-01
8.612612612612610974e+01 4.013985335268560606e-01
8.630630630630629696e+01 4.011295820824042901e-01
8.648648648648648418e+01 4.008589837542402834e-01
8.666666666666667140e+01 4.005867433904579666e-01
8.684684684684685863e+01 4.003128659046583104e-01
8.702702702702701743e+01 4.000373562771327163e-01
8.720720720720720465e+01 3.997602195560787663e-01
8.738738738738739187e+01 3.994814608588543314e-01
8.756756756756755067e+01 3.992010853732709807e-01
8.774774774774773789e+01 3.989190983589231965e-01
8.792792792792792511e+01 3.986355051485598322e-01
8.810810810810809812e+01 3.983503111494996474e-01
8.828828828828828534e+01 3.980635218450855328e-01
8.846846846846845835e+01 3.977751427961889186e-01
8.864864864864863137e+01 3.974851796427549822e-01
8.882882882882883280e+01 3.971936381054023690e-01
8.900900900900900581e+01 3.969005239870669333e-01
8.918918918918919303e+01 3.966058431747042090e-01
8.936936936936936604e+01 3.963096016410346256e-01
8.954954954954953905e+01 3.960118054463558357e-01
8.972972972972972627e+01 3.957124607404064465e-01
8.990990990990991349e+01 3.954115737642898698e-01
9.009009009009007229e+01 3.951091508524577911e-01
9.027027027027025952e+01 3.948051984347668020e-01
9.045045045045044674e+01 3.944997230385886011e-01
9.063063063063061975e+01 3.941927312909987990e-01
9.081081081081079276e+01 3.938842299210336684e-01
9.099099099099097998e+01 3.935742257620200024e-01
9.117117117117116720e+01 3.932627257539848542e-01
9.135135135135135442e+01 3.929497369461408818e-01
9.153153153153152743e+01 3.926352664994604558e-01
9.171171171171170045e+01 3.923193216893277047e-01
9.189189189189188767e+01 3.920019099082901470e-01
9.207207207207206068e+01 3.916830386688918697e-01
9.225225225225224790e+01 3.913627156066108448e-01
9.243243243243243512e+01 3.910409484828953341e-01
9.261261261261259392e+01 3.907177451882994368e-01
9.279279279279278114e+01 3.903931137457311018e-01
9.297297297297296836e+01 3.900670623138126625e-01
9.315315315315312716e+01 3.897395991903527812e-01
9.333333333333331439e+01 3.894107328159447379e-01
9.351351351351351582e+01 3.890804717776910060e-01
9.369369369369368883e+01 3.887488248130524515e-01
9.387387387387387605e+01 3.884158008138410834e-01
9.405405405405406327e+01 3.880814088303509157e-01
9.423423423423422207e+01 3.877456580756364346e-01
9.441441441441440929e+01 3.874085579299446080e-01
9.459459459459459651e+01 3.870701179453079344e-01
9.477477477477476953e+01 3.867303478502995828e-01
9.495495495495494254e+01 3.863892575549676689e-01
9.513513513513512976e+01 3.860468571559459994e-01
9.531531531531530277e+01 3.857031569417488370e-01
9.549549549549548999e+01 3.853581673982678923e-01
9.567567567567567721e+01 3.850118992144710428e-01
9.585585585585585022e+01 3.846643632883059438e-01
9.603603603603603744e+01 3.843155707328353987e-01
9.621621621621621046e+01 3.839655328825942737e-01
9.639639639639639768e+01 3.836142613001894963e-01
9.657657657657658490e+01 3.832617677831529623e-01
9.675675675675674370e+01 3.829080643710464082e-01
9.693693693693693092e+01 3.825531633528491127e-01
9.711711711711711814e+01 3.821970772746224876e-01
9.729729729729727694e+01 3.818398189474668247e-01
9.747747747747746416e+01 3.814814014558007838e-01
9.765765765765765138e+01 3.811218381659411958e-01
9.783783783783782440e+01 3.807611427350426903e-01
9.801801801801799741e+01 3.803993291203671689e-01
9.819819819819818463e+01 3.800364115889311445e-01
9.837837837837837185e+01 3.796724047275313318e-01
9.855855855855855907e+01 3.793073234531702531e-01
9.873873873873873208e+01 3.789411830238959555e-01
9.891891891891890509e+01 3.785739990500771590e-01
9.909909909909909231e+01 3.782057875061358154e-01
9.927927927927926532e+01 3.778365647427493479e-01
9.945945945945945255e+01 3.774663474995525458e-01
9.963963963963963977e+01 3.770951529183526607e-01
9.981981981981979857e+01 3.767229985568920636e-01
9.999999999999998579e+01 3.763499024031686790e-01
1.001801801801801730e+02 3.759758828903548844e-01
1.003603603603603602e+02 3.756009589123267545e-01
1.005405405405405475e+02 3.752251498398447294e-01
1.007207207207207205e+02 3.748484755374061894e-01
1.009009009009008935e+02 3.744709563808025776e-01
1.010810810810810807e+02 3.740926132754182620e-01
1.012612612612612679e+02 3.737134676752925100e-01
1.014414414414414267e+02 3.733335416029980869e-01
1.016216216216216139e+02 3.729528576703520781e-01
1.018018018018018012e+02 3.725714391000133907e-01
1.019819819819819742e+02 3.721893097480053481e-01
1.021621621621621472e+02 3.718064941271893575e-01
1.023423423423423344e+02 3.714230174317567079e-01
1.025225225225225074e+02 3.710389055627692501e-01
1.027027027027027088e+02 3.706541851547983102e-01
1.028828828828828819e+02 3.702688836037159592e-01
1.030630630630630549e+02 3.698830290956883760e-01
1.032432432432432421e+02 3.694966506374232074e-01
1.034234234234234151e+02 3.691097780877306000e-01
1.036036036036036023e+02 3.687224421904570226e-01
1.037837837837837895e+02 3.683346746088448920e-01
1.039639639639639483e+02 3.679465079613958300e-01
1.041441441441441356e+02 3.675579758592862345e-01
1.043243243243243228e+02 3.671691129454170421e-01
1.045045045045044816e+02 3.667799549351598576e-01
1.046846846846846688e+02 3.663905386588765523e-01
1.048648648648648560e+02 3.660009021062853862e-01
1.050450450450450433e+02 3.656110844727490372e-01
1.052252252252252305e+02 3.652211262075706344e-01
1.054054054054053893e+02 3.648310690643724041e-01
1.055855855855855765e+02 3.644409561536435249e-01
1.057657657657657637e+02 3.640508319975411244e-01
1.059459459459459367e+02 3.636607425870328480e-01
1.061261261261261239e+02 3.632707354414737022e-01
1.063063063063062970e+02 3.628808596706855072e-01
1.064864864864864700e+02 3.624911660396570312e-01
1.066666666666666572e+02 3.621017070359320855e-01
1.068468468468468444e+02 3.617125369397808932e-01
1.070270270270270032e+02 3.613237118972410511e-01
1.072072072072071904e+02 3.609352899961146832e-01
1.073873873873873777e+02 3.605473313449962802e-01
1.075675675675675649e+02 3.601598981554184342e-01
1.077477477477477521e+02 3.597730548271735884e-01
1.079279279279279109e+02 3.593868680368864643e-01
1.081081081081080981e+02 3.590014068298928440e-01
1.082882882882882853e+02 3.586167427154576259e-01
1.084684684684684726e+02 3.582329497653778949e-01
1.086486486486486314e+02 3.578501047159859394e-01
1.088288288288288186e+02 3.574682870735406137e-01
1.090090090090090058e+02 3.570875792230003842e-01
1.091891891891891788e+02 3.567080665401241024e-01
1.093693693693693518e+02 3.563298375068238988e-01
1.095495495495495391e+02 3.559529838296739412e-01
1.097297297297297263e+02 3.555776005614189605e-01
1.099099099099099135e+02 3.552037862253082379e-01
1.100900900900900865e+02 3.548316429420168561e-01
1.102702702702702595e+02 3.544612765588675551e-01
1.104504504504504467e+02 3.540927967810048593e-01
1.106306306306306197e+02 3.537263173041089726e-01
1.108108108108108070e+02 3.533619559481449568e-01
1.109909909909909942e+02 3.529998347915864199e-01
1.111711711711711530e+02 3.526400803054232647e-01
1.113513513513513402e+02 3.522828234861924424e-01
1.115315315315315274e+02 3.519281999871259892e-01
1.117117117117116862e+02 3.515763502464168688e-01
1.118918918918919019e+02 3.512274196114355540e-01
1.120720720720720607e+02 3.508815584576083224e-01
1.122522522522522479e+02 3.505389223004964361e-01
1.124324324324324351e+02 3.501996718994527247e-01
1.126126126126125939e+02 3.498639733510442440e-01
1.127927927927927811e+02 3.495319981702647016e-01
1.129729729729729684e+02 3.492039233573189794e-01
1.131531531531531414e+02 3.488799314476214164e-01
1.133333333333333286e+02 3.485602105423917241e-01
1.135135135135135016e+02 3.482449543170489381e-01
1.136936936936936746e+02 3.479343620044109131e-01
1.138738738738738618e+02 3.476286383495049703e-01
1.140540540540540491e+02 3.473279935326010204e-01
1.142342342342342363e+02 3.470326430569707354e-01
1.144144144144144093e+02 3.467428075976931034e-01
1.145945945945945823e+02 3.464587128077782907e-01
1.147747747747747553e+02 3.461805890778277828e-01
1.149549549549549567e+02 3.459086712454658707e-01
1.151351351351351155e+02 3.456431982508693102e-01
1.153153153153153028e+02 3.453844127348976167e-01
1.154954954954955042e+02 3.451325605765807603e-01
1.156756756756756630e+02 3.448878903670976603e-01
1.158558558558558644e+02 3.446506528178776563e-01
1.160360360360360232e+02 3.444211001010408224e-01
1.162162162162162105e+02 3.441994851211784834e-01
1.163963963963963835e+02 3.439860607183179986e-01
1.165765765765765849e+02 3.437810788029708187e-01
1.167567567567567437e+02 3.435847894252933021e-01
1.169369369369369309e+02 3.433974397816735302e-01
1.171171171171171039e+02 3.432192731634354788e-01
1.172972972972972912e+02 3.430505278538192870e-01
1.174774774774774500e+02 3.428914359808984957e-01
1.176576576576576514e+02 3.427422223356358932e-01
1.178378378378378386e+02 3.426031031657751358e-01
1.180180180180180116e+02 3.424742849576702386e-01
1.181981981981981988e+02 3.423559632194635438e-01
1.183783783783783576e+02 3.422483212800875307e-01
1.185585585585585591e+02 3.421515291194546782e-01
1.187387387387387321e+02 3.420657422457204500e-01
1.189189189189189193e+02 3.419911006357324590e-01
1.190990990990990781e+02 3.419277277546277638e-01
1.192792792792792653e+02 3.418757296699399539e-01
1.194594594594594383e+02 3.418351942746317151e-01
1.196396396396396398e+02 3.418061906320568055e-01
1.198198198198198128e+02 3.417887684541043303e-01
1.199999999999999858e+02 3.417829577216563441e-01
1.201801801801801730e+02 3.417887684541044413e-01
1.203603603603603460e+02 3.418061906320566945e-01
1.205405405405405475e+02 3.418351942746314376e-01
1.207207207207207063e+02 3.418757296699399539e-01
1.209009009009008935e+02 3.419277277546280414e-01
1.210810810810810665e+02 3.419911006357324590e-01
1.212612612612612537e+02 3.420657422457202834e-01
1.214414414414414125e+02 3.421515291194546782e-01
1.216216216216216139e+02 3.422483212800869756e-01
1.218018018018017870e+02 3.423559632194635438e-01
1.219819819819819742e+02 3.424742849576706827e-01
1.221621621621621330e+02 3.426031031657746917e-01
1.223423423423423202e+02 3.427422223356356157e-01
1.225225225225225216e+02 3.428914359808986623e-01
1.227027027027026946e+02 3.430505278538197311e-01
1.228828828828828819e+02 3.432192731634357563e-01
1.230630630630630407e+02 3.433974397816738078e-01
1.232432432432432563e+02 3.435847894252936352e-01
1.234234234234234009e+02 3.437810788029709297e-01
1.236036036036036023e+02 3.439860607183183316e-01
1.237837837837837753e+02 3.441994851211785944e-01
1.239639639639639483e+02 3.444211001010411000e-01
1.241441441441441214e+02 3.446506528178774897e-01
1.243243243243243228e+02 3.448878903670977714e-01
1.245045045045044958e+02 3.451325605765807603e-01
1.246846846846846830e+02 3.453844127348980608e-01
1.248648648648648560e+02 3.456431982508693102e-01
1.250450450450450290e+02 3.459086712454658707e-01
1.252252252252252305e+02 3.461805890778282269e-01
1.254054054054054035e+02 3.464587128077784572e-01
1.255855855855855907e+02 3.467428075976932700e-01
1.257657657657657495e+02 3.470326430569708465e-01
1.259459459459459367e+02 3.473279935326010204e-01
1.261261261261261097e+02 3.476286383495049703e-01
1.263063063063063112e+02 3.479343620044113572e-01
1.264864864864864700e+02 3.482449543170483275e-01
1.266666666666666572e+02 3.485602105423918906e-01
1.268468468468468444e+02 3.488799314476216940e-01
1.270270270270270174e+02 3.492039233573191459e-01
1.272072072072072189e+02 3.495319981702650347e-01
1.273873873873873777e+02 3.498639733510449656e-01
1.275675675675675649e+02 3.501996718994527247e-01
1.277477477477477379e+02 3.505389223004967136e-01
1.279279279279279251e+02 3.508815584576084334e-01
1.281081081081080981e+02 3.512274196114362756e-01
1.282882882882882996e+02 3.515763502464171464e-01
1.284684684684684441e+02 3.519281999871261002e-01
1.286486486486486456e+02 3.522828234861927199e-01
1.288288288288288186e+02 3.526400803054235422e-01
1.290090090090089916e+02 3.529998347915868639e-01
1.291891891891891930e+02 3.533619559481455119e-01
1.293693693693693660e+02 3.537263173041094166e-01
1.295495495495495391e+02 3.540927967810055810e-01
1.297297297297297121e+02 3.544612765588675551e-01
1.299099099099099135e+02 3.548316429420168561e-01
1.300900900900900581e+02 3.552037862253085154e-01
1.302702702702702595e+02 3.555776005614195712e-01
1.304504504504504325e+02 3.559529838296743853e-01
1.306306306306306340e+02 3.563298375068240653e-01
1.308108108108107785e+02 3.567080665401245465e-01
1.309909909909909800e+02 3.570875792230012724e-01
1.311711711711711530e+02 3.574682870735409468e-01
1.313513513513513544e+02 3.578501047159859394e-01
1.315315315315315274e+02 3.582329497653785055e-01
1.317117117117117004e+02 3.586167427154576259e-01
1.318918918918919019e+02 3.590014068298933991e-01
1.320720720720720749e+02 3.593868680368871860e-01
1.322522522522522479e+02 3.597730548271738660e-01
1.324324324324324209e+02 3.601598981554190448e-01
1.326126126126125939e+02 3.605473313449971684e-01
1.327927927927927669e+02 3.609352899961146832e-01
1.329729729729729684e+02 3.613237118972416617e-01
1.331531531531531414e+02 3.617125369397816148e-01
1.333333333333333144e+02 3.621017070359328072e-01
1.335135135135134874e+02 3.624911660396578084e-01
1.336936936936936888e+02 3.628808596706855072e-01
1.338738738738738903e+02 3.632707354414742573e-01
1.340540540540540633e+02 3.636607425870334587e-01
1.342342342342342363e+02 3.640508319975411244e-01
1.344144144144144093e+02 3.644409561536441355e-01
1.345945945945945823e+02 3.648310690643732923e-01
1.347747747747747553e+02 3.652211262075715226e-01
1.349549549549549567e+02 3.656110844727494813e-01
1.351351351351351298e+02 3.660009021062853862e-01
1.353153153153153028e+02 3.663905386588767188e-01
1.354954954954954758e+02 3.667799549351600241e-01
1.356756756756756488e+02 3.671691129454175972e-01
1.358558558558558218e+02 3.675579758592865121e-01
1.360360360360360232e+02 3.679465079613967182e-01
1.362162162162162247e+02 3.683346746088454471e-01
1.363963963963963977e+02 3.687224421904577443e-01
1.365765765765765707e+02 3.691097780877314882e-01
1.367567567567567437e+02 3.694966506374233739e-01
1.369369369369369451e+02 3.698830290956893752e-01
1.371171171171171181e+02 3.702688836037161257e-01
1.372972972972972912e+02 3.706541851547981437e-01
1.374774774774774642e+02 3.710389055627692501e-01
1.376576576576576656e+02 3.714230174317571520e-01
1.378378378378378102e+02 3.718064941271898016e-01
1.380180180180180116e+02 3.721893097480054591e-01
1.381981981981981846e+02 3.725714391000133907e-01
1.383783783783783576e+02 3.729528576703518006e-01
1.385585585585585591e+02 3.733335416029979759e-01
1.387387387387387321e+02 3.737134676752925100e-01
1.389189189189189335e+02 3.740926132754183731e-01
1.390990990990990781e+02 3.744709563808037434e-01
1.392792792792792795e+02 3.748484755374071886e-01
1.394594594594594525e+02 3.752251498398452845e-01
1.396396396396396540e+02 3.756009589123273651e-01
1.398198198198197986e+02 3.759758828903554950e-01
1.400000000000000000e+02 3.763499024031691231e-01
1.401801801801801730e+02 3.767229985568927852e-01
1.403603603603603460e+02 3.770951529183533824e-01
1.405405405405405190e+02 3.774663474995528234e-01
1.407207207207207205e+02 3.778365647427505136e-01
1.409009009009008935e+02 3.782057875061364260e-01
1.410810810810810665e+02 3.785739990500784358e-01
1.412612612612612679e+02 3.789411830238962886e-01
1.414414414414414125e+02 3.793073234531709748e-01
1.416216216216216139e+02 3.796724047275321645e-01
1.418018018018017870e+02 3.800364115889311445e-01
1.419819819819819884e+02 3.803993291203682237e-01
1.421621621621621330e+02 3.807611427350435229e-01
1.423423423423423344e+02 3.811218381659419174e-01
1.425225225225225074e+02 3.814814014558012278e-01
1.427027027027027088e+02 3.818398189474678239e-01
1.428828828828828534e+02 3.821970772746232647e-01
1.430630630630630549e+02 3.825531633528498343e-01
1.432432432432432279e+02 3.829080643710472409e-01
1.434234234234234009e+02 3.832617677831538505e-01
1.436036036036036023e+02 3.836142613001911061e-01
1.437837837837837753e+02 3.839655328825948843e-01
1.439639639639639483e+02 3.843155707328365644e-01
1.441441441441441214e+02 3.846643632883066655e-01
1.443243243243243228e+02 3.850118992144712093e-01
1.445045045045044674e+02 3.853581673982688915e-01
1.446846846846846688e+02 3.857031569417488370e-01
1.448648648648648418e+02 3.860468571559463324e-01
1.450450450450450433e+02 3.863892575549685571e-01
1.452252252252251878e+02 3.867303478503005820e-01
1.454054054054054177e+02 3.870701179453078233e-01
1.455855855855855907e+02 3.874085579299460513e-01
1.457657657657657637e+02 3.877456580756373228e-01
1.459459459459459367e+02 3.880814088303514708e-01
1.461261261261261097e+02 3.884158008138411944e-01
1.463063063063063112e+02 3.887488248130525625e-01
1.464864864864864842e+02 3.890804717776914501e-01
1.466666666666666572e+02 3.894107328159451820e-01
1.468468468468468302e+02 3.897395991903528922e-01
1.470270270270270032e+02 3.900670623138124959e-01
1.472072072072071762e+02 3.903931137457306577e-01
1.473873873873873777e+02 3.907177451882998809e-01
1.475675675675675507e+02 3.910409484828958893e-01
1.477477477477477521e+02 3.913627156066112889e-01
1.479279279279279251e+02 3.916830386688917032e-01
1.481081081081080981e+02 3.920019099082908687e-01
1.482882882882882996e+02 3.923193216893285928e-01
1.484684684684684726e+02 3.926352664994608999e-01
1.486486486486486456e+02 3.929497369461416589e-01
1.488288288288288186e+02 3.932627257539852983e-01
1.490090090090089916e+02 3.935742257620205575e-01
1.491891891891891646e+02 3.938842299210343900e-01
1.493693693693693660e+02 3.941927312909995207e-01
1.495495495495495391e+02 3.944997230385888787e-01
1.497297297297297121e+02 3.948051984347679677e-01
1.499099099099098851e+02 3.951091508524581242e-01
1.500900900900900581e+02 3.954115737642904249e-01
1.502702702702702879e+02 3.957124607404076122e-01
1.504504504504504325e+02 3.960118054463556692e-01
1.506306306306306340e+02 3.963096016410349587e-01
1.508108108108108070e+02 3.966058431747042090e-01
1.509909909909909800e+02 3.969005239870672108e-01
1.511711711711711530e+02 3.971936381054028131e-01
1.513513513513513544e+02 3.974851796427553152e-01
1.515315315315315274e+02 3.977751427961889186e-01
1.517117117117117004e+02 3.980635218450865875e-01
1.518918918918918735e+02 3.983503111495003690e-01
1.520720720720720465e+02 3.986355051485608869e-01
1.522522522522522479e+02 3.989190983589242512e-01
1.524324324324324209e+02 3.992010853732720355e-01
1.526126126126126223e+02 3.994814608588553861e-01
1.527927927927927669e+02 3.997602195560790439e-01
1.529729729729729684e+02 4.000373562771331604e-01
1.531531531531531414e+02 4.003128659046593651e-01
1.533333333333333428e+02 4.005867433904584107e-01
1.535135135135134874e+02 4.008589837542411716e-01
1.536936936936936888e+02 4.011295820824051783e-01
1.538738738738738618e+02 4.013985335268566157e-01
1.540540540540540633e+02 4.016658333038621298e-01
1.542342342342342079e+02 4.019314766929321658e-01
1.544144144144144093e+02 4.021954590357398329e-01
1.545945945945945823e+02 4.024577757350673024e-01
1.547747747747747553e+02 4.027184222537905089e-01
1.549549549549549567e+02 4.029773941138757309e-01
1.551351351351351298e+02 4.032346868954240771e-01
1.553153153153153028e+02 4.034902962357271305e-01
1.554954954954954758e+02 4.037442178283644489e-01
1.556756756756756772e+02 4.039964474223050606e-01
1.558558558558558218e+02 4.042469808210587545e-01
1.560360360360360232e+02 4.044958138818293691e-01
1.562162162162161962e+02 4.047429425147069937e-01
1.563963963963963977e+02 4.049883626818689963e-01
1.565765765765765423e+02 4.052320703968184112e-01
1.567567567567567437e+02 4.054740617236278211e-01
1.569369369369369451e+02 4.057143327762135487e-01
1.571171171171171181e+02 4.059528797176236159e-01
1.572972972972972912e+02 4.061896987593534014e-01
1.574774774774774642e+02 4.064247861606673506e-01
1.576576576576576372e+02 4.066581382279491064e-01
1.578378378378378102e+02 4.068897513140655731e-01
1.580180180180180116e+02 4.071196218177474679e-01
1.581981981981981846e+02 4.073477461829828616e-01
1.583783783783783576e+02 4.075741208984386410e-01
1.585585585585585306e+02 4.077987424968770314e-01
1.587387387387387321e+02 4.080216075546115317e-01
1.589189189189188767e+02 4.082427126909545789e-01
1.590990990990991065e+02 4.084620545676986847e-01
1.592792792792792795e+02 4.086796298885938539e-01
1.594594594594594525e+02 4.088954353988528689e-01
1.596396396396396256e+02 4.091094678846587396e-01
1.598198198198197986e+02 4.093217241726943012e-01
1.600000000000000000e+02 4.095322011296752551e-01
1.601801801801801730e+02 4.097408956618971976e-01
1.603603603603603460e+02 4.099478047148010229e-01
1.605405405405405190e+02 4.101529252725399921e-01
1.607207207207207205e+02 4.103562543575615673e-01
1.609009009009008935e+02 4.105577890302034572e-01
1.610810810810810665e+02 4.107575263882914385e-01
1.612612612612612395e+02 4.109554635667588274e-01
1.614414414414414125e+02 4.111515977372603992e-01
1.616216216216216424e+02 4.113459261078128981e-01
1.618018018018017870e+02 4.115384459224280533e-01
1.619819819819819884e+02 4.117291544607709630e-01
1.621621621621621614e+02 4.119180490378094861e-01
1.623423423423423344e+02 4.121051270034901681e-01
1.625225225225225074e+02 4.122903857424053964e-01
1.627027027027027088e+02 4.124738226734840918e-01
1.628828828828828819e+02 4.126554352496760170e-01
1.630630630630630264e+02 4.128352209576570675e-01
1.632432432432432279e+02 4.130131773175263477e-01
1.634234234234234009e+02 4.131893018825289476e-01
1.636036036036036023e+02 4.133635922387697836e-01
1.637837837837837753e+02 4.135360460049429254e-01
1.639639639639639768e+02 4.137066608320627559e-01
1.641441441441441214e+02 4.138754344032076204e-01
1.643243243243243228e+02 4.140423644332615893e-01
1.645045045045044958e+02 4.142074486686704304e-01
1.646846846846846688e+02 4.143706848872012460e-01
1.648648648648648418e+02 4.145320708976985569e-01
1.650450450450450433e+02 4.146916045398651440e-01
1.652252252252252163e+02 4.148492836840306230e-01
1.654054054054054177e+02 4.150051062309308425e-01
1.655855855855855623e+02 4.151590701115008830e-01
1.657657657657657353e+02 4.153111732866603401e-01
1.659459459459459367e+02 4.154614137471108748e-01
1.661261261261261097e+02 4.156097895131401487e-01
1.663063063063063112e+02 4.157562986344243150e-01
1.664864864864864842e+02 4.159009391898388364e-01
1.666666666666666572e+02 4.160437092872766307e-01
1.668468468468468302e+02 4.161846070634648287e-01
1.670270270270270316e+02 4.163236306837889700e-01
1.672072072072071762e+02 4.164607783421214182e-01
1.673873873873873777e+02 4.165960482606582138e-01
1.675675675675675507e+02 4.167294386897469893e-01
1.677477477477477521e+02 4.168609479077327040e-01
1.679279279279278967e+02 4.169905742208021571e-01
1.681081081081081265e+02 4.171183159628305548e-01
1.682882882882882711e+02 4.172441714952317970e-01
1.684684684684684441e+02 4.173681392068177010e-01
1.686486486486486456e+02 4.174902175136546711e-01
1.688288288288288186e+02 4.176104048589238671e-01
1.690090090090089916e+02 4.177286997127926949e-01
1.691891891891891930e+02 4.178451005722780276e-01
1.693693693693693660e+02 4.179596059611234149e-01
1.695495495495495106e+02 4.180722144296691867e-01
1.697297297297297121e+02 4.181829245547379892e-01
1.699099099099098851e+02 4.182917349395095519e-01
1.700900900900900865e+02 4.183986442134116079e-01
1.702702702702702595e+02 4.185036510320034320e-01
1.704504504504504609e+02 4.186067540768684814e-01
1.706306306306306055e+02 4.187079520555059275e-01
1.708108108108107785e+02 4.188072437012288485e-01
1.709909909909910084e+02 4.189046277730636425e-01
1.711711711711711530e+02 4.190001030556487205e-01
1.713513513513513260e+02 4.190936683591396372e-01
1.715315315315315274e+02 4.191853225191184418e-01
1.717117117117117004e+02 4.192750643965021951e-01
1.718918918918919019e+02 4.193628928774509879e-01
1.720720720720720749e+02 4.194488068732868391e-01
1.722522522522522195e+02 4.195328053204078755e-01
1.724324324324324209e+02 4.196148871802091729e-01
1.726126126126125939e+02 4.196950514390004328e-01
1.727927927927927669e+02 4.197732971079352060e-01
1.729729729729729684e+02 4.198496232229337877e-01
1.731531531531531414e+02 4.199240288446078329e-01
1.733333333333333428e+02 4.199965130581969630e-01
1.735135135135134874e+02 4.200670749734985443e-01
1.736936936936937173e+02 4.201357137248008522e-01
1.738738738738738618e+02 4.202024284708215096e-01
1.740540540540540349e+02 4.202672183946462026e-01
1.742342342342342363e+02 4.203300827036670628e-01
1.744144144144144093e+02 4.203910206295279339e-01
1.745945945945945539e+02 4.204500314280695261e-01
1.747747747747747837e+02 4.205071143792739607e-01
1.749549549549549283e+02 4.205622687872124232e-01
1.751351351351351013e+02 4.206154939800000325e-01
1.753153153153153028e+02 4.206667893097448263e-01
1.754954954954954758e+02 4.207161541525025750e-01
1.756756756756756772e+02 4.207635879082309294e-01
1.758558558558558502e+02 4.208090900007526725e-01
1.760360360360360517e+02 4.208526598777106442e-01
1.762162162162161962e+02 4.208942970105303827e-01
1.763963963963963693e+02 4.209340008943816547e-01
1.765765765765765707e+02 4.209717710481500341e-01
1.767567567567567437e+02 4.210076070143933813e-01
1.769369369369369167e+02 4.210415083593193053e-01
1.771171171171171181e+02 4.210734746727498590e-01
1.772972972972972627e+02 4.211035055680969474e-01
1.774774774774774357e+02 4.211316006823302982e-01
1.776576576576576656e+02 4.211577596759606967e-01
1.778378378378378102e+02 4.211819822330100105e-01
1.780180180180180116e+02 4.212042680609904277e-01
1.781981981981981846e+02 4.212246168908895805e-01
1.783783783783783861e+02 4.212430284771463973e-01
1.785585585585585306e+02 4.212595025976363927e-01
1.787387387387387321e+02 4.212740390536586221e-01
1.789189189189189051e+02 4.212866376699180293e-01
1.790990990990990781e+02 4.212972982945176192e-01
1.792792792792792511e+02 4.213060207989485773e-01
1.794594594594594525e+02 4.213128050780741152e-01
1.796396396396395971e+02 4.213176510501335792e-01
1.798198198198198270e+02 4.213205586567273508e-01
1.800000000000000000e+02 4.213215278628182348e-01
