# Theta(deg)	State0	State1	State2	State3
0.000000	0.000000000000	-0.000000000000	-0.000000000000	0.000000000000
0.360360	0.000000000000	-0.003144737391	-0.003144737391	0.000000000000
0.720721	0.000000000000	-0.006289474782	-0.006289474782	0.000000000000
1.081081	0.000000000000	-0.009434212173	-0.009434212173	0.000000000000
1.441441	0.000000000000	-0.012578949564	-0.012578949564	0.000000000000
1.801802	0.000000000000	-0.015723686955	-0.015723686955	0.000000000000
2.162162	0.000000000000	-0.018868424346	-0.018868424346	0.000000000000
2.522523	0.000000000000	-0.022013161737	-0.022013161737	0.000000000000
2.882883	0.000000000000	-0.025157899128	-0.025157899128	0.000000000000
3.243243	0.000000000000	-0.028302636519	-0.028302636519	0.000000000000
3.603604	0.000000000000	-0.031447373910	-0.031447373910	0.000000000000
3.963964	0.000000000000	-0.034592111301	-0.034592111301	0.000000000000
4.324324	0.000000000000	-0.037736848692	-0.037736848692	0.000000000000
4.684685	0.000000000000	-0.040881586083	-0.040881586083	0.000000000000
5.045045	0.000000000000	-0.044026323474	-0.044026323474	0.000000000000
5.405405	0.000000000000	-0.047171060865	-0.047171060865	0.000000000000
5.765766	0.000000000000	-0.050315798256	-0.050315798256	0.000000000000
6.126126	0.000000000000	-0.053460535647	-0.053460535647	0.000000000000
6.486486	0.000000000000	-0.056605273038	-0.056605273038	0.000000000000
6.846847	0.000000000000	-0.059750010429	-0.059750010429	0.000000000000
7.207207	0.000000000000	-0.062894747820	-0.062894747820	0.000000000000
7.567568	0.000000000000	-0.066039485211	-0.066039485211	0.000000000000
7.927928	0.000000000000	-0.069184222602	-0.069184222602	0.000000000000
8.288288	0.000000000000	-0.072328959993	-0.072328959993	0.000000000000
8.648649	0.000000000000	-0.075473697384	-0.075473697384	0.000000000000
9.009009	0.000000000000	-0.078618434775	-0.078618434775	0.000000000000
9.369369	0.000000000000	-0.081763172166	-0.081763172166	0.000000000000
9.729730	0.000000000000	-0.084907909556	-0.084907909556	0.000000000000
10.090090	0.000000000000	-0.088052646947	-0.088052646947	0.000000000000
10.450450	0.000000000000	-0.091197384338	-0.091197384338	0.000000000000
10.810811	0.000000000000	-0.094342121729	-0.094342121729	0.000000000000
11.171171	0.000000000000	-0.097486859120	-0.097486859120	0.000000000000
11.531532	0.000000000000	-0.100631596511	-0.100631596511	0.000000000000
11.891892	0.000000000000	-0.103776333902	-0.103776333902	0.000000000000
12.252252	0.000000000000	-0.106921071293	-0.106921071293	0.000000000000
12.612613	0.000000000000	-0.110065808684	-0.110065808684	0.000000000000
12.972973	0.000000000000	-0.113210546075	-0.113210546075	0.000000000000
13.333333	0.000000000000	-0.116355283466	-0.116355283466	0.000000000000
13.693694	0.000000000000	-0.119500020857	-0.119500020857	0.000000000000
14.054054	0.000000000000	-0.122644758248	-0.122644758248	0.000000000000
14.414414	0.000000000000	-0.125789495639	-0.125789495639	0.000000000000
14.774775	0.000000000000	-0.128934233030	-0.128934233030	0.000000000000
15.135135	0.000000000000	-0.132078970421	-0.132078970421	0.000000000000
15.495495	0.000000000000	-0.135223707812	-0.135223707812	0.000000000000
15.855856	0.000000000000	-0.138368445203	-0.138368445203	0.000000000000
16.216216	0.000000000000	-0.141513182594	-0.141513182594	0.000000000000
16.576577	0.000000000000	-0.144657919985	-0.144657919985	0.000000000000
16.936937	0.000000000000	-0.147802657376	-0.147802657376	0.000000000000
17.297297	0.000000000000	-0.150947394767	-0.150947394767	0.000000000000
17.657658	0.000000000000	-0.154092132158	-0.154092132158	0.000000000000
18.018018	0.000000000000	-0.157236869549	-0.157236869549	0.000000000000
18.378378	0.000000000000	-0.160381606940	-0.160381606940	0.000000000000
18.738739	0.000000000000	-0.163526344331	-0.163526344331	0.000000000000
19.099099	0.000000000000	-0.166671081722	-0.166671081722	0.000000000000
19.459459	0.000000000000	-0.169815819113	-0.169815819113	0.000000000000
19.819820	0.000000000000	-0.172960556504	-0.172960556504	0.000000000000
20.180180	0.000000000000	-0.176105293895	-0.176105293895	0.000000000000
20.540541	0.000000000000	-0.179250031286	-0.179250031286	0.000000000000
20.900901	0.000000000000	-0.182394768677	-0.182394768677	0.000000000000
21.261261	0.000000000000	-0.185539506068	-0.185539506068	0.000000000000
21.621622	0.000000000000	-0.188684243459	-0.188684243459	0.000000000000
21.981982	0.000000000000	-0.191828980850	-0.191828980850	0.000000000000
22.342342	0.000000000000	-0.194973718241	-0.194973718241	0.000000000000
22.702703	0.000000000000	-0.198118455632	-0.198118455632	0.000000000000
23.063063	0.000000000000	-0.201263193023	-0.201263193023	0.000000000000
23.423423	0.000000000000	-0.204407930414	-0.204407930414	0.000000000000
23.783784	0.000000000000	-0.207552667805	-0.207552667805	0.000000000000
24.144144	0.000000000000	-0.210697405196	-0.210697405196	0.000000000000
24.504505	0.000000000000	-0.213842142587	-0.213842142587	0.000000000000
24.864865	0.000000000000	-0.216986879978	-0.216986879978	0.000000000000
25.225225	0.000000000000	-0.220131617369	-0.220131617369	0.000000000000
25.585586	0.000000000000	-0.223276354760	-0.223276354760	0.000000000000
25.945946	0.000000000000	-0.226421092151	-0.226421092151	0.000000000000
26.306306	0.000000000000	-0.229565829542	-0.229565829542	0.000000000000
26.666667	0.000000000000	-0.232710566933	-0.232710566933	0.000000000000
27.027027	0.000000000000	-0.235855304324	-0.235855304324	0.000000000000
27.387387	0.000000000000	-0.239000041715	-0.239000041715	0.000000000000
27.747748	0.000000000000	-0.242144779106	-0.242144779106	0.000000000000
28.108108	0.000000000000	-0.245289516497	-0.245289516497	0.000000000000
28.468468	0.000000000000	-0.248434253887	-0.248434253887	0.000000000000
28.828829	0.000000000000	-0.251578991278	-0.251578991278	0.000000000000
29.189189	0.000000000000	-0.254723728669	-0.254723728669	0.000000000000
29.549550	0.000000000000	-0.257868466060	-0.257868466060	0.000000000000
29.909910	0.000000000000	-0.261013203451	-0.261013203451	0.000000000000
30.270270	0.000000000000	-0.264157940842	-0.264157940842	0.000000000000
30.630631	0.000000000000	-0.267302678233	-0.267302678233	0.000000000000
30.990991	0.000000000000	-0.270447415624	-0.270447415624	0.000000000000
31.351351	0.000000000000	-0.273592153015	-0.273592153015	0.000000000000
31.711712	0.000000000000	-0.276736890406	-0.276736890406	0.000000000000
32.072072	0.000000000000	-0.279881627797	-0.279881627797	0.000000000000
32.432432	0.000000000000	-0.283026365188	-0.283026365188	0.000000000000
32.792793	0.000000000000	-0.286171102579	-0.286171102579	0.000000000000
33.153153	0.000000000000	-0.289315839970	-0.289315839970	0.000000000000
33.513514	0.000000000000	-0.292460577361	-0.292460577361	0.000000000000
33.873874	0.000000000000	-0.295605314752	-0.295605314752	0.000000000000
34.234234	0.000000000000	-0.298750052143	-0.298750052143	0.000000000000
34.594595	0.000000000000	-0.301894789534	-0.301894789534	0.000000000000
34.954955	0.000000000000	-0.305039526925	-0.305039526925	0.000000000000
35.315315	0.000000000000	-0.308184264316	-0.308184264316	0.000000000000
35.675676	0.000000000000	-0.311329001707	-0.311329001707	0.000000000000
36.036036	0.000000000000	-0.314473739098	-0.314473739098	0.000000000000
36.396396	0.000000000000	-0.317618476489	-0.317618476489	0.000000000000
36.756757	0.000000000000	-0.320763213880	-0.320763213880	0.000000000000
37.117117	0.000000000000	-0.323907951271	-0.323907951271	0.000000000000
37.477477	0.000000000000	-0.327052688662	-0.327052688662	0.000000000000
37.837838	0.000000000000	-0.330197426053	-0.330197426053	0.000000000000
38.198198	0.000000000000	-0.333342163444	-0.333342163444	0.000000000000
38.558559	0.000000000000	-0.336486900835	-0.336486900835	0.000000000000
38.918919	0.000000000000	-0.339631638226	-0.339631638226	0.000000000000
39.279279	0.000000000000	-0.342776375617	-0.342776375617	0.000000000000
39.639640	0.000000000000	-0.345921113008	-0.345921113008	0.000000000000
40.000000	0.000000000000	-0.349065850399	-0.349065850399	0.000000000000
40.360360	0.000000000000	-0.352210587790	-0.352210587790	0.000000000000
40.720721	0.000000000000	-0.355355325181	-0.355355325181	0.000000000000
41.081081	0.000000000000	-0.358500062572	-0.358500062572	0.000000000000
41.441441	0.000000000000	-0.361644799963	-0.361644799963	0.000000000000
41.801802	0.000000000000	-0.364789537354	-0.364789537354	0.000000000000
42.162162	0.000000000000	-0.367934274745	-0.367934274745	0.000000000000
42.522523	0.000000000000	-0.371079012136	-0.371079012136	0.000000000000
42.882883	0.000000000000	-0.374223749527	-0.374223749527	0.000000000000
43.243243	0.000000000000	-0.377368486918	-0.377368486918	0.000000000000
43.603604	0.000000000000	-0.380513224309	-0.380513224309	0.000000000000
43.963964	0.000000000000	-0.383657961700	-0.383657961700	0.000000000000
44.324324	0.000000000000	-0.386802699091	-0.386802699091	0.000000000000
44.684685	0.000000000000	-0.389947436482	-0.389947436482	0.000000000000
45.045045	0.000000000000	-0.393092173873	-0.393092173873	0.000000000000
45.405405	0.000000000000	-0.396236911264	-0.396236911264	0.000000000000
45.765766	0.000000000000	-0.399381648655	-0.399381648655	0.000000000000
46.126126	0.000000000000	-0.402526386046	-0.402526386046	0.000000000000
46.486486	0.000000000000	-0.405671123437	-0.405671123437	0.000000000000
46.846847	0.000000000000	-0.408815860828	-0.408815860828	0.000000000000
47.207207	0.000000000000	-0.411960598218	-0.411960598218	0.000000000000
47.567568	0.000000000000	-0.415105335609	-0.415105335609	0.000000000000
47.927928	0.000000000000	-0.418250073000	-0.418250073000	0.000000000000
48.288288	0.000000000000	-0.421394810391	-0.421394810391	0.000000000000
48.648649	0.000000000000	-0.424539547782	-0.424539547782	0.000000000000
49.009009	0.000000000000	-0.427684285173	-0.427684285173	0.000000000000
49.369369	0.000000000000	-0.430829022564	-0.430829022564	0.000000000000
49.729730	0.000000000000	-0.433973759955	-0.433973759955	0.000000000000
50.090090	0.000000000000	-0.437118497346	-0.437118497346	0.000000000000
50.450450	0.000000000000	-0.440263234737	-0.440263234737	0.000000000000
50.810811	0.000000000000	-0.443407972128	-0.443407972128	0.000000000000
51.171171	0.000000000000	-0.446552709519	-0.446552709519	0.000000000000
51.531532	0.000000000000	-0.449697446910	-0.449697446910	0.000000000000
51.891892	0.000000000000	-0.452842184301	-0.452842184301	0.000000000000
52.252252	0.000000000000	-0.455986921692	-0.455986921692	0.000000000000
52.612613	0.000000000000	-0.459131659083	-0.459131659083	0.000000000000
52.972973	0.000000000000	-0.462276396474	-0.462276396474	0.000000000000
53.333333	0.000000000000	-0.465421133865	-0.465421133865	0.000000000000
53.693694	0.000000000000	-0.468565871256	-0.468565871256	0.000000000000
54.054054	0.000000000000	-0.471710608647	-0.471710608647	0.000000000000
54.414414	0.000000000000	-0.474855346038	-0.474855346038	0.000000000000
54.774775	0.000000000000	-0.478000083429	-0.478000083429	0.000000000000
55.135135	0.000000000000	-0.481144820820	-0.481144820820	0.000000000000
55.495495	0.000000000000	-0.484289558211	-0.484289558211	0.000000000000
55.855856	0.000000000000	-0.487434295602	-0.487434295602	0.000000000000
56.216216	0.000000000000	-0.490579032993	-0.490579032993	0.000000000000
56.576577	0.000000000000	-0.493723770384	-0.493723770384	0.000000000000
56.936937	0.000000000000	-0.496868507775	-0.496868507775	0.000000000000
57.297297	0.000000000000	-0.500013245166	-0.500013245166	0.000000000000
57.657658	0.000000000000	-0.503157982557	-0.503157982557	0.000000000000
58.018018	0.000000000000	-0.506302719948	-0.506302719948	0.000000000000
58.378378	0.000000000000	-0.509447457339	-0.509447457339	0.000000000000
58.738739	0.000000000000	-0.512592194730	-0.512592194730	0.000000000000
59.099099	0.000000000000	-0.515736932121	-0.515736932121	0.000000000000
59.459459	0.000000000000	-0.518881669512	-0.518881669512	0.000000000000
59.819820	0.000000000000	-0.522026406903	-0.522026406903	0.000000000000
60.180180	0.000000000000	-0.525171144294	-0.525171144294	0.000000000000
60.540541	0.000000000000	-0.528315881685	-0.528315881685	0.000000000000
60.900901	0.000000000000	-0.531460619076	-0.531460619076	0.000000000000
61.261261	0.000000000000	-0.534605356467	-0.534605356467	0.000000000000
61.621622	0.000000000000	-0.537750093858	-0.537750093858	0.000000000000
61.981982	0.000000000000	-0.540894831249	-0.540894831249	0.000000000000
62.342342	0.000000000000	-0.544039568640	-0.544039568640	0.000000000000
62.702703	0.000000000000	-0.547184306031	-0.547184306031	0.000000000000
63.063063	0.000000000000	-0.550329043422	-0.550329043422	0.000000000000
63.423423	0.000000000000	-0.553473780813	-0.553473780813	0.000000000000
63.783784	0.000000000000	-0.556618518204	-0.556618518204	0.000000000000
64.144144	0.000000000000	-0.559763255595	-0.559763255595	0.000000000000
64.504505	0.000000000000	-0.562907992986	-0.562907992986	0.000000000000
64.864865	0.000000000000	-0.566052730377	-0.566052730377	0.000000000000
65.225225	0.000000000000	-0.569197467768	-0.569197467768	0.000000000000
65.585586	0.000000000000	-0.572342205159	-0.572342205159	0.000000000000
65.945946	0.000000000000	-0.575486942549	-0.575486942549	0.000000000000
66.306306	0.000000000000	-0.578631679940	-0.578631679940	0.000000000000
66.666667	0.000000000000	-0.581776417331	-0.581776417331	0.000000000000
67.027027	0.000000000000	-0.584921154722	-0.584921154722	0.000000000000
67.387387	0.000000000000	-0.588065892113	-0.588065892113	0.000000000000
67.747748	0.000000000000	-0.591210629504	-0.591210629504	0.000000000000
68.108108	0.000000000000	-0.594355366895	-0.594355366895	0.000000000000
68.468468	0.000000000000	-0.597500104286	-0.597500104286	0.000000000000
68.828829	0.000000000000	-0.600644841677	-0.600644841677	0.000000000000
69.189189	0.000000000000	-0.603789579068	-0.603789579068	0.000000000000
69.549550	0.000000000000	-0.606934316459	-0.606934316459	0.000000000000
69.909910	0.000000000000	-0.610079053850	-0.610079053850	0.000000000000
70.270270	0.000000000000	-0.613223791241	-0.613223791241	0.000000000000
70.630631	0.000000000000	-0.616368528632	-0.616368528632	0.000000000000
70.990991	0.000000000000	-0.619513266023	-0.619513266023	0.000000000000
71.351351	0.000000000000	-0.622658003414	-0.622658003414	0.000000000000
71.711712	0.000000000000	-0.625802740805	-0.625802740805	0.000000000000
72.072072	0.000000000000	-0.628947478196	-0.628947478196	0.000000000000
72.432432	0.000000000000	-0.632092215587	-0.632092215587	0.000000000000
72.792793	0.000000000000	-0.635236952978	-0.635236952978	0.000000000000
73.153153	0.000000000000	-0.638381690369	-0.638381690369	0.000000000000
73.513514	0.000000000000	-0.641526427760	-0.641526427760	0.000000000000
73.873874	0.000000000000	-0.644671165151	-0.644671165151	0.000000000000
74.234234	0.000000000000	-0.647815902542	-0.647815902542	0.000000000000
74.594595	0.000000000000	-0.650960639933	-0.650960639933	0.000000000000
74.954955	0.000000000000	-0.654105377324	-0.654105377324	0.000000000000
75.315315	0.000000000000	-0.657250114715	-0.657250114715	0.000000000000
75.675676	0.000000000000	-0.660394852106	-0.660394852106	0.000000000000
76.036036	0.000000000000	-0.663539589497	-0.663539589497	0.000000000000
76.396396	0.000000000000	-0.666684326888	-0.666684326888	0.000000000000
76.756757	0.000000000000	-0.669829064279	-0.669829064279	0.000000000000
77.117117	0.000000000000	-0.672973801670	-0.672973801670	0.000000000000
77.477477	0.000000000000	-0.676118539061	-0.676118539061	0.000000000000
77.837838	0.000000000000	-0.679263276452	-0.679263276452	0.000000000000
78.198198	0.000000000000	-0.682408013843	-0.682408013843	0.000000000000
78.558559	0.000000000000	-0.685552751234	-0.685552751234	0.000000000000
78.918919	0.000000000000	-0.688697488625	-0.688697488625	0.000000000000
79.279279	0.000000000000	-0.691842226016	-0.691842226016	0.000000000000
79.639640	0.000000000000	-0.694986963407	-0.694986963407	0.000000000000
80.000000	0.000000000000	-0.698131700798	-0.698131700798	0.000000000000
80.360360	0.000000000000	-0.701276438189	-0.701276438189	0.000000000000
80.720721	0.000000000000	-0.704421175580	-0.704421175580	0.000000000000
81.081081	0.000000000000	-0.707565912971	-0.707565912971	0.000000000000
81.441441	0.000000000000	-0.710710650362	-0.710710650362	0.000000000000
81.801802	0.000000000000	-0.713855387753	-0.713855387753	0.000000000000
82.162162	0.000000000000	-0.717000125144	-0.717000125144	0.000000000000
82.522523	0.000000000000	-0.720144862535	-0.720144862535	0.000000000000
82.882883	0.000000000000	-0.723289599926	-0.723289599926	0.000000000000
83.243243	0.000000000000	-0.726434337317	-0.726434337317	0.000000000000
83.603604	0.000000000000	-0.729579074708	-0.729579074708	0.000000000000
83.963964	0.000000000000	-0.732723812099	-0.732723812099	0.000000000000
84.324324	0.000000000000	-0.735868549490	-0.735868549490	0.000000000000
84.684685	0.000000000000	-0.739013286880	-0.739013286880	0.000000000000
85.045045	0.000000000000	-0.742158024271	-0.742158024271	0.000000000000
85.405405	0.000000000000	-0.745302761662	-0.745302761662	0.000000000000
85.765766	0.000000000000	-0.748447499053	-0.748447499053	0.000000000000
86.126126	0.000000000000	-0.751592236444	-0.751592236444	0.000000000000
86.486486	0.000000000000	-0.754736973835	-0.754736973835	0.000000000000
86.846847	0.000000000000	-0.757881711226	-0.757881711226	0.000000000000
87.207207	0.000000000000	-0.761026448617	-0.761026448617	0.000000000000
87.567568	0.000000000000	-0.764171186008	-0.764171186008	0.000000000000
87.927928	0.000000000000	-0.767315923399	-0.767315923399	0.000000000000
88.288288	0.000000000000	-0.770460660790	-0.770460660790	0.000000000000
88.648649	0.000000000000	-0.773605398181	-0.773605398181	0.000000000000
89.009009	0.000000000000	-0.776750135572	-0.776750135572	0.000000000000
89.369369	0.000000000000	-0.779894872963	-0.779894872963	0.000000000000
89.729730	0.000000000000	-0.783039610354	-0.783039610354	0.000000000000
90.090090	0.000000000000	-0.786184347745	-0.786184347745	0.000000000000
90.450450	0.000000000000	-0.789329085136	-0.789329085136	0.000000000000
90.810811	0.000000000000	-0.792473822527	-0.792473822527	0.000000000000
91.171171	0.000000000000	-0.795618559918	-0.795618559918	0.000000000000
91.531532	0.000000000000	-0.798763297309	-0.798763297309	0.000000000000
91.891892	0.000000000000	-0.801908034700	-0.801908034700	0.000000000000
92.252252	0.000000000000	-0.805052772091	-0.805052772091	0.000000000000
92.612613	0.000000000000	-0.808197509482	-0.808197509482	0.000000000000
92.972973	0.000000000000	-0.811342246873	-0.811342246873	0.000000000000
93.333333	0.000000000000	-0.814486984264	-0.814486984264	0.000000000000
93.693694	0.000000000000	-0.817631721655	-0.817631721655	0.000000000000
94.054054	0.000000000000	-0.820776459046	-0.820776459046	0.000000000000
94.414414	0.000000000000	-0.823921196437	-0.823921196437	0.000000000000
94.774775	0.000000000000	-0.827065933828	-0.827065933828	0.000000000000
95.135135	0.000000000000	-0.830210671219	-0.830210671219	0.000000000000
95.495495	0.000000000000	-0.833355408610	-0.833355408610	0.000000000000
95.855856	0.000000000000	-0.836500146001	-0.836500146001	0.000000000000
96.216216	0.000000000000	-0.839644883392	-0.839644883392	0.000000000000
96.576577	0.000000000000	-0.842789620783	-0.842789620783	0.000000000000
96.936937	0.000000000000	-0.845934358174	-0.845934358174	0.000000000000
97.297297	0.000000000000	-0.849079095565	-0.849079095565	0.000000000000
97.657658	0.000000000000	-0.852223832956	-0.852223832956	0.000000000000
98.018018	0.000000000000	-0.855368570347	-0.855368570347	0.000000000000
98.378378	0.000000000000	-0.858513307738	-0.858513307738	0.000000000000
98.738739	0.000000000000	-0.861658045129	-0.861658045129	0.000000000000
99.099099	0.000000000000	-0.864802782520	-0.864802782520	0.000000000000
99.459459	0.000000000000	-0.867947519911	-0.867947519911	0.000000000000
99.819820	0.000000000000	-0.871092257302	-0.871092257302	0.000000000000
100.180180	0.000000000000	-0.874236994693	-0.874236994693	0.000000000000
100.540541	0.000000000000	-0.877381732084	-0.877381732084	0.000000000000
100.900901	0.000000000000	-0.880526469475	-0.880526469475	0.000000000000
101.261261	0.000000000000	-0.883671206866	-0.883671206866	0.000000000000
101.621622	0.000000000000	-0.886815944257	-0.886815944257	0.000000000000
101.981982	0.000000000000	-0.889960681648	-0.889960681648	0.000000000000
102.342342	0.000000000000	-0.893105419039	-0.893105419039	0.000000000000
102.702703	0.000000000000	-0.896250156430	-0.896250156430	0.000000000000
103.063063	0.000000000000	-0.899394893821	-0.899394893821	0.000000000000
103.423423	0.000000000000	-0.902539631211	-0.902539631211	0.000000000000
103.783784	0.000000000000	-0.905684368602	-0.905684368602	0.000000000000
104.144144	0.000000000000	-0.908829105993	-0.908829105993	0.000000000000
104.504505	0.000000000000	-0.911973843384	-0.911973843384	0.000000000000
104.864865	0.000000000000	-0.915118580775	-0.915118580775	0.000000000000
105.225225	0.000000000000	-0.918263318166	-0.918263318166	0.000000000000
105.585586	0.000000000000	-0.921408055557	-0.921408055557	0.000000000000
105.945946	0.000000000000	-0.924552792948	-0.924552792948	0.000000000000
106.306306	0.000000000000	-0.927697530339	-0.927697530339	0.000000000000
106.666667	0.000000000000	-0.930842267730	-0.930842267730	0.000000000000
107.027027	0.000000000000	-0.933987005121	-0.933987005121	0.000000000000
107.387387	0.000000000000	-0.937131742512	-0.937131742512	0.000000000000
107.747748	0.000000000000	-0.940276479903	-0.940276479903	0.000000000000
108.108108	0.000000000000	-0.943421217294	-0.943421217294	0.000000000000
108.468468	0.000000000000	-0.946565954685	-0.946565954685	0.000000000000
108.828829	0.000000000000	-0.949710692076	-0.949710692076	0.000000000000
109.189189	0.000000000000	-0.952855429467	-0.952855429467	0.000000000000
109.549550	0.000000000000	-0.956000166858	-0.956000166858	0.000000000000
109.909910	0.000000000000	-0.959144904249	-0.959144904249	0.000000000000
110.270270	0.000000000000	-0.962289641640	-0.962289641640	0.000000000000
110.630631	0.000000000000	-0.965434379031	-0.965434379031	0.000000000000
110.990991	0.000000000000	-0.968579116422	-0.968579116422	0.000000000000
111.351351	0.000000000000	-0.971723853813	-0.971723853813	0.000000000000
111.711712	0.000000000000	-0.974868591204	-0.974868591204	0.000000000000
112.072072	0.000000000000	-0.978013328595	-0.978013328595	0.000000000000
112.432432	0.000000000000	-0.981158065986	-0.981158065986	0.000000000000
112.792793	0.000000000000	-0.984302803377	-0.984302803377	0.000000000000
113.153153	0.000000000000	-0.987447540768	-0.987447540768	0.000000000000
113.513514	0.000000000000	-0.990592278159	-0.990592278159	0.000000000000
113.873874	0.000000000000	-0.993737015550	-0.993737015550	0.000000000000
114.234234	0.000000000000	-0.996881752941	-0.996881752941	0.000000000000
114.594595	0.000000000000	-1.000026490332	-1.000026490332	0.000000000000
114.954955	0.000000000000	-1.003171227723	-1.003171227723	0.000000000000
115.315315	0.000000000000	-1.006315965114	-1.006315965114	0.000000000000
115.675676	0.000000000000	-1.009460702505	-1.009460702505	0.000000000000
116.036036	0.000000000000	-1.012605439896	-1.012605439896	0.000000000000
116.396396	0.000000000000	-1.015750177287	-1.015750177287	0.000000000000
116.756757	0.000000000000	-1.018894914678	-1.018894914678	0.000000000000
117.117117	0.000000000000	-1.022039652069	-1.022039652069	0.000000000000
117.477477	0.000000000000	-1.025184389460	-1.025184389460	0.000000000000
117.837838	0.000000000000	-1.028329126851	-1.028329126851	0.000000000000
118.198198	0.000000000000	-1.031473864242	-1.031473864242	0.000000000000
118.558559	0.000000000000	-1.034618601633	-1.034618601633	0.000000000000
118.918919	0.000000000000	-1.037763339024	-1.037763339024	0.000000000000
119.279279	0.000000000000	-1.040908076415	-1.040908076415	0.000000000000
119.639640	0.000000000000	-1.044052813806	-1.044052813806	0.000000000000
120.000000	0.000000000000	-1.047197551197	-1.047197551197	0.000000000000
120.360360	0.000000000000	-1.050342288588	-1.050342288588	0.000000000000
120.720721	0.000000000000	-1.053487025979	-1.053487025979	0.000000000000
121.081081	0.000000000000	-1.056631763370	-1.056631763370	0.000000000000
121.441441	0.000000000000	-1.059776500761	-1.059776500761	0.000000000000
121.801802	0.000000000000	-1.062921238152	-1.062921238152	0.000000000000
122.162162	0.000000000000	-1.066065975542	-1.066065975542	0.000000000000
122.522523	0.000000000000	-1.069210712933	-1.069210712933	0.000000000000
122.882883	0.000000000000	-1.072355450324	-1.072355450324	0.000000000000
123.243243	0.000000000000	-1.075500187715	-1.075500187715	0.000000000000
123.603604	0.000000000000	-1.078644925106	-1.078644925106	0.000000000000
123.963964	0.000000000000	-1.081789662497	-1.081789662497	0.000000000000
124.324324	0.000000000000	-1.084934399888	-1.084934399888	0.000000000000
124.684685	0.000000000000	-1.088079137279	-1.088079137279	0.000000000000
125.045045	0.000000000000	-1.091223874670	-1.091223874670	0.000000000000
125.405405	0.000000000000	-1.094368612061	-1.094368612061	0.000000000000
125.765766	0.000000000000	-1.097513349452	-1.097513349452	0.000000000000
126.126126	0.000000000000	-1.100658086843	-1.100658086843	0.000000000000
126.486486	0.000000000000	-1.103802824234	-1.103802824234	0.000000000000
126.846847	0.000000000000	-1.106947561625	-1.106947561625	0.000000000000
127.207207	0.000000000000	-1.110092299016	-1.110092299016	0.000000000000
127.567568	0.000000000000	-1.113237036407	-1.113237036407	0.000000000000
127.927928	0.000000000000	-1.116381773798	-1.116381773798	0.000000000000
128.288288	0.000000000000	-1.119526511189	-1.119526511189	0.000000000000
128.648649	0.000000000000	-1.122671248580	-1.122671248580	0.000000000000
129.009009	0.000000000000	-1.125815985971	-1.125815985971	0.000000000000
129.369369	0.000000000000	-1.128960723362	-1.128960723362	0.000000000000
129.729730	0.000000000000	-1.132105460753	-1.132105460753	0.000000000000
130.090090	0.000000000000	-1.135250198144	-1.135250198144	0.000000000000
130.450450	0.000000000000	-1.138394935535	-1.138394935535	0.000000000000
130.810811	0.000000000000	-1.141539672926	-1.141539672926	0.000000000000
131.171171	0.000000000000	-1.144684410317	-1.144684410317	0.000000000000
131.531532	0.000000000000	-1.147829147708	-1.147829147708	0.000000000000
131.891892	0.000000000000	-1.150973885099	-1.150973885099	0.000000000000
132.252252	0.000000000000	-1.154118622490	-1.154118622490	0.000000000000
132.612613	0.000000000000	-1.157263359881	-1.157263359881	0.000000000000
132.972973	0.000000000000	-1.160408097272	-1.160408097272	0.000000000000
133.333333	0.000000000000	-1.163552834663	-1.163552834663	0.000000000000
133.693694	0.000000000000	-1.166697572054	-1.166697572054	0.000000000000
134.054054	0.000000000000	-1.169842309445	-1.169842309445	0.000000000000
134.414414	0.000000000000	-1.172987046836	-1.172987046836	0.000000000000
134.774775	0.000000000000	-1.176131784227	-1.176131784227	0.000000000000
135.135135	0.000000000000	-1.179276521618	-1.179276521618	0.000000000000
135.495495	0.000000000000	-1.182421259009	-1.182421259009	0.000000000000
135.855856	0.000000000000	-1.185565996400	-1.185565996400	0.000000000000
136.216216	0.000000000000	-1.188710733791	-1.188710733791	0.000000000000
136.576577	0.000000000000	-1.191855471182	-1.191855471182	0.000000000000
136.936937	0.000000000000	-1.195000208573	-1.195000208573	0.000000000000
137.297297	0.000000000000	-1.198144945964	-1.198144945964	0.000000000000
137.657658	0.000000000000	-1.201289683355	-1.201289683355	0.000000000000
138.018018	0.000000000000	-1.204434420746	-1.204434420746	0.000000000000
138.378378	0.000000000000	-1.207579158137	-1.207579158137	0.000000000000
138.738739	0.000000000000	-1.210723895528	-1.210723895528	0.000000000000
139.099099	0.000000000000	-1.213868632919	-1.213868632919	0.000000000000
139.459459	0.000000000000	-1.217013370310	-1.217013370310	0.000000000000
139.819820	0.000000000000	-1.220158107701	-1.220158107701	0.000000000000
140.180180	0.000000000000	-1.223302845092	-1.223302845092	0.000000000000
140.540541	0.000000000000	-1.226447582483	-1.226447582483	0.000000000000
140.900901	0.000000000000	-1.229592319873	-1.229592319873	0.000000000000
141.261261	0.000000000000	-1.232737057264	-1.232737057264	0.000000000000
141.621622	0.000000000000	-1.235881794655	-1.235881794655	0.000000000000
141.981982	0.000000000000	-1.239026532046	-1.239026532046	0.000000000000
142.342342	0.000000000000	-1.242171269437	-1.242171269437	0.000000000000
142.702703	0.000000000000	-1.245316006828	-1.245316006828	0.000000000000
143.063063	0.000000000000	-1.248460744219	-1.248460744219	0.000000000000
143.423423	0.000000000000	-1.251605481610	-1.251605481610	0.000000000000
143.783784	0.000000000000	-1.254750219001	-1.254750219001	0.000000000000
144.144144	0.000000000000	-1.257894956392	-1.257894956392	0.000000000000
144.504505	0.000000000000	-1.261039693783	-1.261039693783	0.000000000000
144.864865	0.000000000000	-1.264184431174	-1.264184431174	0.000000000000
145.225225	0.000000000000	-1.267329168565	-1.267329168565	0.000000000000
145.585586	0.000000000000	-1.270473905956	-1.270473905956	0.000000000000
145.945946	0.000000000000	-1.273618643347	-1.273618643347	0.000000000000
146.306306	0.000000000000	-1.276763380738	-1.276763380738	0.000000000000
146.666667	0.000000000000	-1.279908118129	-1.279908118129	0.000000000000
147.027027	0.000000000000	-1.283052855520	-1.283052855520	0.000000000000
147.387387	0.000000000000	-1.286197592911	-1.286197592911	0.000000000000
147.747748	0.000000000000	-1.289342330302	-1.289342330302	0.000000000000
148.108108	0.000000000000	-1.292487067693	-1.292487067693	0.000000000000
148.468468	0.000000000000	-1.295631805084	-1.295631805084	0.000000000000
148.828829	0.000000000000	-1.298776542475	-1.298776542475	0.000000000000
149.189189	0.000000000000	-1.301921279866	-1.301921279866	0.000000000000
149.549550	0.000000000000	-1.305066017257	-1.305066017257	0.000000000000
149.909910	0.000000000000	-1.308210754648	-1.308210754648	0.000000000000
150.270270	0.000000000000	-1.311355492039	-1.311355492039	0.000000000000
150.630631	0.000000000000	-1.314500229430	-1.314500229430	0.000000000000
150.990991	0.000000000000	-1.317644966821	-1.317644966821	0.000000000000
151.351351	0.000000000000	-1.320789704212	-1.320789704212	0.000000000000
151.711712	0.000000000000	-1.323934441603	-1.323934441603	0.000000000000
152.072072	0.000000000000	-1.327079178994	-1.327079178994	0.000000000000
152.432432	0.000000000000	-1.330223916385	-1.330223916385	0.000000000000
152.792793	0.000000000000	-1.333368653776	-1.333368653776	0.000000000000
153.153153	0.000000000000	-1.336513391167	-1.336513391167	0.000000000000
153.513514	0.000000000000	-1.339658128558	-1.339658128558	0.000000000000
153.873874	0.000000000000	-1.342802865949	-1.342802865949	0.000000000000
154.234234	0.000000000000	-1.345947603340	-1.345947603340	0.000000000000
154.594595	0.000000000000	-1.349092340731	-1.349092340731	0.000000000000
154.954955	0.000000000000	-1.352237078122	-1.352237078122	0.000000000000
155.315315	0.000000000000	-1.355381815513	-1.355381815513	0.000000000000
155.675676	0.000000000000	-1.358526552904	-1.358526552904	0.000000000000
156.036036	0.000000000000	-1.361671290295	-1.361671290295	0.000000000000
156.396396	0.000000000000	-1.364816027686	-1.364816027686	0.000000000000
156.756757	0.000000000000	-1.367960765077	-1.367960765077	0.000000000000
157.117117	0.000000000000	-1.371105502468	-1.371105502468	0.000000000000
157.477477	0.000000000000	-1.374250239859	-1.374250239859	0.000000000000
157.837838	0.000000000000	-1.377394977250	-1.377394977250	0.000000000000
158.198198	0.000000000000	-1.380539714641	-1.380539714641	0.000000000000
158.558559	0.000000000000	-1.383684452032	-1.383684452032	0.000000000000
158.918919	0.000000000000	-1.386829189423	-1.386829189423	0.000000000000
159.279279	0.000000000000	-1.389973926814	-1.389973926814	0.000000000000
159.639640	0.000000000000	-1.393118664204	-1.393118664204	0.000000000000
160.000000	0.000000000000	-1.396263401595	-1.396263401595	0.000000000000
160.360360	0.000000000000	-1.399408138986	-1.399408138986	0.000000000000
160.720721	0.000000000000	-1.402552876377	-1.402552876377	0.000000000000
161.081081	0.000000000000	-1.405697613768	-1.405697613768	0.000000000000
161.441441	0.000000000000	-1.408842351159	-1.408842351159	0.000000000000
161.801802	0.000000000000	-1.411987088550	-1.411987088550	0.000000000000
162.162162	0.000000000000	-1.415131825941	-1.415131825941	0.000000000000
162.522523	0.000000000000	-1.418276563332	-1.418276563332	0.000000000000
162.882883	0.000000000000	-1.421421300723	-1.421421300723	0.000000000000
163.243243	0.000000000000	-1.424566038114	-1.424566038114	0.000000000000
163.603604	0.000000000000	-1.427710775505	-1.427710775505	0.000000000000
163.963964	0.000000000000	-1.430855512896	-1.430855512896	0.000000000000
164.324324	0.000000000000	-1.434000250287	-1.434000250287	0.000000000000
164.684685	0.000000000000	-1.437144987678	-1.437144987678	0.000000000000
165.045045	0.000000000000	-1.440289725069	-1.440289725069	0.000000000000
165.405405	0.000000000000	-1.443434462460	-1.443434462460	0.000000000000
165.765766	0.000000000000	-1.446579199851	-1.446579199851	0.000000000000
166.126126	0.000000000000	-1.449723937242	-1.449723937242	0.000000000000
166.486486	0.000000000000	-1.452868674633	-1.452868674633	0.000000000000
166.846847	0.000000000000	-1.456013412024	-1.456013412024	0.000000000000
167.207207	0.000000000000	-1.459158149415	-1.459158149415	0.000000000000
167.567568	0.000000000000	-1.462302886806	-1.462302886806	0.000000000000
167.927928	0.000000000000	-1.465447624197	-1.465447624197	0.000000000000
168.288288	0.000000000000	-1.468592361588	-1.468592361588	0.000000000000
168.648649	0.000000000000	-1.471737098979	-1.471737098979	0.000000000000
169.009009	0.000000000000	-1.474881836370	-1.474881836370	0.000000000000
169.369369	0.000000000000	-1.478026573761	-1.478026573761	0.000000000000
169.729730	0.000000000000	-1.481171311152	-1.481171311152	0.000000000000
170.090090	0.000000000000	-1.484316048543	-1.484316048543	0.000000000000
170.450450	0.000000000000	-1.487460785934	-1.487460785934	0.000000000000
170.810811	0.000000000000	-1.490605523325	-1.490605523325	0.000000000000
171.171171	0.000000000000	-1.493750260716	-1.493750260716	0.000000000000
171.531532	0.000000000000	-1.496894998107	-1.496894998107	0.000000000000
171.891892	0.000000000000	-1.500039735498	-1.500039735498	0.000000000000
172.252252	0.000000000000	-1.503184472889	-1.503184472889	0.000000000000
172.612613	0.000000000000	-1.506329210280	-1.506329210280	0.000000000000
172.972973	0.000000000000	-1.509473947671	-1.509473947671	0.000000000000
173.333333	0.000000000000	-1.512618685062	-1.512618685062	0.000000000000
173.693694	0.000000000000	-1.515763422453	-1.515763422453	0.000000000000
174.054054	0.000000000000	-1.518908159844	-1.518908159844	0.000000000000
174.414414	0.000000000000	-1.522052897235	-1.522052897235	0.000000000000
174.774775	0.000000000000	-1.525197634626	-1.525197634626	0.000000000000
175.135135	0.000000000000	-1.528342372017	-1.528342372017	0.000000000000
175.495495	0.000000000000	-1.531487109408	-1.531487109408	0.000000000000
175.855856	0.000000000000	-1.534631846799	-1.534631846799	0.000000000000
176.216216	0.000000000000	-1.537776584190	-1.537776584190	0.000000000000
176.576577	0.000000000000	-1.540921321581	-1.540921321581	0.000000000000
176.936937	0.000000000000	-1.544066058972	-1.544066058972	0.000000000000
177.297297	0.000000000000	-1.547210796363	-1.547210796363	0.000000000000
177.657658	0.000000000000	-1.550355533754	-1.550355533754	0.000000000000
178.018018	0.000000000000	-1.553500271145	-1.553500271145	0.000000000000
178.378378	0.000000000000	-1.556645008535	-1.556645008535	0.000000000000
178.738739	0.000000000000	-1.559789745926	-1.559789745926	0.000000000000
179.099099	0.000000000000	-1.562934483317	-1.562934483317	0.000000000000
179.459459	0.000000000000	-1.566079220708	-1.566079220708	0.000000000000
179.819820	0.000000000000	-1.569223958099	-1.569223958099	0.000000000000
180.180180	0.000000000000	-1.572368695490	-1.572368695490	0.000000000000
180.540541	0.000000000000	-1.575513432881	-1.575513432881	0.000000000000
180.900901	0.000000000000	-1.578658170272	-1.578658170272	0.000000000000
181.261261	0.000000000000	-1.581802907663	-1.581802907663	0.000000000000
181.621622	0.000000000000	-1.584947645054	-1.584947645054	0.000000000000
181.981982	0.000000000000	-1.588092382445	-1.588092382445	0.000000000000
182.342342	0.000000000000	-1.591237119836	-1.591237119836	0.000000000000
182.702703	0.000000000000	-1.594381857227	-1.594381857227	0.000000000000
183.063063	0.000000000000	-1.597526594618	-1.597526594618	0.000000000000
183.423423	0.000000000000	-1.600671332009	-1.600671332009	0.000000000000
183.783784	0.000000000000	-1.603816069400	-1.603816069400	0.000000000000
184.144144	0.000000000000	-1.606960806791	-1.606960806791	0.000000000000
184.504505	0.000000000000	-1.610105544182	-1.610105544182	0.000000000000
184.864865	0.000000000000	-1.613250281573	-1.613250281573	0.000000000000
185.225225	0.000000000000	-1.616395018964	-1.616395018964	0.000000000000
185.585586	0.000000000000	-1.619539756355	-1.619539756355	0.000000000000
185.945946	0.000000000000	-1.622684493746	-1.622684493746	0.000000000000
186.306306	0.000000000000	-1.625829231137	-1.625829231137	0.000000000000
186.666667	0.000000000000	-1.628973968528	-1.628973968528	0.000000000000
187.027027	0.000000000000	-1.632118705919	-1.632118705919	0.000000000000
187.387387	0.000000000000	-1.635263443310	-1.635263443310	0.000000000000
187.747748	0.000000000000	-1.638408180701	-1.638408180701	0.000000000000
188.108108	0.000000000000	-1.641552918092	-1.641552918092	0.000000000000
188.468468	0.000000000000	-1.644697655483	-1.644697655483	0.000000000000
188.828829	0.000000000000	-1.647842392874	-1.647842392874	0.000000000000
189.189189	0.000000000000	-1.650987130265	-1.650987130265	0.000000000000
189.549550	0.000000000000	-1.654131867656	-1.654131867656	0.000000000000
189.909910	0.000000000000	-1.657276605047	-1.657276605047	0.000000000000
190.270270	0.000000000000	-1.660421342438	-1.660421342438	0.000000000000
190.630631	0.000000000000	-1.663566079829	-1.663566079829	0.000000000000
190.990991	0.000000000000	-1.666710817220	-1.666710817220	0.000000000000
191.351351	0.000000000000	-1.669855554611	-1.669855554611	0.000000000000
191.711712	0.000000000000	-1.673000292002	-1.673000292002	0.000000000000
192.072072	0.000000000000	-1.676145029393	-1.676145029393	0.000000000000
192.432432	0.000000000000	-1.679289766784	-1.679289766784	0.000000000000
192.792793	0.000000000000	-1.682434504175	-1.682434504175	0.000000000000
193.153153	0.000000000000	-1.685579241566	-1.685579241566	0.000000000000
193.513514	0.000000000000	-1.688723978957	-1.688723978957	0.000000000000
193.873874	0.000000000000	-1.691868716348	-1.691868716348	0.000000000000
194.234234	0.000000000000	-1.695013453739	-1.695013453739	0.000000000000
194.594595	0.000000000000	-1.698158191130	-1.698158191130	0.000000000000
194.954955	0.000000000000	-1.701302928521	-1.701302928521	0.000000000000
195.315315	0.000000000000	-1.704447665912	-1.704447665912	0.000000000000
195.675676	0.000000000000	-1.707592403303	-1.707592403303	0.000000000000
196.036036	0.000000000000	-1.710737140694	-1.710737140694	0.000000000000
196.396396	0.000000000000	-1.713881878085	-1.713881878085	0.000000000000
196.756757	0.000000000000	-1.717026615476	-1.717026615476	0.000000000000
197.117117	0.000000000000	-1.720171352866	-1.720171352866	0.000000000000
197.477477	0.000000000000	-1.723316090257	-1.723316090257	0.000000000000
197.837838	0.000000000000	-1.726460827648	-1.726460827648	0.000000000000
198.198198	0.000000000000	-1.729605565039	-1.729605565039	0.000000000000
198.558559	0.000000000000	-1.732750302430	-1.732750302430	0.000000000000
198.918919	0.000000000000	-1.735895039821	-1.735895039821	0.000000000000
199.279279	0.000000000000	-1.739039777212	-1.739039777212	0.000000000000
199.639640	0.000000000000	-1.742184514603	-1.742184514603	0.000000000000
200.000000	0.000000000000	-1.745329251994	-1.745329251994	0.000000000000
200.360360	0.000000000000	-1.748473989385	-1.748473989385	0.000000000000
200.720721	0.000000000000	-1.751618726776	-1.751618726776	0.000000000000
201.081081	0.000000000000	-1.754763464167	-1.754763464167	0.000000000000
201.441441	0.000000000000	-1.757908201558	-1.757908201558	0.000000000000
201.801802	0.000000000000	-1.761052938949	-1.761052938949	0.000000000000
202.162162	0.000000000000	-1.764197676340	-1.764197676340	0.000000000000
202.522523	0.000000000000	-1.767342413731	-1.767342413731	0.000000000000
202.882883	0.000000000000	-1.770487151122	-1.770487151122	0.000000000000
203.243243	0.000000000000	-1.773631888513	-1.773631888513	0.000000000000
203.603604	0.000000000000	-1.776776625904	-1.776776625904	0.000000000000
203.963964	0.000000000000	-1.779921363295	-1.779921363295	0.000000000000
204.324324	0.000000000000	-1.783066100686	-1.783066100686	0.000000000000
204.684685	0.000000000000	-1.786210838077	-1.786210838077	0.000000000000
205.045045	0.000000000000	-1.789355575468	-1.789355575468	0.000000000000
205.405405	0.000000000000	-1.792500312859	-1.792500312859	0.000000000000
205.765766	0.000000000000	-1.795645050250	-1.795645050250	0.000000000000
206.126126	0.000000000000	-1.798789787641	-1.798789787641	0.000000000000
206.486486	0.000000000000	-1.801934525032	-1.801934525032	0.000000000000
206.846847	0.000000000000	-1.805079262423	-1.805079262423	0.000000000000
207.207207	0.000000000000	-1.808223999814	-1.808223999814	0.000000000000
207.567568	0.000000000000	-1.811368737205	-1.811368737205	0.000000000000
207.927928	0.000000000000	-1.814513474596	-1.814513474596	0.000000000000
208.288288	0.000000000000	-1.817658211987	-1.817658211987	0.000000000000
208.648649	0.000000000000	-1.820802949378	-1.820802949378	0.000000000000
209.009009	0.000000000000	-1.823947686769	-1.823947686769	0.000000000000
209.369369	0.000000000000	-1.827092424160	-1.827092424160	0.000000000000
209.729730	0.000000000000	-1.830237161551	-1.830237161551	0.000000000000
210.090090	0.000000000000	-1.833381898942	-1.833381898942	0.000000000000
210.450450	0.000000000000	-1.836526636333	-1.836526636333	0.000000000000
210.810811	0.000000000000	-1.839671373724	-1.839671373724	0.000000000000
211.171171	0.000000000000	-1.842816111115	-1.842816111115	0.000000000000
211.531532	0.000000000000	-1.845960848506	-1.845960848506	0.000000000000
211.891892	0.000000000000	-1.849105585897	-1.849105585897	0.000000000000
212.252252	0.000000000000	-1.852250323288	-1.852250323288	0.000000000000
212.612613	0.000000000000	-1.855395060679	-1.855395060679	0.000000000000
212.972973	0.000000000000	-1.858539798070	-1.858539798070	0.000000000000
213.333333	0.000000000000	-1.861684535461	-1.861684535461	0.000000000000
213.693694	0.000000000000	-1.864829272852	-1.864829272852	0.000000000000
214.054054	0.000000000000	-1.867974010243	-1.867974010243	0.000000000000
214.414414	0.000000000000	-1.871118747634	-1.871118747634	0.000000000000
214.774775	0.000000000000	-1.874263485025	-1.874263485025	0.000000000000
215.135135	0.000000000000	-1.877408222416	-1.877408222416	0.000000000000
215.495495	0.000000000000	-1.880552959807	-1.880552959807	0.000000000000
215.855856	0.000000000000	-1.883697697197	-1.883697697197	0.000000000000
216.216216	0.000000000000	-1.886842434588	-1.886842434588	0.000000000000
216.576577	0.000000000000	-1.889987171979	-1.889987171979	0.000000000000
216.936937	0.000000000000	-1.893131909370	-1.893131909370	0.000000000000
217.297297	0.000000000000	-1.896276646761	-1.896276646761	0.000000000000
217.657658	0.000000000000	-1.899421384152	-1.899421384152	0.000000000000
218.018018	0.000000000000	-1.902566121543	-1.902566121543	0.000000000000
218.378378	0.000000000000	-1.905710858934	-1.905710858934	0.000000000000
218.738739	0.000000000000	-1.908855596325	-1.908855596325	0.000000000000
219.099099	0.000000000000	-1.912000333716	-1.912000333716	0.000000000000
219.459459	0.000000000000	-1.915145071107	-1.915145071107	0.000000000000
219.819820	0.000000000000	-1.918289808498	-1.918289808498	0.000000000000
220.180180	0.000000000000	-1.921434545889	-1.921434545889	0.000000000000
220.540541	0.000000000000	-1.924579283280	-1.924579283280	0.000000000000
220.900901	0.000000000000	-1.927724020671	-1.927724020671	0.000000000000
221.261261	0.000000000000	-1.930868758062	-1.930868758062	0.000000000000
221.621622	0.000000000000	-1.934013495453	-1.934013495453	0.000000000000
221.981982	0.000000000000	-1.937158232844	-1.937158232844	0.000000000000
222.342342	0.000000000000	-1.940302970235	-1.940302970235	0.000000000000
222.702703	0.000000000000	-1.943447707626	-1.943447707626	0.000000000000
223.063063	0.000000000000	-1.946592445017	-1.946592445017	0.000000000000
223.423423	0.000000000000	-1.949737182408	-1.949737182408	0.000000000000
223.783784	0.000000000000	-1.952881919799	-1.952881919799	0.000000000000
224.144144	0.000000000000	-1.956026657190	-1.956026657190	0.000000000000
224.504505	0.000000000000	-1.959171394581	-1.959171394581	0.000000000000
224.864865	0.000000000000	-1.962316131972	-1.962316131972	0.000000000000
225.225225	0.000000000000	-1.965460869363	-1.965460869363	0.000000000000
225.585586	0.000000000000	-1.968605606754	-1.968605606754	0.000000000000
225.945946	0.000000000000	-1.971750344145	-1.971750344145	0.000000000000
226.306306	0.000000000000	-1.974895081536	-1.974895081536	0.000000000000
226.666667	0.000000000000	-1.978039818927	-1.978039818927	0.000000000000
227.027027	0.000000000000	-1.981184556318	-1.981184556318	0.000000000000
227.387387	0.000000000000	-1.984329293709	-1.984329293709	0.000000000000
227.747748	0.000000000000	-1.987474031100	-1.987474031100	0.000000000000
228.108108	0.000000000000	-1.990618768491	-1.990618768491	0.000000000000
228.468468	0.000000000000	-1.993763505882	-1.993763505882	0.000000000000
228.828829	0.000000000000	-1.996908243273	-1.996908243273	0.000000000000
229.189189	0.000000000000	-2.000052980664	-2.000052980664	0.000000000000
229.549550	0.000000000000	-2.003197718055	-2.003197718055	0.000000000000
229.909910	0.000000000000	-2.006342455446	-2.006342455446	0.000000000000
230.270270	0.000000000000	-2.009487192837	-2.009487192837	0.000000000000
230.630631	0.000000000000	-2.012631930228	-2.012631930228	0.000000000000
230.990991	0.000000000000	-2.015776667619	-2.015776667619	0.000000000000
231.351351	0.000000000000	-2.018921405010	-2.018921405010	0.000000000000
231.711712	0.000000000000	-2.022066142401	-2.022066142401	0.000000000000
232.072072	0.000000000000	-2.025210879792	-2.025210879792	0.000000000000
232.432432	0.000000000000	-2.028355617183	-2.028355617183	0.000000000000
232.792793	0.000000000000	-2.031500354574	-2.031500354574	0.000000000000
233.153153	0.000000000000	-2.034645091965	-2.034645091965	0.000000000000
233.513514	0.000000000000	-2.037789829356	-2.037789829356	0.000000000000
233.873874	0.000000000000	-2.040934566747	-2.040934566747	0.000000000000
234.234234	0.000000000000	-2.044079304138	-2.044079304138	0.000000000000
234.594595	0.000000000000	-2.047224041528	-2.047224041528	0.000000000000
234.954955	0.000000000000	-2.050368778919	-2.050368778919	0.000000000000
235.315315	0.000000000000	-2.053513516310	-2.053513516310	0.000000000000
235.675676	0.000000000000	-2.056658253701	-2.056658253701	0.000000000000
236.036036	0.000000000000	-2.059802991092	-2.059802991092	0.000000000000
236.396396	0.000000000000	-2.062947728483	-2.062947728483	0.000000000000
236.756757	0.000000000000	-2.066092465874	-2.066092465874	0.000000000000
237.117117	0.000000000000	-2.069237203265	-2.069237203265	0.000000000000
237.477477	0.000000000000	-2.072381940656	-2.072381940656	0.000000000000
237.837838	0.000000000000	-2.075526678047	-2.075526678047	0.000000000000
238.198198	0.000000000000	-2.078671415438	-2.078671415438	0.000000000000
238.558559	0.000000000000	-2.081816152829	-2.081816152829	0.000000000000
238.918919	0.000000000000	-2.084960890220	-2.084960890220	0.000000000000
239.279279	0.000000000000	-2.088105627611	-2.088105627611	0.000000000000
239.639640	0.000000000000	-2.091250365002	-2.091250365002	0.000000000000
240.000000	0.000000000000	-2.094395102393	-2.094395102393	0.000000000000
240.360360	0.000000000000	-2.097539839784	-2.097539839784	0.000000000000
240.720721	0.000000000000	-2.100684577175	-2.100684577175	0.000000000000
241.081081	0.000000000000	-2.103829314566	-2.103829314566	0.000000000000
241.441441	0.000000000000	-2.106974051957	-2.106974051957	0.000000000000
241.801802	0.000000000000	-2.110118789348	-2.110118789348	0.000000000000
242.162162	0.000000000000	-2.113263526739	-2.113263526739	0.000000000000
242.522523	0.000000000000	-2.116408264130	-2.116408264130	0.000000000000
242.882883	0.000000000000	-2.119553001521	-2.119553001521	0.000000000000
243.243243	0.000000000000	-2.122697738912	-2.122697738912	0.000000000000
243.603604	0.000000000000	-2.125842476303	-2.125842476303	0.000000000000
243.963964	0.000000000000	-2.128987213694	-2.128987213694	0.000000000000
244.324324	0.000000000000	-2.132131951085	-2.132131951085	0.000000000000
244.684685	0.000000000000	-2.135276688476	-2.135276688476	0.000000000000
245.045045	0.000000000000	-2.138421425867	-2.138421425867	0.000000000000
245.405405	0.000000000000	-2.141566163258	-2.141566163258	0.000000000000
245.765766	0.000000000000	-2.144710900649	-2.144710900649	0.000000000000
246.126126	0.000000000000	-2.147855638040	-2.147855638040	0.000000000000
246.486486	0.000000000000	-2.151000375431	-2.151000375431	0.000000000000
246.846847	0.000000000000	-2.154145112822	-2.154145112822	0.000000000000
247.207207	0.000000000000	-2.157289850213	-2.157289850213	0.000000000000
247.567568	0.000000000000	-2.160434587604	-2.160434587604	0.000000000000
247.927928	0.000000000000	-2.163579324995	-2.163579324995	0.000000000000
248.288288	0.000000000000	-2.166724062386	-2.166724062386	0.000000000000
248.648649	0.000000000000	-2.169868799777	-2.169868799777	0.000000000000
249.009009	0.000000000000	-2.173013537168	-2.173013537168	0.000000000000
249.369369	0.000000000000	-2.176158274559	-2.176158274559	0.000000000000
249.729730	0.000000000000	-2.179303011950	-2.179303011950	0.000000000000
250.090090	0.000000000000	-2.182447749341	-2.182447749341	0.000000000000
250.450450	0.000000000000	-2.185592486732	-2.185592486732	0.000000000000
250.810811	0.000000000000	-2.188737224123	-2.188737224123	0.000000000000
251.171171	0.000000000000	-2.191881961514	-2.191881961514	0.000000000000
251.531532	0.000000000000	-2.195026698905	-2.195026698905	0.000000000000
251.891892	0.000000000000	-2.198171436296	-2.198171436296	0.000000000000
252.252252	0.000000000000	-2.201316173687	-2.201316173687	0.000000000000
252.612613	0.000000000000	-2.204460911078	-2.204460911078	0.000000000000
252.972973	0.000000000000	-2.207605648469	-2.207605648469	0.000000000000
253.333333	0.000000000000	-2.210750385859	-2.210750385859	0.000000000000
253.693694	0.000000000000	-2.213895123250	-2.213895123250	0.000000000000
254.054054	0.000000000000	-2.217039860641	-2.217039860641	0.000000000000
254.414414	0.000000000000	-2.220184598032	-2.220184598032	0.000000000000
254.774775	0.000000000000	-2.223329335423	-2.223329335423	0.000000000000
255.135135	0.000000000000	-2.226474072814	-2.226474072814	0.000000000000
255.495495	0.000000000000	-2.229618810205	-2.229618810205	0.000000000000
255.855856	0.000000000000	-2.232763547596	-2.232763547596	0.000000000000
256.216216	0.000000000000	-2.235908284987	-2.235908284987	0.000000000000
256.576577	0.000000000000	-2.239053022378	-2.239053022378	0.000000000000
256.936937	0.000000000000	-2.242197759769	-2.242197759769	0.000000000000
257.297297	0.000000000000	-2.245342497160	-2.245342497160	0.000000000000
257.657658	0.000000000000	-2.248487234551	-2.248487234551	0.000000000000
258.018018	0.000000000000	-2.251631971942	-2.251631971942	0.000000000000
258.378378	0.000000000000	-2.254776709333	-2.254776709333	0.000000000000
258.738739	0.000000000000	-2.257921446724	-2.257921446724	0.000000000000
259.099099	0.000000000000	-2.261066184115	-2.261066184115	0.000000000000
259.459459	0.000000000000	-2.264210921506	-2.264210921506	0.000000000000
259.819820	0.000000000000	-2.267355658897	-2.267355658897	0.000000000000
260.180180	0.000000000000	-2.270500396288	-2.270500396288	0.000000000000
260.540541	0.000000000000	-2.273645133679	-2.273645133679	0.000000000000
260.900901	0.000000000000	-2.276789871070	-2.276789871070	0.000000000000
261.261261	0.000000000000	-2.279934608461	-2.279934608461	0.000000000000
261.621622	0.000000000000	-2.283079345852	-2.283079345852	0.000000000000
261.981982	0.000000000000	-2.286224083243	-2.286224083243	0.000000000000
262.342342	0.000000000000	-2.289368820634	-2.289368820634	0.000000000000
262.702703	0.000000000000	-2.292513558025	-2.292513558025	0.000000000000
263.063063	0.000000000000	-2.295658295416	-2.295658295416	0.000000000000
263.423423	0.000000000000	-2.298803032807	-2.298803032807	0.000000000000
263.783784	0.000000000000	-2.301947770198	-2.301947770198	0.000000000000
264.144144	0.000000000000	-2.305092507589	-2.305092507589	0.000000000000
264.504505	0.000000000000	-2.308237244980	-2.308237244980	0.000000000000
264.864865	0.000000000000	-2.311381982371	-2.311381982371	0.000000000000
265.225225	0.000000000000	-2.314526719762	-2.314526719762	0.000000000000
265.585586	0.000000000000	-2.317671457153	-2.317671457153	0.000000000000
265.945946	0.000000000000	-2.320816194544	-2.320816194544	0.000000000000
266.306306	0.000000000000	-2.323960931935	-2.323960931935	0.000000000000
266.666667	0.000000000000	-2.327105669326	-2.327105669326	0.000000000000
267.027027	0.000000000000	-2.330250406717	-2.330250406717	0.000000000000
267.387387	0.000000000000	-2.333395144108	-2.333395144108	0.000000000000
267.747748	0.000000000000	-2.336539881499	-2.336539881499	0.000000000000
268.108108	0.000000000000	-2.339684618890	-2.339684618890	0.000000000000
268.468468	0.000000000000	-2.342829356281	-2.342829356281	0.000000000000
268.828829	0.000000000000	-2.345974093672	-2.345974093672	0.000000000000
269.189189	0.000000000000	-2.349118831063	-2.349118831063	0.000000000000
269.549550	0.000000000000	-2.352263568454	-2.352263568454	0.000000000000
269.909910	0.000000000000	-2.355408305845	-2.355408305845	0.000000000000
270.270270	0.000000000000	-2.358553043236	-2.358553043236	0.000000000000
270.630631	0.000000000000	-2.361697780627	-2.361697780627	0.000000000000
270.990991	0.000000000000	-2.364842518018	-2.364842518018	0.000000000000
271.351351	0.000000000000	-2.367987255409	-2.367987255409	0.000000000000
271.711712	0.000000000000	-2.371131992800	-2.371131992800	0.000000000000
272.072072	0.000000000000	-2.374276730190	-2.374276730190	0.000000000000
272.432432	0.000000000000	-2.377421467581	-2.377421467581	0.000000000000
272.792793	0.000000000000	-2.380566204972	-2.380566204972	0.000000000000
273.153153	0.000000000000	-2.383710942363	-2.383710942363	0.000000000000
273.513514	0.000000000000	-2.386855679754	-2.386855679754	0.000000000000
273.873874	0.000000000000	-2.390000417145	-2.390000417145	0.000000000000
274.234234	0.000000000000	-2.393145154536	-2.393145154536	0.000000000000
274.594595	0.000000000000	-2.396289891927	-2.396289891927	0.000000000000
274.954955	0.000000000000	-2.399434629318	-2.399434629318	0.000000000000
275.315315	0.000000000000	-2.402579366709	-2.402579366709	0.000000000000
275.675676	0.000000000000	-2.405724104100	-2.405724104100	0.000000000000
276.036036	0.000000000000	-2.408868841491	-2.408868841491	0.000000000000
276.396396	0.000000000000	-2.412013578882	-2.412013578882	0.000000000000
276.756757	0.000000000000	-2.415158316273	-2.415158316273	0.000000000000
277.117117	0.000000000000	-2.418303053664	-2.418303053664	0.000000000000
277.477477	0.000000000000	-2.421447791055	-2.421447791055	0.000000000000
277.837838	0.000000000000	-2.424592528446	-2.424592528446	0.000000000000
278.198198	0.000000000000	-2.427737265837	-2.427737265837	0.000000000000
278.558559	0.000000000000	-2.430882003228	-2.430882003228	0.000000000000
278.918919	0.000000000000	-2.434026740619	-2.434026740619	0.000000000000
279.279279	0.000000000000	-2.437171478010	-2.437171478010	0.000000000000
279.639640	0.000000000000	-2.440316215401	-2.440316215401	0.000000000000
280.000000	0.000000000000	-2.443460952792	-2.443460952792	0.000000000000
280.360360	0.000000000000	-2.446605690183	-2.446605690183	0.000000000000
280.720721	0.000000000000	-2.449750427574	-2.449750427574	0.000000000000
281.081081	0.000000000000	-2.452895164965	-2.452895164965	0.000000000000
281.441441	0.000000000000	-2.456039902356	-2.456039902356	0.000000000000
281.801802	0.000000000000	-2.459184639747	-2.459184639747	0.000000000000
282.162162	0.000000000000	-2.462329377138	-2.462329377138	0.000000000000
282.522523	0.000000000000	-2.465474114529	-2.465474114529	0.000000000000
282.882883	0.000000000000	-2.468618851920	-2.468618851920	0.000000000000
283.243243	0.000000000000	-2.471763589311	-2.471763589311	0.000000000000
283.603604	0.000000000000	-2.474908326702	-2.474908326702	0.000000000000
283.963964	0.000000000000	-2.478053064093	-2.478053064093	0.000000000000
284.324324	0.000000000000	-2.481197801484	-2.481197801484	0.000000000000
284.684685	0.000000000000	-2.484342538875	-2.484342538875	0.000000000000
285.045045	0.000000000000	-2.487487276266	-2.487487276266	0.000000000000
285.405405	0.000000000000	-2.490632013657	-2.490632013657	0.000000000000
285.765766	0.000000000000	-2.493776751048	-2.493776751048	0.000000000000
286.126126	0.000000000000	-2.496921488439	-2.496921488439	0.000000000000
286.486486	0.000000000000	-2.500066225830	-2.500066225830	0.000000000000
286.846847	0.000000000000	-2.503210963221	-2.503210963221	0.000000000000
287.207207	0.000000000000	-2.506355700612	-2.506355700612	0.000000000000
287.567568	0.000000000000	-2.509500438003	-2.509500438003	0.000000000000
287.927928	0.000000000000	-2.512645175394	-2.512645175394	0.000000000000
288.288288	0.000000000000	-2.515789912785	-2.515789912785	0.000000000000
288.648649	0.000000000000	-2.518934650176	-2.518934650176	0.000000000000
289.009009	0.000000000000	-2.522079387567	-2.522079387567	0.000000000000
289.369369	0.000000000000	-2.525224124958	-2.525224124958	0.000000000000
289.729730	0.000000000000	-2.528368862349	-2.528368862349	0.000000000000
290.090090	0.000000000000	-2.531513599740	-2.531513599740	0.000000000000
290.450450	0.000000000000	-2.534658337131	-2.534658337131	0.000000000000
290.810811	0.000000000000	-2.537803074521	-2.537803074521	0.000000000000
291.171171	0.000000000000	-2.540947811912	-2.540947811912	0.000000000000
291.531532	0.000000000000	-2.544092549303	-2.544092549303	0.000000000000
291.891892	0.000000000000	-2.547237286694	-2.547237286694	0.000000000000
292.252252	0.000000000000	-2.550382024085	-2.550382024085	0.000000000000
292.612613	0.000000000000	-2.553526761476	-2.553526761476	0.000000000000
292.972973	0.000000000000	-2.556671498867	-2.556671498867	0.000000000000
293.333333	0.000000000000	-2.559816236258	-2.559816236258	0.000000000000
293.693694	0.000000000000	-2.562960973649	-2.562960973649	0.000000000000
294.054054	0.000000000000	-2.566105711040	-2.566105711040	0.000000000000
294.414414	0.000000000000	-2.569250448431	-2.569250448431	0.000000000000
294.774775	0.000000000000	-2.572395185822	-2.572395185822	0.000000000000
295.135135	0.000000000000	-2.575539923213	-2.575539923213	0.000000000000
295.495495	0.000000000000	-2.578684660604	-2.578684660604	0.000000000000
295.855856	0.000000000000	-2.581829397995	-2.581829397995	0.000000000000
296.216216	0.000000000000	-2.584974135386	-2.584974135386	0.000000000000
296.576577	0.000000000000	-2.588118872777	-2.588118872777	0.000000000000
296.936937	0.000000000000	-2.591263610168	-2.591263610168	0.000000000000
297.297297	0.000000000000	-2.594408347559	-2.594408347559	0.000000000000
297.657658	0.000000000000	-2.597553084950	-2.597553084950	0.000000000000
298.018018	0.000000000000	-2.600697822341	-2.600697822341	0.000000000000
298.378378	0.000000000000	-2.603842559732	-2.603842559732	0.000000000000
298.738739	0.000000000000	-2.606987297123	-2.606987297123	0.000000000000
299.099099	0.000000000000	-2.610132034514	-2.610132034514	0.000000000000
299.459459	0.000000000000	-2.613276771905	-2.613276771905	0.000000000000
299.819820	0.000000000000	-2.616421509296	-2.616421509296	0.000000000000
300.180180	0.000000000000	-2.619566246687	-2.619566246687	0.000000000000
300.540541	0.000000000000	-2.622710984078	-2.622710984078	0.000000000000
300.900901	0.000000000000	-2.625855721469	-2.625855721469	0.000000000000
301.261261	0.000000000000	-2.629000458860	-2.629000458860	0.000000000000
301.621622	0.000000000000	-2.632145196251	-2.632145196251	0.000000000000
301.981982	0.000000000000	-2.635289933642	-2.635289933642	0.000000000000
302.342342	0.000000000000	-2.638434671033	-2.638434671033	0.000000000000
302.702703	0.000000000000	-2.641579408424	-2.641579408424	0.000000000000
303.063063	0.000000000000	-2.644724145815	-2.644724145815	0.000000000000
303.423423	0.000000000000	-2.647868883206	-2.647868883206	0.000000000000
303.783784	0.000000000000	-2.651013620597	-2.651013620597	0.000000000000
304.144144	0.000000000000	-2.654158357988	-2.654158357988	0.000000000000
304.504505	0.000000000000	-2.657303095379	-2.657303095379	0.000000000000
304.864865	0.000000000000	-2.660447832770	-2.660447832770	0.000000000000
305.225225	0.000000000000	-2.663592570161	-2.663592570161	0.000000000000
305.585586	0.000000000000	-2.666737307552	-2.666737307552	0.000000000000
305.945946	0.000000000000	-2.669882044943	-2.669882044943	0.000000000000
306.306306	0.000000000000	-2.673026782334	-2.673026782334	0.000000000000
306.666667	0.000000000000	-2.676171519725	-2.676171519725	0.000000000000
307.027027	0.000000000000	-2.679316257116	-2.679316257116	0.000000000000
307.387387	0.000000000000	-2.682460994507	-2.682460994507	0.000000000000
307.747748	0.000000000000	-2.685605731898	-2.685605731898	0.000000000000
308.108108	0.000000000000	-2.688750469289	-2.688750469289	0.000000000000
308.468468	0.000000000000	-2.691895206680	-2.691895206680	0.000000000000
308.828829	0.000000000000	-2.695039944071	-2.695039944071	0.000000000000
309.189189	0.000000000000	-2.698184681462	-2.698184681462	0.000000000000
309.549550	0.000000000000	-2.701329418852	-2.701329418852	0.000000000000
309.909910	0.000000000000	-2.704474156243	-2.704474156243	0.000000000000
310.270270	0.000000000000	-2.707618893634	-2.707618893634	0.000000000000
310.630631	0.000000000000	-2.710763631025	-2.710763631025	0.000000000000
310.990991	0.000000000000	-2.713908368416	-2.713908368416	0.000000000000
311.351351	0.000000000000	-2.717053105807	-2.717053105807	0.000000000000
311.711712	0.000000000000	-2.720197843198	-2.720197843198	0.000000000000
312.072072	0.000000000000	-2.723342580589	-2.723342580589	0.000000000000
312.432432	0.000000000000	-2.726487317980	-2.726487317980	0.000000000000
312.792793	0.000000000000	-2.729632055371	-2.729632055371	0.000000000000
313.153153	0.000000000000	-2.732776792762	-2.732776792762	0.000000000000
313.513514	0.000000000000	-2.735921530153	-2.735921530153	0.000000000000
313.873874	0.000000000000	-2.739066267544	-2.739066267544	0.000000000000
314.234234	0.000000000000	-2.742211004935	-2.742211004935	0.000000000000
314.594595	0.000000000000	-2.745355742326	-2.745355742326	0.000000000000
314.954955	0.000000000000	-2.748500479717	-2.748500479717	0.000000000000
315.315315	0.000000000000	-2.751645217108	-2.751645217108	0.000000000000
315.675676	0.000000000000	-2.754789954499	-2.754789954499	0.000000000000
316.036036	0.000000000000	-2.757934691890	-2.757934691890	0.000000000000
316.396396	0.000000000000	-2.761079429281	-2.761079429281	0.000000000000
316.756757	0.000000000000	-2.764224166672	-2.764224166672	0.000000000000
317.117117	0.000000000000	-2.767368904063	-2.767368904063	0.000000000000
317.477477	0.000000000000	-2.770513641454	-2.770513641454	0.000000000000
317.837838	0.000000000000	-2.773658378845	-2.773658378845	0.000000000000
318.198198	0.000000000000	-2.776803116236	-2.776803116236	0.000000000000
318.558559	0.000000000000	-2.779947853627	-2.779947853627	0.000000000000
318.918919	0.000000000000	-2.783092591018	-2.783092591018	0.000000000000
319.279279	0.000000000000	-2.786237328409	-2.786237328409	0.000000000000
319.639640	0.000000000000	-2.789382065800	-2.789382065800	0.000000000000
320.000000	0.000000000000	-2.792526803191	-2.792526803191	0.000000000000
320.360360	0.000000000000	-2.795671540582	-2.795671540582	0.000000000000
320.720721	0.000000000000	-2.798816277973	-2.798816277973	0.000000000000
321.081081	0.000000000000	-2.801961015364	-2.801961015364	0.000000000000
321.441441	0.000000000000	-2.805105752755	-2.805105752755	0.000000000000
321.801802	0.000000000000	-2.808250490146	-2.808250490146	0.000000000000
322.162162	0.000000000000	-2.811395227537	-2.811395227537	0.000000000000
322.522523	0.000000000000	-2.814539964928	-2.814539964928	0.000000000000
322.882883	0.000000000000	-2.817684702319	-2.817684702319	0.000000000000
323.243243	0.000000000000	-2.820829439710	-2.820829439710	0.000000000000
323.603604	0.000000000000	-2.823974177101	-2.823974177101	0.000000000000
323.963964	0.000000000000	-2.827118914492	-2.827118914492	0.000000000000
324.324324	0.000000000000	-2.830263651883	-2.830263651883	0.000000000000
324.684685	0.000000000000	-2.833408389274	-2.833408389274	0.000000000000
325.045045	0.000000000000	-2.836553126665	-2.836553126665	0.000000000000
325.405405	0.000000000000	-2.839697864056	-2.839697864056	0.000000000000
325.765766	0.000000000000	-2.842842601447	-2.842842601447	0.000000000000
326.126126	0.000000000000	-2.845987338838	-2.845987338838	0.000000000000
326.486486	0.000000000000	-2.849132076229	-2.849132076229	0.000000000000
326.846847	0.000000000000	-2.852276813620	-2.852276813620	0.000000000000
327.207207	0.000000000000	-2.855421551011	-2.855421551011	0.000000000000
327.567568	0.000000000000	-2.858566288402	-2.858566288402	0.000000000000
327.927928	0.000000000000	-2.861711025793	-2.861711025793	0.000000000000
328.288288	0.000000000000	-2.864855763183	-2.864855763183	0.000000000000
328.648649	0.000000000000	-2.868000500574	-2.868000500574	0.000000000000
329.009009	0.000000000000	-2.871145237965	-2.871145237965	0.000000000000
329.369369	0.000000000000	-2.874289975356	-2.874289975356	0.000000000000
329.729730	0.000000000000	-2.877434712747	-2.877434712747	0.000000000000
330.090090	0.000000000000	-2.880579450138	-2.880579450138	0.000000000000
330.450450	0.000000000000	-2.883724187529	-2.883724187529	0.000000000000
330.810811	0.000000000000	-2.886868924920	-2.886868924920	0.000000000000
331.171171	0.000000000000	-2.890013662311	-2.890013662311	0.000000000000
331.531532	0.000000000000	-2.893158399702	-2.893158399702	0.000000000000
331.891892	0.000000000000	-2.896303137093	-2.896303137093	0.000000000000
332.252252	0.000000000000	-2.899447874484	-2.899447874484	0.000000000000
332.612613	0.000000000000	-2.902592611875	-2.902592611875	0.000000000000
332.972973	0.000000000000	-2.905737349266	-2.905737349266	0.000000000000
333.333333	0.000000000000	-2.908882086657	-2.908882086657	0.000000000000
333.693694	0.000000000000	-2.912026824048	-2.912026824048	0.000000000000
334.054054	0.000000000000	-2.915171561439	-2.915171561439	0.000000000000
334.414414	0.000000000000	-2.918316298830	-2.918316298830	0.000000000000
334.774775	0.000000000000	-2.921461036221	-2.921461036221	0.000000000000
335.135135	0.000000000000	-2.924605773612	-2.924605773612	0.000000000000
335.495495	0.000000000000	-2.927750511003	-2.927750511003	0.000000000000
335.855856	0.000000000000	-2.930895248394	-2.930895248394	0.000000000000
336.216216	0.000000000000	-2.934039985785	-2.934039985785	0.000000000000
336.576577	0.000000000000	-2.937184723176	-2.937184723176	0.000000000000
336.936937	0.000000000000	-2.940329460567	-2.940329460567	0.000000000000
337.297297	0.000000000000	-2.943474197958	-2.943474197958	0.000000000000
337.657658	0.000000000000	-2.946618935349	-2.946618935349	0.000000000000
338.018018	0.000000000000	-2.949763672740	-2.949763672740	0.000000000000
338.378378	0.000000000000	-2.952908410131	-2.952908410131	0.000000000000
338.738739	0.000000000000	-2.956053147522	-2.956053147522	0.000000000000
339.099099	0.000000000000	-2.959197884913	-2.959197884913	0.000000000000
339.459459	0.000000000000	-2.962342622304	-2.962342622304	0.000000000000
339.819820	0.000000000000	-2.965487359695	-2.965487359695	0.000000000000
340.180180	0.000000000000	-2.968632097086	-2.968632097086	0.000000000000
340.540541	0.000000000000	-2.971776834477	-2.971776834477	0.000000000000
340.900901	0.000000000000	-2.974921571868	-2.974921571868	0.000000000000
341.261261	0.000000000000	-2.978066309259	-2.978066309259	0.000000000000
341.621622	0.000000000000	-2.981211046650	-2.981211046650	0.000000000000
341.981982	0.000000000000	-2.984355784041	-2.984355784041	0.000000000000
342.342342	0.000000000000	-2.987500521432	-2.987500521432	0.000000000000
342.702703	0.000000000000	-2.990645258823	-2.990645258823	0.000000000000
343.063063	0.000000000000	-2.993789996214	-2.993789996214	0.000000000000
343.423423	0.000000000000	-2.996934733605	-2.996934733605	0.000000000000
343.783784	0.000000000000	-3.000079470996	-3.000079470996	0.000000000000
344.144144	0.000000000000	-3.003224208387	-3.003224208387	0.000000000000
344.504505	0.000000000000	-3.006368945778	-3.006368945778	0.000000000000
344.864865	0.000000000000	-3.009513683169	-3.009513683169	0.000000000000
345.225225	0.000000000000	-3.012658420560	-3.012658420560	0.000000000000
345.585586	0.000000000000	-3.015803157951	-3.015803157951	0.000000000000
345.945946	0.000000000000	-3.018947895342	-3.018947895342	0.000000000000
346.306306	0.000000000000	-3.022092632733	-3.022092632733	0.000000000000
346.666667	0.000000000000	-3.025237370124	-3.025237370124	0.000000000000
347.027027	0.000000000000	-3.028382107514	-3.028382107514	0.000000000000
347.387387	0.000000000000	-3.031526844905	-3.031526844905	0.000000000000
347.747748	0.000000000000	-3.034671582296	-3.034671582296	0.000000000000
348.108108	0.000000000000	-3.037816319687	-3.037816319687	0.000000000000
348.468468	0.000000000000	-3.040961057078	-3.040961057078	0.000000000000
348.828829	0.000000000000	-3.044105794469	-3.044105794469	0.000000000000
349.189189	0.000000000000	-3.047250531860	-3.047250531860	0.000000000000
349.549550	0.000000000000	-3.050395269251	-3.050395269251	0.000000000000
349.909910	0.000000000000	-3.053540006642	-3.053540006642	0.000000000000
350.270270	0.000000000000	-3.056684744033	-3.056684744033	0.000000000000
350.630631	0.000000000000	-3.059829481424	-3.059829481424	0.000000000000
350.990991	0.000000000000	-3.062974218815	-3.062974218815	0.000000000000
351.351351	0.000000000000	-3.066118956206	-3.066118956206	0.000000000000
351.711712	0.000000000000	-3.069263693597	-3.069263693597	0.000000000000
352.072072	0.000000000000	-3.072408430988	-3.072408430988	0.000000000000
352.432432	0.000000000000	-3.075553168379	-3.075553168379	0.000000000000
352.792793	0.000000000000	-3.078697905770	-3.078697905770	0.000000000000
353.153153	0.000000000000	-3.081842643161	-3.081842643161	0.000000000000
353.513514	0.000000000000	-3.084987380552	-3.084987380552	0.000000000000
353.873874	0.000000000000	-3.088132117943	-3.088132117943	0.000000000000
354.234234	0.000000000000	-3.091276855334	-3.091276855334	0.000000000000
354.594595	0.000000000000	-3.094421592725	-3.094421592725	0.000000000000
354.954955	0.000000000000	-3.097566330116	-3.097566330116	0.000000000000
355.315315	0.000000000000	-3.100711067507	-3.100711067507	0.000000000000
355.675676	0.000000000000	-3.103855804898	-3.103855804898	0.000000000000
356.036036	0.000000000000	-3.107000542289	-3.107000542289	0.000000000000
356.396396	0.000000000000	-3.110145279680	-3.110145279680	0.000000000000
356.756757	0.000000000000	-3.113290017071	-3.113290017071	0.000000000000
357.117117	0.000000000000	-3.116434754462	-3.116434754462	0.000000000000
357.477477	0.000000000000	-3.119579491853	-3.119579491853	0.000000000000
357.837838	0.000000000000	-3.122724229244	-3.122724229244	0.000000000000
358.198198	0.000000000000	-3.125868966635	-3.125868966635	0.000000000000
358.558559	0.000000000000	-3.129013704026	-3.129013704026	0.000000000000
358.918919	0.000000000000	-3.132158441417	-3.132158441417	0.000000000000
359.279279	0.000000000000	-3.135303178808	-3.135303178808	0.000000000000
359.639640	0.000000000000	-3.138447916199	-3.138447916199	0.000000000000
360.000000	0.000000000000	-3.141592653590	-3.141592653590	0.000000000000
