Theta (degrees)	Normalized Energy
0.000000000000000000e+00 4.365545918233630638e-16
3.603603603603603434e-01 4.057293873958486605e-06
7.207207207207206867e-01 1.622896905018610090e-05
1.081081081081080919e+00 3.651440616292669965e-05
1.441441441441441373e+00 6.491257283172902287e-05
1.801801801801801606e+00 1.014220235011583819e-04
2.162162162162161838e+00 1.460408992204821513e-04
2.522522522522522070e+00 1.987669273578719317e-04
2.882882882882882747e+00 2.595974212465762239e-04
3.243243243243243423e+00 3.285292797707753789e-04
3.603603603603603212e+00 4.055589868813701715e-04
3.963963963963963888e+00 4.906826110431576843e-04
4.324324324324323676e+00 5.838958046153608491e-04
4.684684684684683909e+00 6.851938031604894608e-04
5.045045045045044141e+00 7.945714246791326730e-04
5.405405405405405261e+00 9.120230687737389610e-04
5.765765765765765494e+00 1.037542715736289485e-03
6.126126126126124838e+00 1.171123925554918557e-03
6.486486486486486847e+00 1.312759836842098586e-03
6.846846846846846191e+00 1.462443165679517534e-03
7.207207207207206423e+00 1.620166204377681369e-03
7.567567567567566655e+00 1.785920820146677654e-03
7.927927927927927776e+00 1.959698453673008618e-03
8.288288288288287120e+00 2.141490117603435904e-03
8.648648648648647352e+00 2.331286394929802091e-03
9.009009009009007585e+00 2.529077437268933103e-03
9.369369369369367817e+00 2.734852963034782852e-03
9.729729729729729826e+00 2.948602255503916022e-03
1.009009009009008828e+01 3.170314160757805970e-03
1.045045045045044851e+01 3.399977085509377998e-03
1.081081081081081052e+01 3.637578994795668402e-03
1.117117117117117076e+01 3.883107409545856221e-03
1.153153153153153099e+01 4.136549404002168306e-03
1.189189189189189122e+01 4.397891603001091894e-03
1.225225225225224968e+01 4.667120179099534111e-03
1.261261261261261168e+01 4.944220849537930493e-03
1.297297297297297369e+01 5.229178873042629634e-03
1.333333333333333215e+01 5.521979046442157188e-03
1.369369369369369238e+01 5.822605701106021124e-03
1.405405405405405439e+01 6.131042699186049945e-03
1.441441441441441285e+01 6.447273429648914429e-03
1.477477477477477485e+01 6.771280804098004508e-03
1.513513513513513331e+01 7.103047252364667712e-03
1.549549549549549354e+01 7.442554717859265617e-03
1.585585585585585555e+01 7.789784652673103181e-03
1.621621621621621401e+01 8.144718012409405544e-03
1.657657657657657424e+01 8.507335250735773707e-03
1.693693693693693447e+01 8.877616313638099499e-03
1.729729729729729470e+01 9.255540633364180148e-03
1.765765765765765849e+01 9.641087122030154652e-03
1.801801801801801517e+01 1.003423416487944121e-02
1.837837837837837540e+01 1.043495961317287245e-02
1.873873873873873563e+01 1.084324077668598861e-02
1.909909909909909587e+01 1.125905441578360991e-02
1.945945945945945965e+01 1.168237673306622010e-02
1.981981981981981633e+01 1.211318336454209922e-02
2.018018018018017656e+01 1.255144937030478261e-02
2.054054054054054035e+01 1.299714922469201971e-02
2.090090090090089703e+01 1.345025680588282993e-02
2.126126126126126081e+01 1.391074538490534411e-02
2.162162162162162105e+01 1.437858761401907687e-02
2.198198198198198128e+01 1.485375551442429977e-02
2.234234234234234151e+01 1.533622046327186468e-02
2.270270270270269819e+01 1.582595317991099954e-02
2.306306306306306197e+01 1.632292371133290190e-02
2.342342342342342221e+01 1.682710141676888038e-02
2.378378378378378244e+01 1.733845495137005532e-02
2.414414414414414622e+01 1.785695224891476612e-02
2.450450450450449935e+01 1.838256050349066847e-02
2.486486486486486314e+01 1.891524615005890642e-02
2.522522522522522337e+01 1.945497484385154061e-02
2.558558558558558360e+01 2.000171143849845470e-02
2.594594594594594739e+01 2.055541996281615158e-02
2.630630630630630762e+01 2.111606359615152834e-02
2.666666666666666430e+01 2.168360464218904021e-02
2.702702702702702453e+01 2.225800450110411791e-02
2.738738738738738476e+01 2.283922363995406074e-02
2.774774774774774855e+01 2.342722156117198196e-02
2.810810810810810878e+01 2.402195676903262980e-02
2.846846846846846546e+01 2.462338673393656488e-02
2.882882882882882569e+01 2.523146785435364733e-02
2.918918918918918592e+01 2.584615541625155666e-02
2.954954954954954971e+01 2.646740354982440521e-02
2.990990990990990994e+01 2.709516518330347054e-02
3.027027027027026662e+01 2.772939199364323967e-02
3.063063063063063041e+01 2.837003435382841679e-02
3.099099099099098709e+01 2.901704127654497131e-02
3.135135135135135087e+01 2.967036035392485102e-02
3.171171171171171110e+01 3.032993769305260615e-02
3.207207207207207489e+01 3.099571784689619108e-02
3.243243243243242802e+01 3.166764374028541856e-02
3.279279279279278825e+01 3.234565659053587755e-02
3.315315315315314848e+01 3.302969582227652245e-02
3.351351351351351582e+01 3.371969897598983690e-02
3.387387387387386894e+01 3.441560160974316274e-02
3.423423423423423628e+01 3.511733719351985833e-02
3.459459459459458941e+01 3.582483699552682643e-02
3.495495495495494964e+01 3.653802995976521834e-02
3.531531531531531698e+01 3.725684257410964012e-02
3.567567567567567721e+01 3.798119872804617964e-02
3.603603603603603034e+01 3.871101955914556941e-02
3.639639639639639768e+01 3.944622328725267552e-02
3.675675675675675080e+01 4.018672503526573431e-02
3.711711711711711814e+01 4.093243663527201814e-02
3.747747747747747127e+01 4.168326641866784699e-02
3.783783783783783861e+01 4.243911898876077948e-02
3.819819819819819173e+01 4.319989497418715713e-02
3.855855855855855197e+01 4.396549076129506461e-02
3.891891891891891930e+01 4.473579820346307301e-02
3.927927927927927954e+01 4.551070430509016052e-02
3.963963963963963266e+01 4.629009087775198122e-02
4.000000000000000000e+01 4.707383416575820767e-02
4.036036036036035313e+01 4.786180443801410500e-02
4.072072072072072046e+01 4.865386554277912473e-02
4.108108108108108070e+01 4.944987442152200957e-02
4.144144144144143382e+01 5.024968057763169738e-02
4.180180180180179406e+01 5.105312549531211552e-02
4.216216216216216139e+01 5.186004200341707421e-02
4.252252252252252163e+01 5.267025357842186617e-02
4.288288288288288186e+01 5.348357358006145673e-02
4.324324324324324209e+01 5.429980441244038752e-02
4.360360360360360232e+01 5.511873660261056018e-02
4.396396396396396256e+01 5.594014778771974616e-02
4.432432432432431568e+01 5.676380160083280280e-02
4.468468468468468302e+01 5.758944644446031130e-02
4.504504504504503615e+01 5.841681413960974484e-02
4.540540540540539638e+01 5.924561843689588048e-02
4.576576576576576372e+01 6.007555337481585572e-02
4.612612612612612395e+01 6.090629146881418321e-02
4.648648648648648418e+01 6.173748171312606198e-02
4.684684684684684441e+01 6.256874737575496281e-02
4.720720720720720465e+01 6.339968356521860637e-02
4.756756756756756488e+01 6.422985454600955990e-02
4.792792792792792511e+01 6.505879077815585054e-02
4.828828828828829245e+01 6.588598565485978553e-02
4.864864864864863847e+01 6.671089191119337902e-02
4.900900900900899870e+01 6.753291767637606413e-02
4.936936936936936604e+01 6.835142214257866611e-02
4.972972972972972627e+01 6.916571082483513599e-02
5.009009009009008651e+01 6.997503039005796566e-02
5.045045045045044674e+01 7.077856303889452916e-02
5.081081081081080697e+01 7.157542043321843406e-02
5.117117117117116720e+01 7.236463717528905659e-02
5.153153153153152743e+01 7.314516386349835531e-02
5.189189189189189477e+01 7.391585977564445187e-02
5.225225225225224079e+01 7.467548526569266210e-02
5.261261261261261524e+01 7.542269400610988883e-02
5.297297297297296836e+01 7.615602526730795574e-02
5.333333333333332860e+01 7.687389650064647972e-02
5.369369369369368883e+01 7.757459658354605436e-02
5.405405405405404906e+01 7.825628019529423662e-02
5.441441441441440929e+01 7.891696391893310292e-02
5.477477477477476953e+01 7.955452480414956784e-02
5.513513513513512976e+01 8.016670226977060110e-02
5.549549549549549710e+01 8.075110435783525165e-02
5.585585585585584312e+01 8.130521945197087541e-02
5.621621621621621756e+01 8.182643461057496903e-02
5.657657657657657069e+01 8.231206160150167372e-02
5.693693693693693092e+01 8.275937151663215197e-02
5.729729729729729115e+01 8.316563845099203545e-02
5.765765765765765138e+01 8.352819212449806574e-02
5.801801801801801162e+01 8.384447850570447835e-02
5.837837837837837185e+01 8.411212651074356783e-02
5.873873873873872498e+01 8.432901779689880306e-02
5.909909909909909942e+01 8.449335570407413842e-02
5.945945945945945965e+01 8.460372871068345957e-02
5.981981981981981988e+01 8.465916355386041148e-02
6.018018018018017301e+01 8.465916355386025882e-02
6.054054054054053324e+01 8.460372871068318201e-02
6.090090090090089348e+01 8.449335570407413842e-02
6.126126126126126081e+01 8.432901779689858102e-02
6.162162162162162815e+01 8.411212651074356783e-02
6.198198198198197417e+01 8.384447850570461713e-02
6.234234234234234151e+01 8.352819212449755226e-02
6.270270270270270174e+01 8.316563845099167462e-02
6.306306306306305487e+01 8.275937151663199931e-02
6.342342342342342221e+01 8.231206160150203455e-02
6.378378378378378244e+01 8.182643461057519108e-02
6.414414414414414978e+01 8.130521945197058398e-02
6.450450450450449580e+01 8.075110435783539042e-02
6.486486486486485603e+01 8.016670226977060110e-02
6.522522522522521626e+01 7.955452480414934580e-02
6.558558558558557650e+01 7.891696391893318618e-02
6.594594594594595094e+01 7.825628019529372315e-02
6.630630630630629696e+01 7.757459658354583232e-02
6.666666666666665719e+01 7.687389650064641033e-02
6.702702702702703164e+01 7.615602526730744226e-02
6.738738738738737766e+01 7.542269400610944474e-02
6.774774774774773789e+01 7.467548526569252332e-02
6.810810810810811233e+01 7.391585977564445187e-02
6.846846846846847257e+01 7.314516386349806387e-02
6.882882882882883280e+01 7.236463717528869577e-02
6.918918918918917882e+01 7.157542043321822589e-02
6.954954954954953905e+01 7.077856303889423772e-02
6.990990990990989928e+01 6.997503039005789627e-02
7.027027027027025952e+01 6.916571082483513599e-02
7.063063063063063396e+01 6.835142214257779181e-02
7.099099099099099419e+01 6.753291767637599474e-02
7.135135135135135442e+01 6.671089191119301820e-02
7.171171171171170045e+01 6.588598565485949410e-02
7.207207207207206068e+01 6.505879077815571176e-02
7.243243243243242091e+01 6.422985454600912969e-02
7.279279279279279535e+01 6.339968356521824555e-02
7.315315315315315559e+01 6.256874737575496281e-02
7.351351351351350161e+01 6.173748171312570115e-02
7.387387387387387605e+01 6.090629146881410688e-02
7.423423423423423628e+01 6.007555337481592511e-02
7.459459459459458230e+01 5.924561843689529761e-02
7.495495495495494254e+01 5.841681413960952973e-02
7.531531531531531698e+01 5.758944644445995048e-02
7.567567567567567721e+01 5.676380160083258769e-02
7.603603603603602323e+01 5.594014778771974616e-02
7.639639639639638347e+01 5.511873660261042140e-02
7.675675675675674370e+01 5.429980441243995037e-02
7.711711711711710393e+01 5.348357358006116530e-02
7.747747747747747837e+01 5.267025357842165106e-02
7.783783783783783861e+01 5.186004200341685216e-02
7.819819819819819884e+01 5.105312549531182409e-02
7.855855855855855907e+01 5.024968057763140594e-02
7.891891891891890509e+01 4.944987442152193324e-02
7.927927927927926532e+01 4.865386554277927045e-02
7.963963963963963977e+01 4.786180443801330009e-02
8.000000000000000000e+01 4.707383416575777052e-02
8.036036036036036023e+01 4.629009087775205061e-02
8.072072072072070625e+01 4.551070430508972336e-02
8.108108108108108070e+01 4.473579820346299668e-02
8.144144144144144093e+01 4.396549076129470379e-02
8.180180180180180116e+01 4.319989497418649793e-02
8.216216216216216139e+01 4.243911898876056438e-02
8.252252252252252163e+01 4.168326641866711840e-02
8.288288288288286765e+01 4.093243663527172671e-02
8.324324324324324209e+01 4.018672503526573431e-02
8.360360360360358811e+01 3.944622328725231469e-02
8.396396396396394834e+01 3.871101955914534737e-02
8.432432432432432279e+01 3.798119872804559677e-02
8.468468468468468302e+01 3.725684257410934869e-02
8.504504504504504325e+01 3.653802995976471180e-02
8.540540540540538927e+01 3.582483699552638928e-02
8.576576576576576372e+01 3.511733719351949751e-02
8.612612612612610974e+01 3.441560160974243415e-02
8.648648648648648418e+01 3.371969897598954546e-02
8.684684684684685863e+01 3.302969582227601592e-02
8.720720720720720465e+01 3.234565659053580122e-02
8.756756756756755067e+01 3.166764374028491202e-02
8.792792792792792511e+01 3.099571784689582679e-02
8.828828828828828534e+01 3.032993769305209961e-02
8.864864864864863137e+01 2.967036035392463592e-02
8.900900900900900581e+01 2.901704127654460702e-02
8.936936936936936604e+01 2.837003435382819821e-02
8.972972972972972627e+01 2.772939199364258742e-02
9.009009009009007229e+01 2.709516518330296053e-02
9.045045045045044674e+01 2.646740354982425950e-02
9.081081081081079276e+01 2.584615541625126522e-02
9.117117117117116720e+01 2.523146785435299508e-02
9.153153153153152743e+01 2.462338673393634630e-02
9.189189189189188767e+01 2.402195676903204694e-02
9.225225225225224790e+01 2.342722156117139909e-02
9.261261261261259392e+01 2.283922363995355073e-02
9.297297297297296836e+01 2.225800450110375361e-02
9.333333333333331439e+01 2.168360464218860653e-02
9.369369369369368883e+01 2.111606359615087261e-02
9.405405405405406327e+01 2.055541996281542300e-02
9.441441441441440929e+01 2.000171143849779898e-02
9.477477477477476953e+01 1.945497484385132550e-02
9.513513513513512976e+01 1.891524615005868784e-02
9.549549549549548999e+01 1.838256050349001622e-02
9.585585585585585022e+01 1.785695224891447469e-02
9.621621621621621046e+01 1.733845495136925735e-02
9.657657657657658490e+01 1.682710141676866528e-02
9.693693693693693092e+01 1.632292371133210046e-02
9.729729729729727694e+01 1.582595317991056239e-02
9.765765765765765138e+01 1.533622046327208326e-02
9.801801801801799741e+01 1.485375551442393548e-02
9.837837837837837185e+01 1.437858761401856686e-02
9.873873873873873208e+01 1.391074538490520013e-02
9.909909909909909231e+01 1.345025680588217420e-02
9.945945945945945255e+01 1.299714922469150970e-02
9.981981981981979857e+01 1.255144937030434546e-02
1.001801801801801730e+02 1.211318336454195350e-02
1.005405405405405475e+02 1.168237673306578295e-02
1.009009009009008935e+02 1.125905441578346419e-02
1.012612612612612679e+02 1.084324077668569718e-02
1.016216216216216139e+02 1.043495961317294531e-02
1.019819819819819742e+02 1.003423416487886008e-02
1.023423423423423344e+02 9.641087122029498926e-03
1.027027027027027088e+02 9.255540633363890449e-03
1.030630630630630549e+02 8.877616313638026641e-03
1.034234234234234151e+02 8.507335250735336557e-03
1.037837837837837895e+02 8.144718012408678695e-03
1.041441441441441356e+02 7.789784652672593172e-03
1.045045045045044816e+02 7.442554717858974184e-03
1.048648648648648560e+02 7.103047252364231429e-03
1.052252252252252305e+02 6.771280804097931649e-03
1.055855855855855765e+02 6.447273429648623863e-03
1.059459459459459367e+02 6.131042699185322228e-03
1.063063063063062970e+02 5.822605701105729691e-03
1.066666666666666572e+02 5.521979046441356613e-03
1.070270270270270032e+02 5.229178873042193351e-03
1.073873873873873777e+02 4.944220849537639059e-03
1.077477477477477521e+02 4.667120179099096960e-03
1.081081081081080981e+02 4.397891603000582753e-03
1.084684684684684726e+02 4.136549404001368599e-03
1.088288288288288186e+02 3.883107409545201363e-03
1.091891891891891788e+02 3.637578994795595544e-03
1.095495495495495391e+02 3.399977085508795564e-03
1.099099099099099135e+02 3.170314160757514970e-03
1.102702702702702595e+02 2.948602255503406447e-03
1.106306306306306197e+02 2.734852963034346135e-03
1.109909909909909942e+02 2.529077437268132528e-03
1.113513513513513402e+02 2.331286394929729233e-03
1.117117117117116862e+02 2.141490117603217329e-03
1.120720720720720607e+02 1.959698453672717618e-03
1.124324324324324351e+02 1.785920820146605012e-03
1.127927927927927811e+02 1.620166204377681369e-03
1.131531531531531414e+02 1.462443165679081034e-03
1.135135135135135016e+02 1.312759836842098586e-03
1.138738738738738618e+02 1.171123925555064057e-03
1.142342342342342363e+02 1.037542715736507843e-03
1.145945945945945823e+02 9.120230687735206027e-04
1.149549549549549567e+02 7.945714246786233148e-04
1.153153153153153028e+02 6.851938031598346027e-04
1.156756756756756630e+02 5.838958046153608491e-04
1.160360360360360232e+02 4.906826110428666845e-04
1.163963963963963835e+02 4.055589868810063675e-04
1.167567567567567437e+02 3.285292797704115748e-04
1.171171171171171039e+02 2.595974212457758659e-04
1.174774774774774500e+02 1.987669273575081547e-04
1.178378378378378386e+02 1.460408992206276512e-04
1.181981981981981988e+02 1.014220235007218279e-04
1.185585585585585591e+02 6.491257283143798235e-05
1.189189189189189193e+02 3.651440616256290239e-05
1.192792792792792653e+02 1.622896904989506377e-05
1.196396396396396398e+02 4.057293873521931753e-06
1.199999999999999858e+02 0.000000000000000000e+00
1.203603603603603460e+02 4.057293873740209602e-06
1.207207207207207063e+02 1.622896904982230364e-05
1.210810810810810665e+02 3.651440616292669965e-05
1.214414414414414125e+02 6.491257283143798235e-05
1.218018018018017870e+02 1.014220235010856319e-04
1.221621621621621330e+02 1.460408992204821513e-04
1.225225225225225216e+02 1.987669273574353777e-04
1.228828828828828819e+02 2.595974212458486158e-04
1.232432432432432563e+02 3.285292797704115748e-04
1.236036036036036023e+02 4.055589868811518674e-04
1.239639639639639483e+02 4.906826110429394344e-04
1.243243243243243228e+02 5.838958046152153492e-04
1.246846846846846830e+02 6.851938031599801027e-04
1.250450450450450290e+02 7.945714246786233148e-04
1.254054054054054035e+02 9.120230687735206027e-04
1.257657657657657495e+02 1.037542715736289485e-03
1.261261261261261097e+02 1.171123925555064057e-03
1.264864864864864700e+02 1.312759836841734728e-03
1.268468468468468444e+02 1.462443165679444892e-03
1.272072072072072189e+02 1.620166204377681369e-03
1.275675675675675649e+02 1.785920820146605012e-03
1.279279279279279251e+02 1.959698453672717618e-03
1.282882882882882996e+02 2.141490117603363046e-03
1.286486486486486456e+02 2.331286394929802091e-03
1.290090090090089916e+02 2.529077437268060103e-03
1.293693693693693660e+02 2.734852963034200852e-03
1.297297297297297121e+02 2.948602255503406447e-03
1.300900900900900581e+02 3.170314160757514970e-03
1.304504504504504325e+02 3.399977085508650281e-03
1.308108108108107785e+02 3.637578994795450261e-03
1.311711711711711530e+02 3.883107409544910363e-03
1.315315315315315274e+02 4.136549404001368599e-03
1.318918918918919019e+02 4.397891603000873319e-03
1.322522522522522479e+02 4.667120179099096960e-03
1.326126126126125939e+02 4.944220849537857634e-03
1.329729729729729684e+02 5.229178873042265342e-03
1.333333333333333144e+02 5.521979046441647179e-03
1.336936936936936888e+02 5.822605701105366266e-03
1.340540540540540633e+02 6.131042699185686520e-03
1.344144144144144093e+02 6.447273429649133004e-03
1.347747747747747553e+02 6.771280804098223083e-03
1.351351351351351298e+02 7.103047252364158570e-03
1.354954954954954758e+02 7.442554717858901325e-03
1.358558558558558218e+02 7.789784652672811747e-03
1.362162162162162247e+02 8.144718012408824412e-03
1.365765765765765707e+02 8.507335250735482274e-03
1.369369369369369451e+02 8.877616313638172357e-03
1.372972972972972912e+02 9.255540633363963307e-03
1.376576576576576656e+02 9.641087122029717502e-03
1.380180180180180116e+02 1.003423416487864150e-02
1.383783783783783576e+02 1.043495961317287245e-02
1.387387387387387321e+02 1.084324077668569718e-02
1.390990990990990781e+02 1.125905441578339133e-02
1.394594594594594525e+02 1.168237673306622010e-02
1.398198198198197986e+02 1.211318336454173493e-02
1.401801801801801730e+02 1.255144937030434546e-02
1.405405405405405190e+02 1.299714922469158256e-02
1.409009009009008935e+02 1.345025680588275707e-02
1.412612612612612679e+02 1.391074538490527125e-02
1.416216216216216139e+02 1.437858761401856686e-02
1.419819819819819884e+02 1.485375551442444549e-02
1.423423423423423344e+02 1.533622046327201040e-02
1.427027027027027088e+02 1.582595317991070810e-02
1.430630630630630549e+02 1.632292371133253761e-02
1.434234234234234009e+02 1.682710141676895324e-02
1.437837837837837753e+02 1.733845495136933021e-02
1.441441441441441214e+02 1.785695224891476612e-02
1.445045045045044674e+02 1.838256050349044990e-02
1.448648648648648418e+02 1.891524615005876070e-02
1.452252252252251878e+02 1.945497484385132550e-02
1.455855855855855907e+02 2.000171143849809041e-02
1.459459459459459367e+02 2.055541996281578729e-02
1.463063063063063112e+02 2.111606359615101833e-02
1.466666666666666572e+02 2.168360464218896735e-02
1.470270270270270032e+02 2.225800450110382647e-02
1.473873873873873777e+02 2.283922363995369645e-02
1.477477477477477521e+02 2.342722156117161766e-02
1.481081081081080981e+02 2.402195676903248409e-02
1.484684684684684726e+02 2.462338673393627345e-02
1.488288288288288186e+02 2.523146785435306794e-02
1.491891891891891646e+02 2.584615541625133808e-02
1.495495495495495391e+02 2.646740354982440521e-02
1.499099099099098851e+02 2.709516518330332482e-02
1.502702702702702879e+02 2.772939199364294824e-02
1.506306306306306340e+02 2.837003435382797964e-02
1.509909909909909800e+02 2.901704127654482560e-02
1.513513513513513544e+02 2.967036035392470877e-02
1.517117117117117004e+02 3.032993769305246043e-02
1.520720720720720465e+02 3.099571784689626394e-02
1.524324324324324209e+02 3.166764374028498141e-02
1.527927927927927669e+02 3.234565659053573183e-02
1.531531531531531414e+02 3.302969582227644613e-02
1.535135135135134874e+02 3.371969897598983690e-02
1.538738738738738618e+02 3.441560160974243415e-02
1.542342342342342079e+02 3.511733719351949751e-02
1.545945945945945823e+02 3.582483699552645867e-02
1.549549549549549567e+02 3.653802995976507262e-02
1.553153153153153028e+02 3.725684257410934869e-02
1.556756756756756772e+02 3.798119872804559677e-02
1.560360360360360232e+02 3.871101955914520165e-02
1.563963963963963977e+02 3.944622328725252980e-02
1.567567567567567437e+02 4.018672503526573431e-02
1.571171171171171181e+02 4.093243663527187243e-02
1.574774774774774642e+02 4.168326641866747923e-02
1.578378378378378102e+02 4.243911898876048805e-02
1.581981981981981846e+02 4.319989497418664365e-02
1.585585585585585306e+02 4.396549076129462746e-02
1.589189189189188767e+02 4.473579820346299668e-02
1.592792792792792795e+02 4.551070430508993847e-02
1.596396396396396256e+02 4.629009087775190490e-02
1.600000000000000000e+02 4.707383416575770113e-02
1.603603603603603460e+02 4.786180443801337642e-02
1.607207207207207205e+02 4.865386554277949249e-02
1.610810810810810665e+02 4.944987442152207896e-02
1.614414414414414125e+02 5.024968057763169738e-02
1.618018018018017870e+02 5.105312549531211552e-02
1.621621621621621614e+02 5.186004200341692849e-02
1.625225225225225074e+02 5.267025357842186617e-02
1.628828828828828819e+02 5.348357358006131101e-02
1.632432432432432279e+02 5.429980441244009609e-02
1.636036036036036023e+02 5.511873660261070590e-02
1.639639639639639768e+02 5.594014778771974616e-02
1.643243243243243228e+02 5.676380160083258769e-02
1.646846846846846688e+02 5.758944644446016559e-02
1.650450450450450433e+02 5.841681413960952973e-02
1.654054054054054177e+02 5.924561843689544333e-02
1.657657657657657353e+02 6.007555337481585572e-02
1.661261261261261097e+02 6.090629146881447464e-02
1.664864864864864842e+02 6.173748171312577054e-02
1.668468468468468302e+02 6.256874737575532364e-02
1.672072072072071762e+02 6.339968356521816228e-02
1.675675675675675507e+02 6.422985454600912969e-02
1.679279279279278967e+02 6.505879077815564238e-02
1.682882882882882711e+02 6.588598565485986880e-02
1.686486486486486456e+02 6.671089191119360107e-02
1.690090090090089916e+02 6.753291767637584209e-02
1.693693693693693660e+02 6.835142214257815263e-02
1.697297297297297121e+02 6.916571082483542743e-02
1.700900900900900865e+02 6.997503039005774361e-02
1.704504504504504609e+02 7.077856303889432099e-02
1.708108108108107785e+02 7.157542043321822589e-02
1.711711711711711530e+02 7.236463717528905659e-02
1.715315315315315274e+02 7.314516386349798061e-02
1.718918918918919019e+02 7.391585977564445187e-02
1.722522522522522195e+02 7.467548526569259271e-02
1.726126126126125939e+02 7.542269400610966679e-02
1.729729729729729684e+02 7.615602526730773369e-02
1.733333333333333428e+02 7.687389650064627156e-02
1.736936936936937173e+02 7.757459658354576293e-02
1.740540540540540349e+02 7.825628019529423662e-02
1.744144144144144093e+02 7.891696391893347762e-02
1.747747747747747837e+02 7.955452480414934580e-02
1.751351351351351013e+02 8.016670226977068436e-02
1.754954954954954758e+02 8.075110435783554308e-02
1.758558558558558502e+02 8.130521945197079214e-02
1.762162162162161962e+02 8.182643461057519108e-02
1.765765765765765707e+02 8.231206160150189577e-02
1.769369369369369167e+02 8.275937151663222136e-02
1.772972972972972627e+02 8.316563845099203545e-02
1.776576576576576656e+02 8.352819212449777431e-02
1.780180180180180116e+02 8.384447850570470040e-02
1.783783783783783861e+02 8.411212651074341518e-02
1.787387387387387321e+02 8.432901779689887245e-02
1.790990990990990781e+02 8.449335570407376372e-02
1.794594594594594525e+02 8.460372871068332079e-02
1.798198198198198270e+02 8.465916355386018943e-02
1.801801801801801446e+02 8.465916355386025882e-02
1.805405405405405190e+02 8.460372871068368161e-02
1.809009009009008935e+02 8.449335570407434659e-02
1.812612612612612395e+02 8.432901779689887245e-02
1.816216216216215855e+02 8.411212651074356783e-02
1.819819819819819600e+02 8.384447850570506122e-02
1.823423423423423344e+02 8.352819212449769104e-02
1.827027027027027088e+02 8.316563845099210484e-02
1.830630630630630549e+02 8.275937151663206870e-02
1.834234234234234009e+02 8.231206160150189577e-02
1.837837837837837753e+02 8.182643461057548251e-02
1.841441441441441214e+02 8.130521945197079214e-02
1.845045045045044958e+02 8.075110435783561247e-02
1.848648648648648702e+02 8.016670226977053171e-02
1.852252252252251878e+02 7.955452480414934580e-02
1.855855855855855623e+02 7.891696391893361640e-02
1.859459459459459367e+02 7.825628019529408397e-02
1.863063063063062543e+02 7.757459658354605436e-02
1.866666666666666288e+02 7.687389650064641033e-02
1.870270270270270316e+02 7.615602526730744226e-02
1.873873873873873777e+02 7.542269400610973618e-02
1.877477477477477521e+02 7.467548526569288414e-02
1.881081081081081265e+02 7.391585977564474330e-02
1.884684684684684441e+02 7.314516386349813326e-02
1.888288288288288186e+02 7.236463717528898720e-02
1.891891891891891930e+02 7.157542043321879488e-02
1.895495495495495391e+02 7.077856303889452916e-02
1.899099099099098851e+02 6.997503039005796566e-02
1.902702702702702595e+02 6.916571082483571886e-02
1.906306306306306055e+02 6.835142214257822202e-02
1.909909909909909800e+02 6.753291767637628618e-02
1.913513513513513544e+02 6.671089191119360107e-02
1.917117117117117004e+02 6.588598565486000758e-02
1.920720720720720749e+02 6.505879077815555911e-02
1.924324324324324209e+02 6.422985454600919908e-02
1.927927927927927954e+02 6.339968356521853698e-02
1.931531531531531698e+02 6.256874737575518486e-02
1.935135135135134874e+02 6.173748171312584687e-02
1.938738738738738618e+02 6.090629146881454403e-02
1.942342342342342363e+02 6.007555337481592511e-02
1.945945945945945539e+02 5.924561843689551965e-02
1.949549549549549283e+02 5.841681413960959912e-02
1.953153153153153028e+02 5.758944644445995048e-02
1.956756756756756488e+02 5.676380160083309423e-02
1.960360360360359948e+02 5.594014778771989188e-02
1.963963963963963693e+02 5.511873660261070590e-02
1.967567567567567437e+02 5.429980441244017242e-02
1.971171171171171181e+02 5.348357358006138040e-02
1.974774774774774642e+02 5.267025357842157474e-02
1.978378378378378102e+02 5.186004200341707421e-02
1.981981981981981846e+02 5.105312549531211552e-02
1.985585585585585306e+02 5.024968057763184309e-02
1.989189189189189051e+02 4.944987442152230100e-02
1.992792792792792795e+02 4.865386554277934678e-02
1.996396396396395971e+02 4.786180443801330009e-02
1.999999999999999716e+02 4.707383416575784685e-02
2.003603603603603460e+02 4.629009087775212694e-02
2.007207207207207205e+02 4.551070430509008419e-02
2.010810810810810949e+02 4.473579820346328811e-02
2.014414414414414409e+02 4.396549076129499523e-02
2.018018018018017870e+02 4.319989497418671998e-02
2.021621621621621614e+02 4.243911898876056438e-02
2.025225225225225358e+02 4.168326641866740984e-02
2.028828828828828534e+02 4.093243663527208753e-02
2.032432432432432279e+02 4.018672503526617146e-02
2.036036036036036023e+02 3.944622328725238408e-02
2.039639639639639483e+02 3.871101955914534737e-02
2.043243243243242944e+02 3.798119872804595759e-02
2.046846846846846688e+02 3.725684257410964012e-02
2.050450450450450148e+02 3.653802995976550977e-02
2.054054054054054177e+02 3.582483699552668072e-02
2.057657657657657637e+02 3.511733719351971261e-02
2.061261261261261097e+02 3.441560160974279498e-02
2.064864864864864842e+02 3.371969897598990629e-02
2.068468468468468302e+02 3.302969582227637674e-02
2.072072072072072046e+02 3.234565659053573183e-02
2.075675675675675791e+02 3.166764374028527285e-02
2.079279279279278967e+02 3.099571784689611822e-02
2.082882882882882711e+02 3.032993769305253329e-02
2.086486486486486456e+02 2.967036035392449020e-02
2.090090090090089632e+02 2.901704127654504417e-02
2.093693693693693376e+02 2.837003435382834393e-02
2.097297297297297121e+02 2.772939199364309396e-02
2.100900900900900865e+02 2.709516518330339768e-02
2.104504504504504609e+02 2.646740354982469665e-02
2.108108108108107785e+02 2.584615541625141094e-02
2.111711711711711530e+02 2.523146785435321365e-02
2.115315315315315274e+02 2.462338673393641916e-02
2.118918918918918735e+02 2.402195676903241123e-02
2.122522522522522479e+02 2.342722156117183624e-02
2.126126126126125939e+02 2.283922363995384217e-02
2.129729729729729399e+02 2.225800450110419076e-02
2.133333333333333144e+02 2.168360464218918593e-02
2.136936936936936888e+02 2.111606359615116404e-02
2.140540540540540064e+02 2.055541996281556871e-02
2.144144144144143809e+02 2.000171143849845470e-02
2.147747747747747553e+02 1.945497484385132550e-02
2.151351351351351298e+02 1.891524615005897927e-02
2.154954954954955042e+02 1.838256050349052276e-02
2.158558558558558218e+02 1.785695224891462041e-02
2.162162162162161962e+02 1.733845495136954531e-02
2.165765765765765707e+02 1.682710141676859242e-02
2.169369369369369451e+02 1.632292371133253761e-02
2.172972972972972627e+02 1.582595317991092668e-02
2.176576576576576372e+02 1.533622046327222897e-02
2.180180180180180116e+02 1.485375551442429977e-02
2.183783783783783576e+02 1.437858761401856686e-02
2.187387387387387037e+02 1.391074538490527125e-02
2.190990990990990781e+02 1.345025680588253850e-02
2.194594594594594525e+02 1.299714922469150970e-02
2.198198198198198270e+02 1.255144937030449118e-02
2.201801801801801730e+02 1.211318336454180779e-02
2.205405405405405190e+02 1.168237673306658266e-02
2.209009009009008935e+02 1.125905441578331848e-02
2.212612612612612395e+02 1.084324077668562432e-02
2.216216216216216139e+02 1.043495961317294531e-02
2.219819819819819884e+02 1.003423416487849579e-02
2.223423423423423060e+02 9.641087122029571785e-03
2.227027027027026804e+02 9.255540633364180148e-03
2.230630630630630549e+02 8.877616313637880924e-03
2.234234234234233725e+02 8.507335250735409415e-03
2.237837837837838038e+02 8.144718012409405544e-03
2.241441441441441214e+02 7.789784652672521181e-03
2.245045045045044958e+02 7.442554717859047042e-03
2.248648648648648702e+02 7.103047252364158570e-03
2.252252252252251878e+02 6.771280804098368800e-03
2.255855855855855623e+02 6.447273429649060146e-03
2.259459459459459367e+02 6.131042699185905095e-03
2.263063063063062827e+02 5.822605701105875407e-03
2.266666666666666572e+02 5.521979046441792896e-03
2.270270270270270032e+02 5.229178873042411059e-03
2.273873873873873492e+02 4.944220849537784776e-03
2.277477477477477237e+02 4.667120179099461252e-03
2.281081081081080981e+02 4.397891603000800460e-03
2.284684684684684726e+02 4.136549404001440590e-03
2.288288288288288186e+02 3.883107409545492363e-03
2.291891891891891646e+02 3.637578994795377402e-03
2.295495495495495106e+02 3.399977085508941281e-03
2.299099099099099135e+02 3.170314160757805970e-03
2.302702702702702311e+02 2.948602255503479305e-03
2.306306306306306055e+02 2.734852963034200852e-03
2.309909909909910084e+02 2.529077437268423528e-03
2.313513513513513260e+02 2.331286394929947808e-03
2.317117117117117289e+02 2.141490117603363046e-03
2.320720720720720465e+02 1.959698453672717618e-03
2.324324324324324209e+02 1.785920820146459295e-03
2.327927927927927669e+02 1.620166204377754011e-03
2.331531531531531698e+02 1.462443165679153893e-03
2.335135135135134874e+02 1.312759836842025945e-03
2.338738738738738618e+02 1.171123925554845699e-03
2.342342342342342079e+02 1.037542715735852985e-03
2.345945945945945823e+02 9.120230687733751028e-04
2.349549549549548999e+02 7.945714246786960647e-04
2.353153153153153028e+02 6.851938031601984610e-04
2.356756756756756772e+02 5.838958046154335991e-04
2.360360360360360232e+02 4.906826110427211845e-04
2.363963963963963977e+02 4.055589868808608133e-04
2.367567567567567153e+02 3.285292797701933249e-04
2.371171171171171181e+02 2.595974212458486158e-04
2.374774774774774642e+02 1.987669273573626277e-04
2.378378378378378386e+02 1.460408992204093742e-04
2.381981981981981562e+02 1.014220235007218279e-04
2.385585585585585306e+02 6.491257283143798235e-05
2.389189189189188767e+02 3.651440616278117939e-05
2.392792792792792795e+02 1.622896904989506377e-05
2.396396396396396256e+02 4.057293873667450319e-06
2.399999999999999716e+02 2.910363945489086763e-16
2.403603603603603460e+02 4.057293873958486605e-06
2.407207207207206920e+02 1.622896904989506377e-05
2.410810810810810949e+02 3.651440616278117939e-05
2.414414414414414125e+02 6.491257283151074587e-05
2.418018018018017870e+02 1.014220235007945914e-04
2.421621621621621330e+02 1.460408992205549012e-04
2.425225225225225074e+02 1.987669273577264317e-04
2.428828828828828250e+02 2.595974212458486158e-04
2.432432432432432279e+02 3.285292797703388249e-04
2.436036036036035739e+02 4.055589868807153134e-04
2.439639639639639483e+02 4.906826110424300762e-04
2.443243243243242659e+02 5.838958046152153492e-04
2.446846846846846404e+02 6.851938031598346027e-04
2.450450450450450433e+02 7.945714246784778148e-04
2.454054054054053893e+02 9.120230687733023528e-04
2.457657657657657637e+02 1.037542715736216844e-03
2.461261261261260813e+02 1.171123925554845699e-03
2.464864864864865126e+02 1.312759836841662087e-03
2.468468468468468018e+02 1.462443165679226534e-03
2.472072072072072046e+02 1.620166204377754011e-03
2.475675675675675507e+02 1.785920820146386654e-03
2.479279279279278967e+02 1.959698453672426618e-03
2.482882882882882427e+02 2.141490117603435904e-03
2.486486486486486456e+02 2.331286394929729233e-03
2.490090090090089916e+02 2.529077437267914386e-03
2.493693693693693660e+02 2.734852963033909852e-03
2.497297297297297121e+02 2.948602255503188305e-03
2.500900900900900581e+02 3.170314160757660687e-03
2.504504504504504609e+02 3.399977085509086998e-03
2.508108108108108070e+02 3.637578994795377402e-03
2.511711711711711814e+02 3.883107409545201363e-03
2.515315315315314990e+02 4.136549404001004307e-03
2.518918918918918735e+02 4.397891603000873319e-03
2.522522522522522195e+02 4.667120179099024102e-03
2.526126126126126223e+02 4.944220849538075342e-03
2.529729729729729399e+02 5.229178873041901918e-03
2.533333333333333144e+02 5.521979046441938613e-03
2.536936936936936888e+02 5.822605701105656832e-03
2.540540540540540349e+02 6.131042699185613662e-03
2.544144144144144377e+02 6.447273429648914429e-03
2.547747747747747553e+02 6.771280804098004508e-03
2.551351351351351298e+02 7.103047252364376278e-03
2.554954954954954758e+02 7.442554717858828467e-03
2.558558558558558502e+02 7.789784652672884606e-03
2.562162162162161962e+02 8.144718012408824412e-03
2.565765765765765991e+02 8.507335250735045123e-03
2.569369369369368883e+02 8.877616313637953782e-03
2.572972972972972912e+02 9.255540633363963307e-03
2.576576576576576372e+02 9.641087122029644643e-03
2.580180180180179832e+02 1.003423416487886008e-02
2.583783783783783861e+02 1.043495961317287245e-02
2.587387387387387321e+02 1.084324077668547860e-02
2.590990990990990781e+02 1.125905441578331848e-02
2.594594594594594241e+02 1.168237673306622010e-02
2.598198198198198270e+02 1.211318336454217208e-02
2.601801801801801162e+02 1.255144937030434546e-02
2.605405405405405190e+02 1.299714922469143684e-02
2.609009009009008651e+02 1.345025680588275707e-02
2.612612612612612679e+02 1.391074538490505441e-02
2.616216216216215571e+02 1.437858761401834828e-02
2.619819819819819600e+02 1.485375551442415405e-02
2.623423423423423060e+02 1.533622046327164611e-02
2.627027027027027088e+02 1.582595317991048953e-02
2.630630630630630549e+02 1.632292371133217332e-02
2.634234234234234009e+02 1.682710141676830098e-02
2.637837837837838038e+02 1.733845495136903878e-02
2.641441441441441498e+02 1.785695224891454755e-02
2.645045045045044958e+02 1.838256050349001622e-02
2.648648648648648418e+02 1.891524615005861498e-02
2.652252252252251878e+02 1.945497484385096121e-02
2.655855855855855339e+02 2.000171143849765326e-02
2.659459459459459367e+02 2.055541996281564157e-02
2.663063063063062827e+02 2.111606359615065404e-02
2.666666666666666288e+02 2.168360464218867592e-02
2.670270270270269748e+02 2.225800450110368076e-02
2.673873873873873777e+02 2.283922363995347787e-02
2.677477477477477805e+02 2.342722156117125337e-02
2.681081081081081265e+02 2.402195676903219265e-02
2.684684684684684726e+02 2.462338673393620059e-02
2.688288288288288186e+02 2.523146785435299508e-02
2.691891891891891646e+02 2.584615541625126522e-02
2.695495495495495106e+02 2.646740354982404092e-02
2.699099099099099135e+02 2.709516518330288767e-02
2.702702702702702595e+02 2.772939199364316681e-02
2.706306306306306055e+02 2.837003435382790678e-02
2.709909909909909516e+02 2.901704127654460702e-02
2.713513513513512976e+02 2.967036035392449020e-02
2.717117117117116436e+02 3.032993769305195389e-02
2.720720720720720465e+02 3.099571784689575393e-02
2.724324324324324493e+02 3.166764374028491202e-02
2.727927927927927954e+02 3.234565659053558612e-02
2.731531531531531414e+02 3.302969582227601592e-02
2.735135135135134874e+02 3.371969897598946914e-02
2.738738738738738903e+02 3.441560160974264926e-02
2.742342342342342363e+02 3.511733719351927546e-02
2.745945945945945823e+02 3.582483699552653500e-02
2.749549549549549283e+02 3.653802995976478118e-02
2.753153153153153312e+02 3.725684257410942501e-02
2.756756756756756204e+02 3.798119872804538166e-02
2.760360360360360232e+02 3.871101955914505593e-02
2.763963963963963693e+02 3.944622328725187754e-02
2.767567567567567153e+02 4.018672503526551226e-02
2.771171171171171181e+02 4.093243663527165038e-02
2.774774774774774642e+02 4.168326641866740984e-02
2.778378378378378670e+02 4.243911898876027294e-02
2.781981981981981562e+02 4.319989497418642854e-02
2.785585585585585591e+02 4.396549076129448175e-02
2.789189189189189051e+02 4.473579820346292729e-02
2.792792792792793080e+02 4.551070430508986908e-02
2.796396396396395971e+02 4.629009087775161346e-02
2.800000000000000000e+02 4.707383416575777052e-02
2.803603603603603460e+02 4.786180443801344581e-02
2.807207207207206920e+02 4.865386554277920106e-02
2.810810810810810381e+02 4.944987442152164181e-02
2.814414414414414409e+02 5.024968057763155166e-02
2.818018018018017870e+02 5.105312549531138694e-02
2.821621621621621330e+02 5.186004200341692849e-02
2.825225225225225358e+02 5.267025357842172045e-02
2.828828828828828250e+02 5.348357358006101958e-02
2.832432432432432279e+02 5.429980441243988099e-02
2.836036036036035739e+02 5.511873660261056018e-02
2.839639639639639768e+02 5.594014778771945473e-02
2.843243243243242659e+02 5.676380160083244197e-02
2.846846846846846688e+02 5.758944644446001987e-02
2.850450450450450148e+02 5.841681413960938402e-02
2.854054054054054177e+02 5.924561843689500618e-02
2.857657657657657069e+02 6.007555337481563368e-02
2.861261261261261097e+02 6.090629146881410688e-02
2.864864864864864558e+02 6.173748171312570115e-02
2.868468468468468018e+02 6.256874737575481016e-02
2.872072072072072046e+02 6.339968356521809290e-02
2.875675675675675507e+02 6.422985454600883826e-02
2.879279279279278967e+02 6.505879077815512890e-02
2.882882882882882427e+02 6.588598565485949410e-02
2.886486486486486456e+02 6.671089191119286554e-02
2.890090090090089348e+02 6.753291767637570331e-02
2.893693693693693376e+02 6.835142214257786120e-02
2.897297297297296836e+02 6.916571082483505273e-02
2.900900900900900865e+02 6.997503039005767422e-02
2.904504504504503757e+02 7.077856303889432099e-02
2.908108108108108354e+02 7.157542043321858671e-02
2.911711711711711814e+02 7.236463717528891781e-02
2.915315315315315274e+02 7.314516386349791122e-02
2.918918918918918735e+02 7.391585977564422982e-02
2.922522522522522195e+02 7.467548526569259271e-02
2.926126126126126223e+02 7.542269400610915331e-02
2.929729729729729684e+02 7.615602526730758104e-02
2.933333333333333144e+02 7.687389650064604951e-02
2.936936936936936604e+02 7.757459658354583232e-02
2.940540540540540064e+02 7.825628019529401458e-02
2.944144144144143524e+02 7.891696391893332496e-02
2.947747747747747553e+02 7.955452480414905436e-02
2.951351351351351013e+02 8.016670226977053171e-02
2.954954954954955042e+02 8.075110435783532103e-02
2.958558558558558502e+02 8.130521945197050071e-02
2.962162162162161962e+02 8.182643461057496903e-02
2.965765765765765991e+02 8.231206160150145168e-02
2.969369369369369451e+02 8.275937151663206870e-02
2.972972972972972912e+02 8.316563845099181340e-02
2.976576576576576372e+02 8.352819212449755226e-02
2.980180180180179832e+02 8.384447850570447835e-02
2.983783783783783292e+02 8.411212651074312374e-02
2.987387387387387321e+02 8.432901779689873367e-02
2.990990990990990781e+02 8.449335570407413842e-02
2.994594594594594241e+02 8.460372871068325140e-02
2.998198198198197701e+02 8.465916355386048087e-02
3.001801801801801162e+02 8.465916355386025882e-02
3.005405405405405759e+02 8.460372871068354284e-02
3.009009009009008651e+02 8.449335570407384699e-02
3.012612612612612679e+02 8.432901779689873367e-02
3.016216216216216139e+02 8.411212651074348456e-02
3.019819819819819600e+02 8.384447850570483918e-02
3.023423423423423060e+02 8.352819212449762165e-02
3.027027027027027088e+02 8.316563845099160523e-02
3.030630630630630549e+02 8.275937151663229074e-02
3.034234234234234009e+02 8.231206160150189577e-02
3.037837837837837469e+02 8.182643461057505230e-02
3.041441441441440929e+02 8.130521945197101419e-02
3.045045045045044958e+02 8.075110435783545981e-02
3.048648648648648418e+02 8.016670226977068436e-02
3.052252252252252447e+02 7.955452480414941518e-02
3.055855855855855339e+02 7.891696391893354701e-02
3.059459459459459367e+02 7.825628019529394519e-02
3.063063063063062827e+02 7.757459658354605436e-02
3.066666666666666856e+02 7.687389650064663238e-02
3.070270270270269748e+02 7.615602526730816391e-02
3.073873873873873777e+02 7.542269400611009700e-02
3.077477477477477237e+02 7.467548526569281475e-02
3.081081081081081265e+02 7.391585977564496535e-02
3.084684684684684157e+02 7.314516386349827204e-02
3.088288288288288186e+02 7.236463717528891781e-02
3.091891891891891646e+02 7.157542043321865610e-02
3.095495495495495106e+02 7.077856303889439038e-02
3.099099099099099135e+02 6.997503039005796566e-02
3.102702702702702595e+02 6.916571082483549682e-02
3.106306306306306055e+02 6.835142214257815263e-02
3.109909909909909516e+02 6.753291767637620291e-02
3.113513513513513544e+02 6.671089191119344841e-02
3.117117117117116436e+02 6.588598565485971614e-02
3.120720720720720465e+02 6.505879077815578115e-02
3.124324324324323925e+02 6.422985454600919908e-02
3.127927927927927954e+02 6.339968356521838433e-02
3.131531531531530845e+02 6.256874737575539303e-02
3.135135135135134874e+02 6.173748171312606198e-02
3.138738738738738903e+02 6.090629146881454403e-02
3.142342342342342363e+02 6.007555337481607083e-02
3.145945945945945823e+02 5.924561843689551965e-02
3.149549549549549283e+02 5.841681413961003627e-02
3.153153153153152743e+02 5.758944644446001987e-02
3.156756756756756204e+02 5.676380160083272647e-02
3.160360360360360232e+02 5.594014778771996127e-02
3.163963963963963693e+02 5.511873660261092794e-02
3.167567567567567153e+02 5.429980441244017242e-02
3.171171171171170613e+02 5.348357358006174817e-02
3.174774774774774642e+02 5.267025357842186617e-02
3.178378378378377533e+02 5.186004200341721992e-02
3.181981981981982130e+02 5.105312549531247635e-02
3.185585585585585591e+02 5.024968057763205820e-02
3.189189189189189051e+02 4.944987442152215529e-02
3.192792792792792511e+02 4.865386554277970760e-02
3.196396396396395971e+02 4.786180443801366785e-02
3.200000000000000000e+02 4.707383416575856849e-02
3.203603603603603460e+02 4.629009087775212694e-02
3.207207207207206920e+02 4.551070430509016052e-02
3.210810810810810381e+02 4.473579820346357955e-02
3.214414414414414409e+02 4.396549076129514094e-02
3.218018018018017870e+02 4.319989497418722652e-02
3.221621621621621330e+02 4.243911898876056438e-02
3.225225225225224790e+02 4.168326641866762494e-02
3.228828828828828250e+02 4.093243663527230264e-02
3.232432432432432847e+02 4.018672503526602574e-02
3.236036036036035739e+02 3.944622328725260613e-02
3.239639639639639768e+02 3.871101955914542370e-02
3.243243243243243228e+02 3.798119872804654046e-02
3.246846846846846688e+02 3.725684257410957073e-02
3.250450450450450148e+02 3.653802995976580120e-02
3.254054054054054177e+02 3.582483699552704154e-02
3.257657657657657637e+02 3.511733719351971261e-02
3.261261261261260529e+02 3.441560160974316274e-02
3.264864864864864558e+02 3.371969897598983690e-02
3.268468468468468018e+02 3.302969582227608530e-02
3.272072072072072046e+02 3.234565659053631470e-02
3.275675675675675507e+02 3.166764374028498141e-02
3.279279279279279535e+02 3.099571784689597251e-02
3.282882882882882427e+02 3.032993769305209961e-02
3.286486486486486456e+02 2.967036035392536103e-02
3.290090090090089916e+02 2.901704127654533560e-02
3.293693693693693376e+02 2.837003435382863537e-02
3.297297297297296836e+02 2.772939199364345825e-02
3.300900900900900865e+02 2.709516518330354340e-02
3.304504504504504325e+02 2.646740354982484236e-02
3.308108108108108354e+02 2.584615541625162952e-02
3.311711711711711246e+02 2.523146785435379305e-02
3.315315315315314706e+02 2.462338673393671060e-02
3.318918918918918735e+02 2.402195676903306695e-02
3.322522522522522195e+02 2.342722156117183624e-02
3.326126126126126223e+02 2.283922363995391502e-02
3.329729729729729684e+02 2.225800450110382647e-02
3.333333333333333144e+02 2.168360464218874878e-02
3.336936936936936604e+02 2.111606359615160119e-02
3.340540540540540633e+02 2.055541996281549585e-02
3.344144144144143524e+02 2.000171143849838185e-02
3.347747747747747553e+02 1.945497484385117978e-02
3.351351351351351013e+02 1.891524615005934010e-02
3.354954954954955042e+02 1.838256050349044990e-02
3.358558558558557934e+02 1.785695224891483898e-02
3.362162162162162531e+02 1.733845495136998247e-02
3.365765765765765423e+02 1.682710141676888038e-02
3.369369369369368883e+02 1.632292371133253761e-02
3.372972972972972912e+02 1.582595317991048953e-02
3.376576576576576372e+02 1.533622046327252041e-02
3.380180180180179832e+02 1.485375551442415405e-02
3.383783783783783861e+02 1.437858761401871258e-02
3.387387387387387321e+02 1.391074538490570840e-02
3.390990990990990213e+02 1.345025680588290279e-02
3.394594594594594241e+02 1.299714922469180113e-02
3.398198198198197701e+02 1.255144937030485547e-02
3.401801801801801730e+02 1.211318336454195350e-02
3.405405405405405190e+02 1.168237673306672837e-02
3.409009009009009219e+02 1.125905441578404706e-02
3.412612612612612111e+02 1.084324077668598861e-02
3.416216216216215571e+02 1.043495961317352817e-02
3.419819819819820168e+02 1.003423416487944121e-02
3.423423423423423060e+02 9.641087122029717502e-03
3.427027027027026520e+02 9.255540633364471581e-03
3.430630630630630549e+02 8.877616313638463791e-03
3.434234234234234009e+02 8.507335250735627991e-03
3.437837837837838038e+02 8.144718012409332686e-03
3.441441441441441498e+02 7.789784652673030323e-03
3.445045045045044390e+02 7.442554717859410467e-03
3.448648648648648418e+02 7.103047252364376278e-03
3.452252252252251878e+02 6.771280804098440791e-03
3.455855855855855339e+02 6.447273429649351580e-03
3.459459459459459367e+02 6.131042699185759379e-03
3.463063063063062827e+02 5.822605701106021124e-03
3.466666666666666856e+02 5.521979046442230046e-03
3.470270270270269748e+02 5.229178873042556776e-03
3.473873873873874345e+02 4.944220849538439634e-03
3.477477477477477237e+02 4.667120179099461252e-03
3.481081081081080697e+02 4.397891603001310469e-03
3.484684684684684726e+02 4.136549404001732023e-03
3.488288288288288186e+02 3.883107409545347079e-03
3.491891891891891078e+02 3.637578994795595544e-03
3.495495495495495675e+02 3.399977085509232281e-03
3.499099099099098567e+02 3.170314160758024545e-03
3.502702702702702027e+02 2.948602255504134163e-03
3.506306306306306055e+02 2.734852963034637135e-03
3.509909909909909516e+02 2.529077437269005961e-03
3.513513513513513544e+02 2.331286394930020232e-03
3.517117117117117004e+02 2.141490117603654045e-03
3.520720720720721033e+02 1.959698453672644759e-03
3.524324324324323925e+02 1.785920820146750512e-03
3.527927927927927385e+02 1.620166204377972369e-03
3.531531531531531414e+02 1.462443165680099751e-03
3.535135135135134874e+02 1.312759836842098586e-03
3.538738738738738334e+02 1.171123925555355057e-03
3.542342342342342363e+02 1.037542715736871485e-03
3.545945945945945255e+02 9.120230687741027109e-04
3.549549549549548715e+02 7.945714246790599230e-04
3.553153153153153312e+02 6.851938031605622108e-04
3.556756756756756204e+02 5.838958046152880992e-04
3.560360360360360232e+02 4.906826110431576843e-04
3.563963963963963693e+02 4.055589868813701715e-04
3.567567567567567721e+02 3.285292797707026289e-04
3.571171171171170613e+02 2.595974212465034197e-04
3.574774774774774642e+02 1.987669273579447087e-04
3.578378378378378102e+02 1.460408992206276512e-04
3.581981981981981562e+02 1.014220235012311454e-04
3.585585585585585022e+02 6.491257283172902287e-05
3.589189189189189051e+02 3.651440616336325365e-05
3.592792792792791943e+02 1.622896904989506377e-05
3.596396396396396540e+02 4.057293874467799893e-06
3.600000000000000000e+02 4.365545918233630638e-16
