Theta (degrees)	Normalized Energy
0.000000000000000000e+00 2.926924182299652233e-01
3.603603603603603434e-01 2.926650623970312171e-01
7.207207207207206867e-01 2.925831548208225885e-01
1.081081081081080919e+00 2.924471703887607243e-01
1.441441441441441373e+00 2.922578846573199440e-01
1.801801801801801606e+00 2.920163511334044615e-01
2.162162162162161838e+00 2.917238716511957319e-01
2.522522522522522070e+00 2.913819617115393501e-01
2.882882882882882747e+00 2.909923127986130398e-01
3.243243243243243423e+00 2.905567536430370690e-01
3.603603603603603212e+00 2.900772121956092242e-01
3.963963963963963888e+00 2.895556797609903366e-01
4.324324324324323676e+00 2.889941783697602129e-01
4.684684684684683909e+00 2.883947320892883970e-01
5.045045045045044141e+00 2.877593426264866694e-01
5.405405405405405261e+00 2.870899692831229699e-01
5.765765765765765494e+00 2.863885130983352401e-01
6.126126126126124838e+00 2.856568048542403315e-01
6.486486486486486847e+00 2.848965965228983932e-01
6.846846846846846191e+00 2.841095556860838700e-01
7.207207207207206423e+00 2.832972624516025828e-01
7.567567567567566655e+00 2.824612084099362153e-01
7.927927927927927776e+00 2.816027972128666845e-01
8.288288288288287120e+00 2.807233464033856429e-01
8.648648648648647352e+00 2.798240901776266609e-01
9.009009009009007585e+00 2.789061828105541818e-01
9.369369369369367817e+00 2.779707025249276708e-01
9.729729729729729826e+00 2.770186556261490796e-01
1.009009009009008828e+01 2.760509807632058332e-01
1.045045045045044851e+01 2.750685532080130447e-01
1.081081081081081052e+01 2.740721890722004894e-01
1.117117117117117076e+01 2.730626494023343231e-01
1.153153153153153099e+01 2.720406441122230623e-01
1.189189189189189122e+01 2.710068357249758031e-01
1.225225225225224968e+01 2.699618429083971427e-01
1.261261261261261168e+01 2.689062437957032148e-01
1.297297297297297369e+01 2.678405790898407135e-01
1.333333333333333215e+01 2.667653549543312352e-01
1.369369369369369238e+01 2.656810456968942691e-01
1.405405405405405439e+01 2.645880962543674109e-01
1.441441441441441285e+01 2.634869244889290751e-01
1.477477477477477485e+01 2.623779233064912342e-01
1.513513513513513331e+01 2.612614626085302261e-01
1.549549549549549354e+01 2.601378910886838480e-01
1.585585585585585555e+01 2.590075378852670918e-01
1.621621621621621401e+01 2.578707141004836778e-01
1.657657657657657424e+01 2.567277141966503029e-01
1.693693693693693447e+01 2.555788172792008983e-01
1.729729729729729470e+01 2.544242882756408419e-01
1.765765765765765849e+01 2.532643790190267086e-01
1.801801801801801517e+01 2.520993292439375755e-01
1.837837837837837540e+01 2.509293675023133718e-01
1.873873873873873563e+01 2.497547120059737391e-01
1.909909909909909587e+01 2.485755714020757567e-01
1.945945945945945965e+01 2.473921454872816117e-01
1.981981981981981633e+01 2.462046258659030817e-01
2.018018018018017656e+01 2.450131965568717596e-01
2.054054054054054035e+01 2.438180345539553151e-01
2.090090090090089703e+01 2.426193103432691955e-01
2.126126126126126081e+01 2.414171883817893827e-01
2.162162162162162105e+01 2.402118275402359004e-01
2.198198198198198128e+01 2.390033815134325890e-01
2.234234234234234151e+01 2.377919992009550898e-01
2.270270270270269819e+01 2.365778250606530853e-01
2.306306306306306197e+01 2.353609994374124548e-01
2.342342342342342221e+01 2.341416588693101541e-01
2.378378378378378244e+01 2.329199363731521699e-01
2.414414414414414622e+01 2.316959617111996328e-01
2.450450450450449935e+01 2.304698616407571399e-01
2.486486486486486314e+01 2.292417601481510914e-01
2.522522522522522337e+01 2.280117786685103010e-01
2.558558558558558360e+01 2.267800362926483126e-01
2.594594594594594739e+01 2.255466499622489351e-01
2.630630630630630762e+01 2.243117346544711010e-01
2.666666666666666430e+01 2.230754035570031713e-01
2.702702702702702453e+01 2.218377682345344937e-01
2.738738738738738476e+01 2.205989387875397501e-01
2.774774774774774855e+01 2.193590240042218309e-01
2.810810810810810878e+01 2.181181315064126547e-01
2.846846846846846546e+01 2.168763678901748371e-01
2.882882882882882569e+01 2.156338388618290747e-01
2.918918918918918592e+01 2.143906493700821758e-01
2.954954954954954971e+01 2.131469037349202067e-01
2.990990990990990994e+01 2.119027057738946118e-01
3.027027027027026662e+01 2.106581589264283072e-01
3.063063063063063041e+01 2.094133663767415166e-01
3.099099099099098709e+01 2.081684311760001738e-01
3.135135135135135087e+01 2.069234563642854685e-01
3.171171171171171110e+01 2.056785450929773107e-01
3.207207207207207489e+01 2.044338007481618091e-01
3.243243243243242802e+01 2.031893270756736369e-01
3.279279279279278825e+01 2.019452283084056665e-01
3.315315315315314848e+01 2.007016092965391019e-01
3.351351351351351582e+01 1.994585756413676247e-01
3.387387387387386894e+01 1.982162338334277352e-01
3.423423423423423628e+01 1.969746913956783307e-01
3.459459459459458941e+01 1.957340570325241391e-01
3.495495495495494964e+01 1.944944407855156709e-01
3.531531531531531698e+01 1.932559541966337724e-01
3.567567567567567721e+01 1.920187104801145961e-01
3.603603603603603034e+01 1.907828247038629021e-01
3.639639639639639768e+01 1.895484139815733216e-01
3.675675675675675080e+01 1.883155976767838247e-01
3.711711711711711814e+01 1.870844976201911092e-01
3.747747747747747127e+01 1.858552383416769149e-01
3.783783783783783861e+01 1.846279473186349385e-01
3.819819819819819173e+01 1.834027552423365404e-01
3.855855855855855197e+01 1.821797963042504354e-01
3.891891891891891930e+01 1.809592085044149923e-01
3.927927927927927954e+01 1.797411339841859246e-01
3.963963963963963266e+01 1.785257193859179359e-01
4.000000000000000000e+01 1.773131162424047558e-01
4.036036036036035313e+01 1.761034813992151671e-01
4.072072072072072046e+01 1.748969774733801497e-01
4.108108108108108070e+01 1.736937733522874450e-01
4.144144144144143382e+01 1.724940447370327257e-01
4.180180180180179406e+01 1.712979747349767101e-01
4.216216216216216139e+01 1.701057545067564958e-01
4.252252252252252163e+01 1.689175839736011542e-01
4.288288288288288186e+01 1.677336725914510829e-01
4.324324324324324209e+01 1.665542401991005894e-01
4.360360360360360232e+01 1.653795179484006672e-01
4.396396396396396256e+01 1.642097493254430773e-01
4.432432432432431568e+01 1.630451912726396113e-01
4.468468468468468302e+01 1.618861154226994004e-01
4.504504504504503615e+01 1.607328094566954357e-01
4.540540540540539638e+01 1.595855785997168375e-01
4.576576576576576372e+01 1.584447472690024561e-01
4.612612612612612395e+01 1.573106608909734805e-01
4.648648648648648418e+01 1.561836879051634597e-01
4.684684684684684441e+01 1.550642219747307704e-01
4.720720720720720465e+01 1.539526844249210213e-01
4.756756756756756488e+01 1.528495269325455541e-01
4.792792792792792511e+01 1.517552344911127782e-01
4.828828828828829245e+01 1.506703286776393813e-01
4.864864864864863847e+01 1.495953712481735698e-01
4.900900900900899870e+01 1.485309680895199047e-01
4.936936936936936604e+01 1.474777735542314727e-01
4.972972972972972627e+01 1.464364952042901957e-01
5.009009009009008651e+01 1.454078989855060178e-01
5.045045045045044674e+01 1.443928148488758390e-01
5.081081081081080697e+01 1.433921428261512865e-01
5.117117117117116720e+01 1.424068595535654680e-01
5.153153153153152743e+01 1.414380252188102982e-01
5.189189189189189477e+01 1.404867908803427989e-01
5.225225225225224079e+01 1.395544060730542490e-01
5.261261261261261524e+01 1.386422265682236143e-01
5.297297297297296836e+01 1.377517220962299060e-01
5.333333333333332860e+01 1.368844837655783242e-01
5.369369369369368883e+01 1.360422308196842234e-01
5.405405405405404906e+01 1.352268162628511017e-01
5.441441441441440929e+01 1.344402307600453261e-01
5.477477477477476953e+01 1.336846040755614584e-01
5.513513513513512976e+01 1.329622031719640274e-01
5.549549549549549710e+01 1.322754259573620250e-01
5.585585585585584312e+01 1.316267895682622091e-01
5.621621621621621756e+01 1.310189120375247485e-01
5.657657657657657069e+01 1.304544862607177891e-01
5.693693693693693092e+01 1.299362453824892405e-01
5.729729729729729115e+01 1.294669191183027979e-01
5.765765765765765138e+01 1.290491811334521233e-01
5.801801801801801162e+01 1.286855884199859523e-01
5.837837837837837185e+01 1.283785145983579179e-01
5.873873873873872498e+01 1.281300801243443754e-01
5.909909909909909942e+01 1.279420833479971431e-01
5.945945945945945965e+01 1.278159370580802534e-01
5.981981981981981988e+01 1.277526153621083016e-01
6.018018018018017301e+01 1.277526153621080796e-01
6.054054054054053324e+01 1.278159370580803367e-01
6.090090090090089348e+01 1.279420833479972264e-01
6.126126126126126081e+01 1.281300801243443754e-01
6.162162162162162815e+01 1.283785145983579179e-01
6.198198198198197417e+01 1.286855884199860078e-01
6.234234234234234151e+01 1.290491811334519012e-01
6.270270270270270174e+01 1.294669191183027146e-01
6.306306306306305487e+01 1.299362453824892960e-01
6.342342342342342221e+01 1.304544862607180666e-01
6.378378378378378244e+01 1.310189120375249150e-01
6.414414414414414978e+01 1.316267895682622924e-01
6.450450450450449580e+01 1.322754259573621916e-01
6.486486486486485603e+01 1.329622031719641662e-01
6.522522522522521626e+01 1.336846040755616805e-01
6.558558558558557650e+01 1.344402307600454094e-01
6.594594594594595094e+01 1.352268162628513237e-01
6.630630630630629696e+01 1.360422308196844454e-01
6.666666666666665719e+01 1.368844837655785185e-01
6.702702702702703164e+01 1.377517220962301281e-01
6.738738738738737766e+01 1.386422265682235311e-01
6.774774774774773789e+01 1.395544060730544156e-01
6.810810810810811233e+01 1.404867908803430765e-01
6.846846846846847257e+01 1.414380252188102149e-01
6.882882882882883280e+01 1.424068595535654125e-01
6.918918918918917882e+01 1.433921428261514253e-01
6.954954954954953905e+01 1.443928148488759222e-01
6.990990990990989928e+01 1.454078989855061010e-01
7.027027027027025952e+01 1.464364952042904178e-01
7.063063063063063396e+01 1.474777735542310564e-01
7.099099099099099419e+01 1.485309680895201268e-01
7.135135135135135442e+01 1.495953712481736531e-01
7.171171171171170045e+01 1.506703286776392980e-01
7.207207207207206068e+01 1.517552344911131390e-01
7.243243243243242091e+01 1.528495269325455541e-01
7.279279279279279535e+01 1.539526844249210213e-01
7.315315315315315559e+01 1.550642219747307704e-01
7.351351351351350161e+01 1.561836879051637650e-01
7.387387387387387605e+01 1.573106608909735638e-01
7.423423423423423628e+01 1.584447472690025116e-01
7.459459459459458230e+01 1.595855785997168930e-01
7.495495495495494254e+01 1.607328094566957410e-01
7.531531531531531698e+01 1.618861154226994004e-01
7.567567567567567721e+01 1.630451912726395558e-01
7.603603603603602323e+01 1.642097493254432994e-01
7.639639639639638347e+01 1.653795179484007505e-01
7.675675675675674370e+01 1.665542401991004229e-01
7.711711711711710393e+01 1.677336725914511661e-01
7.747747747747747837e+01 1.689175839736012930e-01
7.783783783783783861e+01 1.701057545067565513e-01
7.819819819819819884e+01 1.712979747349765436e-01
7.855855855855855907e+01 1.724940447370325591e-01
7.891891891891890509e+01 1.736937733522875005e-01
7.927927927927926532e+01 1.748969774733803717e-01
7.963963963963963977e+01 1.761034813992150005e-01
8.000000000000000000e+01 1.773131162424048946e-01
8.036036036036036023e+01 1.785257193859183800e-01
8.072072072072070625e+01 1.797411339841862299e-01
8.108108108108108070e+01 1.809592085044151311e-01
8.144144144144144093e+01 1.821797963042505186e-01
8.180180180180180116e+01 1.834027552423365959e-01
8.216216216216216139e+01 1.846279473186347164e-01
8.252252252252252163e+01 1.858552383416769704e-01
8.288288288288286765e+01 1.870844976201911092e-01
8.324324324324324209e+01 1.883155976767838247e-01
8.360360360360358811e+01 1.895484139815731828e-01
8.396396396396394834e+01 1.907828247038629021e-01
8.432432432432432279e+01 1.920187104801145961e-01
8.468468468468468302e+01 1.932559541966335503e-01
8.504504504504504325e+01 1.944944407855156709e-01
8.540540540540538927e+01 1.957340570325242779e-01
8.576576576576576372e+01 1.969746913956783307e-01
8.612612612612610974e+01 1.982162338334275964e-01
8.648648648648648418e+01 1.994585756413677080e-01
8.684684684684685863e+01 2.007016092965389076e-01
8.720720720720720465e+01 2.019452283084058886e-01
8.756756756756755067e+01 2.031893270756738035e-01
8.792792792792792511e+01 2.044338007481621700e-01
8.828828828828828534e+01 2.056785450929771719e-01
8.864864864864863137e+01 2.069234563642853852e-01
8.900900900900900581e+01 2.081684311760001738e-01
8.936936936936936604e+01 2.094133663767417941e-01
8.972972972972972627e+01 2.106581589264284460e-01
9.009009009009007229e+01 2.119027057738948339e-01
9.045045045045044674e+01 2.131469037349201512e-01
9.081081081081079276e+01 2.143906493700823979e-01
9.117117117117116720e+01 2.156338388618290747e-01
9.153153153153152743e+01 2.168763678901749758e-01
9.189189189189188767e+01 2.181181315064123771e-01
9.225225225225224790e+01 2.193590240042216921e-01
9.261261261261259392e+01 2.205989387875400276e-01
9.297297297297296836e+01 2.218377682345347712e-01
9.333333333333331439e+01 2.230754035570034766e-01
9.369369369369368883e+01 2.243117346544711010e-01
9.405405405405406327e+01 2.255466499622489907e-01
9.441441441441440929e+01 2.267800362926484514e-01
9.477477477477476953e+01 2.280117786685103010e-01
9.513513513513512976e+01 2.292417601481509526e-01
9.549549549549548999e+01 2.304698616407568346e-01
9.585585585585585022e+01 2.316959617111996328e-01
9.621621621621621046e+01 2.329199363731521699e-01
9.657657657657658490e+01 2.341416588693102929e-01
9.693693693693693092e+01 2.353609994374120662e-01
9.729729729729727694e+01 2.365778250606529465e-01
9.765765765765765138e+01 2.377919992009550898e-01
9.801801801801799741e+01 2.390033815134326722e-01
9.837837837837837185e+01 2.402118275402361225e-01
9.873873873873873208e+01 2.414171883817894382e-01
9.909909909909909231e+01 2.426193103432694176e-01
9.945945945945945255e+01 2.438180345539552596e-01
9.981981981981979857e+01 2.450131965568719816e-01
1.001801801801801730e+02 2.462046258659030262e-01
1.005405405405405475e+02 2.473921454872813341e-01
1.009009009009008935e+02 2.485755714020757567e-01
1.012612612612612679e+02 2.497547120059736558e-01
1.016216216216216139e+02 2.509293675023135384e-01
1.019819819819819742e+02 2.520993292439377975e-01
1.023423423423423344e+02 2.532643790190269306e-01
1.027027027027027088e+02 2.544242882756412860e-01
1.030630630630630549e+02 2.555788172792008983e-01
1.034234234234234151e+02 2.567277141966501364e-01
1.037837837837837895e+02 2.578707141004837888e-01
1.041441441441441356e+02 2.590075378852668697e-01
1.045045045045044816e+02 2.601378910886837925e-01
1.048648648648648560e+02 2.612614626085302261e-01
1.052252252252252305e+02 2.623779233064914007e-01
1.055855855855855765e+02 2.634869244889291306e-01
1.059459459459459367e+02 2.645880962543671888e-01
1.063063063063062970e+02 2.656810456968946577e-01
1.066666666666666572e+02 2.667653549543310132e-01
1.070270270270270032e+02 2.678405790898408800e-01
1.073873873873873777e+02 2.689062437957034923e-01
1.077477477477477521e+02 2.699618429083972537e-01
1.081081081081080981e+02 2.710068357249754145e-01
1.084684684684684726e+02 2.720406441122227292e-01
1.088288288288288186e+02 2.730626494023343231e-01
1.091891891891891788e+02 2.740721890722006560e-01
1.095495495495495391e+02 2.750685532080132112e-01
1.099099099099099135e+02 2.760509807632056667e-01
1.102702702702702595e+02 2.770186556261493571e-01
1.106306306306306197e+02 2.779707025249281149e-01
1.109909909909909942e+02 2.789061828105539043e-01
1.113513513513513402e+02 2.798240901776269385e-01
1.117117117117116862e+02 2.807233464033854764e-01
1.120720720720720607e+02 2.816027972128666845e-01
1.124324324324324351e+02 2.824612084099364928e-01
1.127927927927927811e+02 2.832972624516031934e-01
1.131531531531531414e+02 2.841095556860843141e-01
1.135135135135135016e+02 2.848965965228981156e-01
1.138738738738738618e+02 2.856568048542406646e-01
1.142342342342342363e+02 2.863885130983356841e-01
1.145945945945945823e+02 2.870899692831232475e-01
1.149549549549549567e+02 2.877593426264869469e-01
1.153153153153153028e+02 2.883947320892885080e-01
1.156756756756756630e+02 2.889941783697601019e-01
1.160360360360360232e+02 2.895556797609901700e-01
1.163963963963963835e+02 2.900772121956093352e-01
1.167567567567567437e+02 2.905567536430370690e-01
1.171171171171171039e+02 2.909923127986131508e-01
1.174774774774774500e+02 2.913819617115394611e-01
1.178378378378378386e+02 2.917238716511960095e-01
1.181981981981981988e+02 2.920163511334045725e-01
1.185585585585585591e+02 2.922578846573199440e-01
1.189189189189189193e+02 2.924471703887606133e-01
1.192792792792792653e+02 2.925831548208228661e-01
1.196396396396396398e+02 2.926650623970313281e-01
1.199999999999999858e+02 2.926924182299650568e-01
1.203603603603603460e+02 2.926650623970313281e-01
1.207207207207207063e+02 2.925831548208226995e-01
1.210810810810810665e+02 2.924471703887610574e-01
1.214414414414414125e+02 2.922578846573196665e-01
1.218018018018017870e+02 2.920163511334047390e-01
1.221621621621621330e+02 2.917238716511961760e-01
1.225225225225225216e+02 2.913819617115393501e-01
1.228828828828828819e+02 2.909923127986127067e-01
1.232432432432432563e+02 2.905567536430367359e-01
1.236036036036036023e+02 2.900772121956096683e-01
1.239639639639639483e+02 2.895556797609905031e-01
1.243243243243243228e+02 2.889941783697601019e-01
1.246846846846846830e+02 2.883947320892885080e-01
1.250450450450450290e+02 2.877593426264865029e-01
1.254054054054054035e+02 2.870899692831228034e-01
1.257657657657657495e+02 2.863885130983350735e-01
1.261261261261261097e+02 2.856568048542403315e-01
1.264864864864864700e+02 2.848965965228979491e-01
1.268468468468468444e+02 2.841095556860844251e-01
1.272072072072072189e+02 2.832972624516027493e-01
1.275675675675675649e+02 2.824612084099366593e-01
1.279279279279279251e+02 2.816027972128664070e-01
1.282882882882882996e+02 2.807233464033854764e-01
1.286486486486486456e+02 2.798240901776268275e-01
1.290090090090089916e+02 2.789061828105541818e-01
1.293693693693693660e+02 2.779707025249276708e-01
1.297297297297297121e+02 2.770186556261487465e-01
1.300900900900900581e+02 2.760509807632061108e-01
1.304504504504504325e+02 2.750685532080124895e-01
1.308108108108107785e+02 2.740721890722005449e-01
1.311711711711711530e+02 2.730626494023338791e-01
1.315315315315315274e+02 2.720406441122230623e-01
1.318918918918919019e+02 2.710068357249754145e-01
1.322522522522522479e+02 2.699618429083969762e-01
1.326126126126125939e+02 2.689062437957033258e-01
1.329729729729729684e+02 2.678405790898406580e-01
1.333333333333333144e+02 2.667653549543312907e-01
1.336936936936936888e+02 2.656810456968940470e-01
1.340540540540540633e+02 2.645880962543670223e-01
1.344144144144144093e+02 2.634869244889293527e-01
1.347747747747747553e+02 2.623779233064915672e-01
1.351351351351351298e+02 2.612614626085301150e-01
1.354954954954954758e+02 2.601378910886839591e-01
1.358558558558558218e+02 2.590075378852672583e-01
1.362162162162162247e+02 2.578707141004834003e-01
1.365765765765765707e+02 2.567277141966502474e-01
1.369369369369369451e+02 2.555788172792006763e-01
1.372972972972972912e+02 2.544242882756410085e-01
1.376576576576576656e+02 2.532643790190269861e-01
1.380180180180180116e+02 2.520993292439375755e-01
1.383783783783783576e+02 2.509293675023133718e-01
1.387387387387387321e+02 2.497547120059733783e-01
1.390990990990990781e+02 2.485755714020757567e-01
1.394594594594594525e+02 2.473921454872813896e-01
1.398198198198197986e+02 2.462046258659030262e-01
1.401801801801801730e+02 2.450131965568717596e-01
1.405405405405405190e+02 2.438180345539552596e-01
1.409009009009008935e+02 2.426193103432695009e-01
1.412612612612612679e+02 2.414171883817893827e-01
1.416216216216216139e+02 2.402118275402359837e-01
1.419819819819819884e+02 2.390033815134330331e-01
1.423423423423423344e+02 2.377919992009551453e-01
1.427027027027027088e+02 2.365778250606533073e-01
1.430630630630630549e+02 2.353609994374123715e-01
1.434234234234234009e+02 2.341416588693101541e-01
1.437837837837837753e+02 2.329199363731522254e-01
1.441441441441441214e+02 2.316959617111996883e-01
1.445045045045044674e+02 2.304698616407571954e-01
1.448648648648648418e+02 2.292417601481509526e-01
1.452252252252251878e+02 2.280117786685104397e-01
1.455855855855855907e+02 2.267800362926483959e-01
1.459459459459459367e+02 2.255466499622489351e-01
1.463063063063063112e+02 2.243117346544711843e-01
1.466666666666666572e+02 2.230754035570031713e-01
1.470270270270270032e+02 2.218377682345344937e-01
1.473873873873873777e+02 2.205989387875398056e-01
1.477477477477477521e+02 2.193590240042220529e-01
1.481081081081080981e+02 2.181181315064126547e-01
1.484684684684684726e+02 2.168763678901747538e-01
1.488288288288288186e+02 2.156338388618287139e-01
1.491891891891891646e+02 2.143906493700821758e-01
1.495495495495495391e+02 2.131469037349202067e-01
1.499099099099098851e+02 2.119027057738946673e-01
1.502702702702702879e+02 2.106581589264283905e-01
1.506306306306306340e+02 2.094133663767413778e-01
1.509909909909909800e+02 2.081684311759999517e-01
1.513513513513513544e+02 2.069234563642855518e-01
1.517117117117117004e+02 2.056785450929774495e-01
1.520720720720720465e+02 2.044338007481622255e-01
1.524324324324324209e+02 2.031893270756738035e-01
1.527927927927927669e+02 2.019452283084058886e-01
1.531531531531531414e+02 2.007016092965394904e-01
1.535135135135134874e+02 1.994585756413678468e-01
1.538738738738738618e+02 1.982162338334274299e-01
1.542342342342342079e+02 1.969746913956785528e-01
1.545945945945945823e+02 1.957340570325239171e-01
1.549549549549549567e+02 1.944944407855158930e-01
1.553153153153153028e+02 1.932559541966335503e-01
1.556756756756756772e+02 1.920187104801145406e-01
1.560360360360360232e+02 1.907828247038630409e-01
1.563963963963963977e+02 1.895484139815733771e-01
1.567567567567567437e+02 1.883155976767838802e-01
1.571171171171171181e+02 1.870844976201912480e-01
1.574774774774774642e+02 1.858552383416771925e-01
1.578378378378378102e+02 1.846279473186348830e-01
1.581981981981981846e+02 1.834027552423364571e-01
1.585585585585585306e+02 1.821797963042505186e-01
1.589189189189188767e+02 1.809592085044152976e-01
1.592792792792792795e+02 1.797411339841861466e-01
1.596396396396396256e+02 1.785257193859180747e-01
1.600000000000000000e+02 1.773131162424048946e-01
1.603603603603603460e+02 1.761034813992150005e-01
1.607207207207207205e+02 1.748969774733803162e-01
1.610810810810810665e+02 1.736937733522872229e-01
1.614414414414414125e+02 1.724940447370327257e-01
1.618018018018017870e+02 1.712979747349767656e-01
1.621621621621621614e+02 1.701057545067566346e-01
1.625225225225225074e+02 1.689175839736014595e-01
1.628828828828828819e+02 1.677336725914511661e-01
1.632432432432432279e+02 1.665542401991008670e-01
1.636036036036036023e+02 1.653795179484009725e-01
1.639639639639639768e+02 1.642097493254432439e-01
1.643243243243243228e+02 1.630451912726397778e-01
1.646846846846846688e+02 1.618861154226995669e-01
1.650450450450450433e+02 1.607328094566956578e-01
1.654054054054054177e+02 1.595855785997171150e-01
1.657657657657657353e+02 1.584447472690027336e-01
1.661261261261261097e+02 1.573106608909734805e-01
1.664864864864864842e+02 1.561836879051635985e-01
1.668468468468468302e+02 1.550642219747312700e-01
1.672072072072071762e+02 1.539526844249211601e-01
1.675675675675675507e+02 1.528495269325459149e-01
1.679279279279278967e+02 1.517552344911131390e-01
1.682882882882882711e+02 1.506703286776397421e-01
1.686486486486486456e+02 1.495953712481738751e-01
1.690090090090089916e+02 1.485309680895199880e-01
1.693693693693693660e+02 1.474777735542317780e-01
1.697297297297297121e+02 1.464364952042905010e-01
1.700900900900900865e+02 1.454078989855062398e-01
1.704504504504504609e+02 1.443928148488760055e-01
1.708108108108107785e+02 1.433921428261515085e-01
1.711711711711711530e+02 1.424068595535655513e-01
1.715315315315315274e+02 1.414380252188101594e-01
1.718918918918919019e+02 1.404867908803432430e-01
1.722522522522522195e+02 1.395544060730546931e-01
1.726126126126125939e+02 1.386422265682237531e-01
1.729729729729729684e+02 1.377517220962301836e-01
1.733333333333333428e+02 1.368844837655783797e-01
1.736936936936937173e+02 1.360422308196843622e-01
1.740540540540540349e+02 1.352268162628514625e-01
1.744144144144144093e+02 1.344402307600454094e-01
1.747747747747747837e+02 1.336846040755617637e-01
1.751351351351351013e+02 1.329622031719643049e-01
1.754954954954954758e+02 1.322754259573624691e-01
1.758558558558558502e+02 1.316267895682622091e-01
1.762162162162161962e+02 1.310189120375251093e-01
1.765765765765765707e+02 1.304544862607180666e-01
1.769369369369369167e+02 1.299362453824896013e-01
1.772972972972972627e+02 1.294669191183030754e-01
1.776576576576576656e+02 1.290491811334520400e-01
1.780180180180180116e+02 1.286855884199860911e-01
1.783783783783783861e+02 1.283785145983579179e-01
1.787387387387387321e+02 1.281300801243447363e-01
1.790990990990990781e+02 1.279420833479973096e-01
1.794594594594594525e+02 1.278159370580805310e-01
1.798198198198198270e+02 1.277526153621082183e-01
1.801801801801801446e+02 1.277526153621083849e-01
1.805405405405405190e+02 1.278159370580805310e-01
1.809009009009008935e+02 1.279420833479974484e-01
1.812612612612612395e+02 1.281300801243446807e-01
1.816216216216215855e+02 1.283785145983580012e-01
1.819819819819819600e+02 1.286855884199862299e-01
1.823423423423423344e+02 1.290491811334522620e-01
1.827027027027027088e+02 1.294669191183030754e-01
1.830630630630630549e+02 1.299362453824894625e-01
1.834234234234234009e+02 1.304544862607180111e-01
1.837837837837837753e+02 1.310189120375250538e-01
1.841441441441441214e+02 1.316267895682622091e-01
1.845045045045044958e+02 1.322754259573623303e-01
1.848648648648648702e+02 1.329622031719642217e-01
1.852252252252251878e+02 1.336846040755615417e-01
1.855855855855855623e+02 1.344402307600454094e-01
1.859459459459459367e+02 1.352268162628513237e-01
1.863063063063062543e+02 1.360422308196843066e-01
1.866666666666666288e+02 1.368844837655782409e-01
1.870270270270270316e+02 1.377517220962301836e-01
1.873873873873873777e+02 1.386422265682237531e-01
1.877477477477477521e+02 1.395544060730545544e-01
1.881081081081081265e+02 1.404867908803430765e-01
1.884684684684684441e+02 1.414380252188101594e-01
1.888288288288288186e+02 1.424068595535653292e-01
1.891891891891891930e+02 1.433921428261516473e-01
1.895495495495495391e+02 1.443928148488759222e-01
1.899099099099098851e+02 1.454078989855061010e-01
1.902702702702702595e+02 1.464364952042905010e-01
1.906306306306306055e+02 1.474777735542314172e-01
1.909909909909909800e+02 1.485309680895200435e-01
1.913513513513513544e+02 1.495953712481736531e-01
1.917117117117117004e+02 1.506703286776396034e-01
1.920720720720720749e+02 1.517552344911129170e-01
1.924324324324324209e+02 1.528495269325455541e-01
1.927927927927927954e+02 1.539526844249211046e-01
1.931531531531531698e+02 1.550642219747307704e-01
1.935135135135134874e+02 1.561836879051635429e-01
1.938738738738738618e+02 1.573106608909733417e-01
1.942342342342342363e+02 1.584447472690024561e-01
1.945945945945945539e+02 1.595855785997168930e-01
1.949549549549549283e+02 1.607328094566957410e-01
1.953153153153153028e+02 1.618861154226993448e-01
1.956756756756756488e+02 1.630451912726398334e-01
1.960360360360359948e+02 1.642097493254427998e-01
1.963963963963963693e+02 1.653795179484008893e-01
1.967567567567567437e+02 1.665542401991007282e-01
1.971171171171171181e+02 1.677336725914511661e-01
1.974774774774774642e+02 1.689175839736010154e-01
1.978378378378378102e+02 1.701057545067564125e-01
1.981981981981981846e+02 1.712979747349765436e-01
1.985585585585585306e+02 1.724940447370326424e-01
1.989189189189189051e+02 1.736937733522874450e-01
1.992792792792792795e+02 1.748969774733802329e-01
1.996396396396395971e+02 1.761034813992148618e-01
1.999999999999999716e+02 1.773131162424047558e-01
2.003603603603603460e+02 1.785257193859177971e-01
2.007207207207207205e+02 1.797411339841862299e-01
2.010810810810810949e+02 1.809592085044151311e-01
2.014414414414414409e+02 1.821797963042505186e-01
2.018018018018017870e+02 1.834027552423365959e-01
2.021621621621621614e+02 1.846279473186347164e-01
2.025225225225225358e+02 1.858552383416769704e-01
2.028828828828828534e+02 1.870844976201909704e-01
2.032432432432432279e+02 1.883155976767838802e-01
2.036036036036036023e+02 1.895484139815731828e-01
2.039639639639639483e+02 1.907828247038629021e-01
2.043243243243242944e+02 1.920187104801146794e-01
2.046846846846846688e+02 1.932559541966337724e-01
2.050450450450450148e+02 1.944944407855157542e-01
2.054054054054054177e+02 1.957340570325241391e-01
2.057657657657657637e+02 1.969746913956784140e-01
2.061261261261261097e+02 1.982162338334274299e-01
2.064864864864864842e+02 1.994585756413675415e-01
2.068468468468468302e+02 2.007016092965393239e-01
2.072072072072072046e+02 2.019452283084054445e-01
2.075675675675675791e+02 2.031893270756737202e-01
2.079279279279278967e+02 2.044338007481620034e-01
2.082882882882882711e+02 2.056785450929773940e-01
2.086486486486486456e+02 2.069234563642853852e-01
2.090090090090089632e+02 2.081684311760001738e-01
2.093693693693693376e+02 2.094133663767413778e-01
2.097297297297297121e+02 2.106581589264283072e-01
2.100900900900900865e+02 2.119027057738945286e-01
2.104504504504504609e+02 2.131469037349201512e-01
2.108108108108107785e+02 2.143906493700819538e-01
2.111711711711711530e+02 2.156338388618288526e-01
2.115315315315315274e+02 2.168763678901745318e-01
2.118918918918918735e+02 2.181181315064124326e-01
2.122522522522522479e+02 2.193590240042221362e-01
2.126126126126125939e+02 2.205989387875396668e-01
2.129729729729729399e+02 2.218377682345348545e-01
2.133333333333333144e+02 2.230754035570034766e-01
2.136936936936936888e+02 2.243117346544710455e-01
2.140540540540540064e+02 2.255466499622487131e-01
2.144144144144143809e+02 2.267800362926480351e-01
2.147747747747747553e+02 2.280117786685102454e-01
2.151351351351351298e+02 2.292417601481507305e-01
2.154954954954955042e+02 2.304698616407571399e-01
2.158558558558558218e+02 2.316959617111996328e-01
2.162162162162161962e+02 2.329199363731520034e-01
2.165765765765765707e+02 2.341416588693097101e-01
2.169369369369369451e+02 2.353609994374120662e-01
2.172972972972972627e+02 2.365778250606533073e-01
2.176576576576576372e+02 2.377919992009549233e-01
2.180180180180180116e+02 2.390033815134328110e-01
2.183783783783783576e+02 2.402118275402359004e-01
2.187387387387387037e+02 2.414171883817892994e-01
2.190990990990990781e+02 2.426193103432693343e-01
2.194594594594594525e+02 2.438180345539548155e-01
2.198198198198198270e+02 2.450131965568716208e-01
2.201801801801801730e+02 2.462046258659029430e-01
2.205405405405405190e+02 2.473921454872816117e-01
2.209009009009008935e+02 2.485755714020754514e-01
2.212612612612612395e+02 2.497547120059731562e-01
2.216216216216216139e+02 2.509293675023132608e-01
2.219819819819819884e+02 2.520993292439375200e-01
2.223423423423423060e+02 2.532643790190267086e-01
2.227027027027026804e+02 2.544242882756407864e-01
2.230630630630630549e+02 2.555788172792006208e-01
2.234234234234233725e+02 2.567277141966500809e-01
2.237837837837838038e+02 2.578707141004837888e-01
2.241441441441441214e+02 2.590075378852670362e-01
2.245045045045044958e+02 2.601378910886837370e-01
2.248648648648648702e+02 2.612614626085299485e-01
2.252252252252251878e+02 2.623779233064912342e-01
2.255855855855855623e+02 2.634869244889290751e-01
2.259459459459459367e+02 2.645880962543671888e-01
2.263063063063062827e+02 2.656810456968942691e-01
2.266666666666666572e+02 2.667653549543310687e-01
2.270270270270270032e+02 2.678405790898408245e-01
2.273873873873873492e+02 2.689062437957028262e-01
2.277477477477477237e+02 2.699618429083968096e-01
2.281081081081080981e+02 2.710068357249753590e-01
2.284684684684684726e+02 2.720406441122228958e-01
2.288288288288288186e+02 2.730626494023341566e-01
2.291891891891891646e+02 2.740721890722005449e-01
2.295495495495495106e+02 2.750685532080126006e-01
2.299099099099099135e+02 2.760509807632059442e-01
2.302702702702702311e+02 2.770186556261484689e-01
2.306306306306306055e+02 2.779707025249275043e-01
2.309909909909910084e+02 2.789061828105543484e-01
2.313513513513513260e+02 2.798240901776268275e-01
2.317117117117117289e+02 2.807233464033854764e-01
2.320720720720720465e+02 2.816027972128660739e-01
2.324324324324324209e+02 2.824612084099362153e-01
2.327927927927927669e+02 2.832972624516030269e-01
2.331531531531531698e+02 2.841095556860839810e-01
2.335135135135134874e+02 2.848965965228981156e-01
2.338738738738738618e+02 2.856568048542402205e-01
2.342342342342342079e+02 2.863885130983350735e-01
2.345945945945945823e+02 2.870899692831225258e-01
2.349549549549548999e+02 2.877593426264865029e-01
2.353153153153153028e+02 2.883947320892883970e-01
2.356756756756756772e+02 2.889941783697601019e-01
2.360360360360360232e+02 2.895556797609900590e-01
2.363963963963963977e+02 2.900772121956090577e-01
2.367567567567567153e+02 2.905567536430367359e-01
2.371171171171171181e+02 2.909923127986127067e-01
2.374774774774774642e+02 2.913819617115393501e-01
2.378378378378378386e+02 2.917238716511960095e-01
2.381981981981981562e+02 2.920163511334042949e-01
2.385585585585585306e+02 2.922578846573196665e-01
2.389189189189188767e+02 2.924471703887607243e-01
2.392792792792792795e+02 2.925831548208225885e-01
2.396396396396396256e+02 2.926650623970313281e-01
2.399999999999999716e+02 2.926924182299653343e-01
2.403603603603603460e+02 2.926650623970316611e-01
2.407207207207206920e+02 2.925831548208225885e-01
2.410810810810810949e+02 2.924471703887608909e-01
2.414414414414414125e+02 2.922578846573196665e-01
2.418018018018017870e+02 2.920163511334044615e-01
2.421621621621621330e+02 2.917238716511961760e-01
2.425225225225225074e+02 2.913819617115397387e-01
2.428828828828828250e+02 2.909923127986131508e-01
2.432432432432432279e+02 2.905567536430369024e-01
2.436036036036035739e+02 2.900772121956095018e-01
2.439639639639639483e+02 2.895556797609900590e-01
2.443243243243242659e+02 2.889941783697603794e-01
2.446846846846846404e+02 2.883947320892883970e-01
2.450450450450450433e+02 2.877593426264865029e-01
2.454054054054053893e+02 2.870899692831228034e-01
2.457657657657657637e+02 2.863885130983356841e-01
2.461261261261260813e+02 2.856568048542404981e-01
2.464864864864865126e+02 2.848965965228981156e-01
2.468468468468468018e+02 2.841095556860847027e-01
2.472072072072072046e+02 2.832972624516030269e-01
2.475675675675675507e+02 2.824612084099366593e-01
2.479279279279278967e+02 2.816027972128666845e-01
2.482882882882882427e+02 2.807233464033860870e-01
2.486486486486486456e+02 2.798240901776266609e-01
2.490090090090089916e+02 2.789061828105540708e-01
2.493693693693693660e+02 2.779707025249278374e-01
2.497297297297297121e+02 2.770186556261490796e-01
2.500900900900900581e+02 2.760509807632063883e-01
2.504504504504504609e+02 2.750685532080133222e-01
2.508108108108108070e+02 2.740721890722008780e-01
2.511711711711711814e+02 2.730626494023342676e-01
2.515315315315314990e+02 2.720406441122228958e-01
2.518918918918918735e+02 2.710068357249763027e-01
2.522522522522522195e+02 2.699618429083971427e-01
2.526126126126126223e+02 2.689062437957033258e-01
2.529729729729729399e+02 2.678405790898406025e-01
2.533333333333333144e+02 2.667653549543313463e-01
2.536936936936936888e+02 2.656810456968943801e-01
2.540540540540540349e+02 2.645880962543675219e-01
2.544144144144144377e+02 2.634869244889294637e-01
2.547747747747747553e+02 2.623779233064913452e-01
2.551351351351351298e+02 2.612614626085303371e-01
2.554954954954954758e+02 2.601378910886837925e-01
2.558558558558558502e+02 2.590075378852674248e-01
2.562162162162161962e+02 2.578707141004838999e-01
2.565765765765765991e+02 2.567277141966503029e-01
2.569369369369368883e+02 2.555788172792012869e-01
2.572972972972972912e+02 2.544242882756413415e-01
2.576576576576576372e+02 2.532643790190273747e-01
2.580180180180179832e+02 2.520993292439377975e-01
2.583783783783783861e+02 2.509293675023137049e-01
2.587387387387387321e+02 2.497547120059734338e-01
2.590990990990990781e+02 2.485755714020756735e-01
2.594594594594594241e+02 2.473921454872818337e-01
2.598198198198198270e+02 2.462046258659033870e-01
2.601801801801801162e+02 2.450131965568722037e-01
2.605405405405405190e+02 2.438180345539554816e-01
2.609009009009008651e+02 2.426193103432700837e-01
2.612612612612612679e+02 2.414171883817893827e-01
2.616216216216215571e+02 2.402118275402359004e-01
2.619819819819819600e+02 2.390033815134333384e-01
2.623423423423423060e+02 2.377919992009555061e-01
2.627027027027027088e+02 2.365778250606533073e-01
2.630630630630630549e+02 2.353609994374122327e-01
2.634234234234234009e+02 2.341416588693101541e-01
2.637837837837838038e+02 2.329199363731524475e-01
2.641441441441441498e+02 2.316959617111997716e-01
2.645045045045044958e+02 2.304698616407571399e-01
2.648648648648648418e+02 2.292417601481516187e-01
2.652252252252251878e+02 2.280117786685102454e-01
2.655855855855855339e+02 2.267800362926483126e-01
2.659459459459459367e+02 2.255466499622489907e-01
2.663063063063062827e+02 2.243117346544710455e-01
2.666666666666666288e+02 2.230754035570032545e-01
2.670270270270269748e+02 2.218377682345350765e-01
2.673873873873873777e+02 2.205989387875398888e-01
2.677477477477477805e+02 2.193590240042218309e-01
2.681081081081081265e+02 2.181181315064127935e-01
2.684684684684684726e+02 2.168763678901751146e-01
2.688288288288288186e+02 2.156338388618292412e-01
2.691891891891891646e+02 2.143906493700821758e-01
2.695495495495495106e+02 2.131469037349202900e-01
2.699099099099099135e+02 2.119027057738947506e-01
2.702702702702702595e+02 2.106581589264288901e-01
2.706306306306306055e+02 2.094133663767415998e-01
2.709909909909909516e+02 2.081684311760004513e-01
2.713513513513512976e+02 2.069234563642853297e-01
2.717117117117116436e+02 2.056785450929775327e-01
2.720720720720720465e+02 2.044338007481618646e-01
2.724324324324324493e+02 2.031893270756734149e-01
2.727927927927927954e+02 2.019452283084057220e-01
2.731531531531531414e+02 2.007016092965390464e-01
2.735135135135134874e+02 1.994585756413676247e-01
2.738738738738738903e+02 1.982162338334275964e-01
2.742342342342342363e+02 1.969746913956786916e-01
2.745945945945945823e+02 1.957340570325241391e-01
2.749549549549549283e+02 1.944944407855156709e-01
2.753153153153153312e+02 1.932559541966340499e-01
2.756756756756756204e+02 1.920187104801145961e-01
2.760360360360360232e+02 1.907828247038630964e-01
2.763963963963963693e+02 1.895484139815730995e-01
2.767567567567567153e+02 1.883155976767839634e-01
2.771171171171171181e+02 1.870844976201912480e-01
2.774774774774774642e+02 1.858552383416774978e-01
2.778378378378378670e+02 1.846279473186348830e-01
2.781981981981981562e+02 1.834027552423367624e-01
2.785585585585585591e+02 1.821797963042502966e-01
2.789189189189189051e+02 1.809592085044152143e-01
2.792792792792793080e+02 1.797411339841860911e-01
2.796396396396395971e+02 1.785257193859180191e-01
2.800000000000000000e+02 1.773131162424049778e-01
2.803603603603603460e+02 1.761034813992155279e-01
2.807207207207206920e+02 1.748969774733801497e-01
2.810810810810810381e+02 1.736937733522875005e-01
2.814414414414414409e+02 1.724940447370327257e-01
2.818018018018017870e+02 1.712979747349765436e-01
2.821621621621621330e+02 1.701057545067569954e-01
2.825225225225225358e+02 1.689175839736012930e-01
2.828828828828828250e+02 1.677336725914513049e-01
2.832432432432432279e+02 1.665542401991006449e-01
2.836036036036035739e+02 1.653795179484007505e-01
2.839639639639639768e+02 1.642097493254432439e-01
2.843243243243242659e+02 1.630451912726397778e-01
2.846846846846846688e+02 1.618861154226999277e-01
2.850450450450450148e+02 1.607328094566958798e-01
2.854054054054054177e+02 1.595855785997167542e-01
2.857657657657657069e+02 1.584447472690028724e-01
2.861261261261261097e+02 1.573106608909737858e-01
2.864864864864864558e+02 1.561836879051635985e-01
2.868468468468468018e+02 1.550642219747309924e-01
2.872072072072072046e+02 1.539526844249211046e-01
2.875675675675675507e+02 1.528495269325456929e-01
2.879279279279278967e+02 1.517552344911128615e-01
2.882882882882882427e+02 1.506703286776399642e-01
2.886486486486486456e+02 1.495953712481735698e-01
2.890090090090089348e+02 1.485309680895199047e-01
2.893693693693693376e+02 1.474777735542314172e-01
2.897297297297296836e+02 1.464364952042905565e-01
2.900900900900900865e+02 1.454078989855061010e-01
2.904504504504503757e+02 1.443928148488761443e-01
2.908108108108108354e+02 1.433921428261517861e-01
2.911711711711711814e+02 1.424068595535654680e-01
2.915315315315315274e+02 1.414380252188102149e-01
2.918918918918918735e+02 1.404867908803429377e-01
2.922522522522522195e+02 1.395544060730546931e-01
2.926126126126126223e+02 1.386422265682234756e-01
2.929729729729729684e+02 1.377517220962304056e-01
2.933333333333333144e+02 1.368844837655781577e-01
2.936936936936936604e+02 1.360422308196846675e-01
2.940540540540540064e+02 1.352268162628514625e-01
2.944144144144143524e+02 1.344402307600455482e-01
2.947747747747747553e+02 1.336846040755615417e-01
2.951351351351351013e+02 1.329622031719642217e-01
2.954954954954955042e+02 1.322754259573622471e-01
2.958558558558558502e+02 1.316267895682621536e-01
2.962162162162161962e+02 1.310189120375248317e-01
2.965765765765765991e+02 1.304544862607177891e-01
2.969369369369369451e+02 1.299362453824892960e-01
2.972972972972972912e+02 1.294669191183029366e-01
2.976576576576576372e+02 1.290491811334518457e-01
2.980180180180179832e+02 1.286855884199860078e-01
2.983783783783783292e+02 1.283785145983578624e-01
2.987387387387387321e+02 1.281300801243444587e-01
2.990990990990990781e+02 1.279420833479974484e-01
2.994594594594594241e+02 1.278159370580801701e-01
2.998198198198197701e+02 1.277526153621083849e-01
3.001801801801801162e+02 1.277526153621080796e-01
3.005405405405405759e+02 1.278159370580802534e-01
3.009009009009008651e+02 1.279420833479970876e-01
3.012612612612612679e+02 1.281300801243443199e-01
3.016216216216216139e+02 1.283785145983579179e-01
3.019819819819819600e+02 1.286855884199856470e-01
3.023423423423423060e+02 1.290491811334519012e-01
3.027027027027027088e+02 1.294669191183025758e-01
3.030630630630630549e+02 1.299362453824890185e-01
3.034234234234234009e+02 1.304544862607180111e-01
3.037837837837837469e+02 1.310189120375245264e-01
3.041441441441440929e+02 1.316267895682620703e-01
3.045045045045044958e+02 1.322754259573621083e-01
3.048648648648648418e+02 1.329622031719637221e-01
3.052252252252252447e+02 1.336846040755613196e-01
3.055855855855855339e+02 1.344402307600453261e-01
3.059459459459459367e+02 1.352268162628514625e-01
3.063063063063062827e+02 1.360422308196841679e-01
3.066666666666666856e+02 1.368844837655782409e-01
3.070270270270269748e+02 1.377517220962299060e-01
3.073873873873873777e+02 1.386422265682236699e-01
3.077477477477477237e+02 1.395544060730544156e-01
3.081081081081081265e+02 1.404867908803427989e-01
3.084684684684684157e+02 1.414380252188100762e-01
3.088288288288288186e+02 1.424068595535652459e-01
3.091891891891891646e+02 1.433921428261515085e-01
3.095495495495495106e+02 1.443928148488756447e-01
3.099099099099099135e+02 1.454078989855059623e-01
3.102702702702702595e+02 1.464364952042903345e-01
3.106306306306306055e+02 1.474777735542313339e-01
3.109909909909909516e+02 1.485309680895199880e-01
3.113513513513513544e+02 1.495953712481732922e-01
3.117117117117116436e+02 1.506703286776390205e-01
3.120720720720720465e+02 1.517552344911130002e-01
3.124324324324323925e+02 1.528495269325455541e-01
3.127927927927927954e+02 1.539526844249205773e-01
3.131531531531530845e+02 1.550642219747306871e-01
3.135135135135134874e+02 1.561836879051633209e-01
3.138738738738738903e+02 1.573106608909731197e-01
3.142342342342342363e+02 1.584447472690025116e-01
3.145945945945945823e+02 1.595855785997166709e-01
3.149549549549549283e+02 1.607328094566956023e-01
3.153153153153152743e+02 1.618861154226992061e-01
3.156756756756756204e+02 1.630451912726392505e-01
3.160360360360360232e+02 1.642097493254430773e-01
3.163963963963963693e+02 1.653795179484006672e-01
3.167567567567567153e+02 1.665542401991003674e-01
3.171171171171170613e+02 1.677336725914508886e-01
3.174774774774774642e+02 1.689175839736010154e-01
3.178378378378377533e+02 1.701057545067561905e-01
3.181981981981982130e+02 1.712979747349767101e-01
3.185585585585585591e+02 1.724940447370325591e-01
3.189189189189189051e+02 1.736937733522870009e-01
3.192792792792792511e+02 1.748969774733803717e-01
3.196396396396395971e+02 1.761034813992148063e-01
3.200000000000000000e+02 1.773131162424048390e-01
3.203603603603603460e+02 1.785257193859177138e-01
3.207207207207206920e+02 1.797411339841858691e-01
3.210810810810810381e+02 1.809592085044149090e-01
3.214414414414414409e+02 1.821797963042501578e-01
3.218018018018017870e+02 1.834027552423364016e-01
3.221621621621621330e+02 1.846279473186346609e-01
3.225225225225224790e+02 1.858552383416769149e-01
3.228828828828828250e+02 1.870844976201908871e-01
3.232432432432432847e+02 1.883155976767838802e-01
3.236036036036035739e+02 1.895484139815730162e-01
3.239639639639639768e+02 1.907828247038626801e-01
3.243243243243243228e+02 1.920187104801145961e-01
3.246846846846846688e+02 1.932559541966335503e-01
3.250450450450450148e+02 1.944944407855157542e-01
3.254054054054054177e+02 1.957340570325238616e-01
3.257657657657657637e+02 1.969746913956781087e-01
3.261261261261260529e+02 1.982162338334273743e-01
3.264864864864864558e+02 1.994585756413674027e-01
3.268468468468468018e+02 2.007016092965386855e-01
3.272072072072072046e+02 2.019452283084055000e-01
3.275675675675675507e+02 2.031893270756732761e-01
3.279279279279279535e+02 2.044338007481617259e-01
3.282882882882882427e+02 2.056785450929770331e-01
3.286486486486486456e+02 2.069234563642853297e-01
3.290090090090089916e+02 2.081684311760001738e-01
3.293693693693693376e+02 2.094133663767414333e-01
3.297297297297296836e+02 2.106581589264283905e-01
3.300900900900900865e+02 2.119027057738947506e-01
3.304504504504504325e+02 2.131469037349200124e-01
3.308108108108108354e+02 2.143906493700821758e-01
3.311711711711711246e+02 2.156338388618289359e-01
3.315315315315314706e+02 2.168763678901747538e-01
3.318918918918918735e+02 2.181181315064122939e-01
3.322522522522522195e+02 2.193590240042219697e-01
3.326126126126126223e+02 2.205989387875396113e-01
3.329729729729729684e+02 2.218377682345344937e-01
3.333333333333333144e+02 2.230754035570031713e-01
3.336936936936936604e+02 2.243117346544711843e-01
3.340540540540540633e+02 2.255466499622489907e-01
3.344144144144143524e+02 2.267800362926480906e-01
3.347747747747747553e+02 2.280117786685100234e-01
3.351351351351351013e+02 2.292417601481509526e-01
3.354954954954955042e+02 2.304698616407567791e-01
3.358558558558557934e+02 2.316959617111994940e-01
3.362162162162162531e+02 2.329199363731521699e-01
3.365765765765765423e+02 2.341416588693095158e-01
3.369369369369368883e+02 2.353609994374119274e-01
3.372972972972972912e+02 2.365778250606530297e-01
3.376576576576576372e+02 2.377919992009552286e-01
3.380180180180179832e+02 2.390033815134326722e-01
3.383783783783783861e+02 2.402118275402359837e-01
3.387387387387387321e+02 2.414171883817895214e-01
3.390990990990990213e+02 2.426193103432694176e-01
3.394594594594594241e+02 2.438180345539549543e-01
3.398198198198197701e+02 2.450131965568716208e-01
3.401801801801801730e+02 2.462046258659028042e-01
3.405405405405405190e+02 2.473921454872815562e-01
3.409009009009009219e+02 2.485755714020755347e-01
3.412612612612612111e+02 2.497547120059731562e-01
3.416216216216215571e+02 2.509293675023134829e-01
3.419819819819820168e+02 2.520993292439376310e-01
3.423423423423423060e+02 2.532643790190268196e-01
3.427027027027026520e+02 2.544242882756410085e-01
3.430630630630630549e+02 2.555788172792008428e-01
3.434234234234234009e+02 2.567277141966502474e-01
3.437837837837838038e+02 2.578707141004834003e-01
3.441441441441441498e+02 2.590075378852671473e-01
3.445045045045044390e+02 2.601378910886837925e-01
3.448648648648648418e+02 2.612614626085297265e-01
3.452252252252251878e+02 2.623779233064911232e-01
3.455855855855855339e+02 2.634869244889291306e-01
3.459459459459459367e+02 2.645880962543670778e-01
3.463063063063062827e+02 2.656810456968941581e-01
3.466666666666666856e+02 2.667653549543313463e-01
3.470270270270269748e+02 2.678405790898406025e-01
3.473873873873874345e+02 2.689062437957034368e-01
3.477477477477477237e+02 2.699618429083967541e-01
3.481081081081080697e+02 2.710068357249755810e-01
3.484684684684684726e+02 2.720406441122229513e-01
3.488288288288288186e+02 2.730626494023340456e-01
3.491891891891891078e+02 2.740721890722000453e-01
3.495495495495495675e+02 2.750685532080130447e-01
3.499099099099098567e+02 2.760509807632056667e-01
3.502702702702702027e+02 2.770186556261490796e-01
3.506306306306306055e+02 2.779707025249278374e-01
3.509909909909909516e+02 2.789061828105541818e-01
3.513513513513513544e+02 2.798240901776266609e-01
3.517117117117117004e+02 2.807233464033856429e-01
3.520720720720721033e+02 2.816027972128662404e-01
3.524324324324323925e+02 2.824612084099359377e-01
3.527927927927927385e+02 2.832972624516025828e-01
3.531531531531531414e+02 2.841095556860841476e-01
3.535135135135134874e+02 2.848965965228983932e-01
3.538738738738738334e+02 2.856568048542400540e-01
3.542342342342342363e+02 2.863885130983353511e-01
3.545945945945945255e+02 2.870899692831229699e-01
3.549549549549548715e+02 2.877593426264865029e-01
3.553153153153153312e+02 2.883947320892883970e-01
3.556756756756756204e+02 2.889941783697602129e-01
3.560360360360360232e+02 2.895556797609903366e-01
3.563963963963963693e+02 2.900772121956090577e-01
3.567567567567567721e+02 2.905567536430367359e-01
3.571171171171170613e+02 2.909923127986128732e-01
3.574774774774774642e+02 2.913819617115390170e-01
3.578378378378378102e+02 2.917238716511957319e-01
3.581981981981981562e+02 2.920163511334042949e-01
3.585585585585585022e+02 2.922578846573196665e-01
3.589189189189189051e+02 2.924471703887607243e-01
3.592792792792791943e+02 2.925831548208224220e-01
3.596396396396396540e+02 2.926650623970313281e-01
3.600000000000000000e+02 2.926924182299652233e-01
