# Accumulated Berry phases using Wilson Loop method
# Theta (rad)	Theta (deg)	State 0	State 1	State 2	State 3
0.000000	0.000000	0.000000	0.000000	0.000000	0.000000
0.006289	0.360360	0.000000	-0.003145	-0.003145	0.000000
0.012579	0.720721	0.000000	-0.006289	-0.006289	0.000000
0.018868	1.081081	0.000000	-0.009434	-0.009434	0.000000
0.025158	1.441441	0.000000	-0.012579	-0.012579	0.000000
0.031447	1.801802	0.000000	-0.015724	-0.015724	0.000000
0.037737	2.162162	0.000000	-0.018868	-0.018868	0.000000
0.044026	2.522523	0.000000	-0.022013	-0.022013	0.000000
0.050316	2.882883	0.000000	-0.025158	-0.025158	0.000000
0.056605	3.243243	0.000000	-0.028303	-0.028303	0.000000
0.062895	3.603604	0.000000	-0.031447	-0.031447	0.000000
0.069184	3.963964	0.000000	-0.034592	-0.034592	0.000000
0.075474	4.324324	0.000000	-0.037737	-0.037737	0.000000
0.081763	4.684685	0.000000	-0.040882	-0.040882	0.000000
0.088053	5.045045	0.000000	-0.044026	-0.044026	0.000000
0.094342	5.405405	0.000000	-0.047171	-0.047171	0.000000
0.100632	5.765766	0.000000	-0.050316	-0.050316	0.000000
0.106921	6.126126	0.000000	-0.053461	-0.053461	0.000000
0.113211	6.486486	0.000000	-0.056605	-0.056605	0.000000
0.119500	6.846847	0.000000	-0.059750	-0.059750	0.000000
0.125789	7.207207	0.000000	-0.062895	-0.062895	0.000000
0.132079	7.567568	0.000000	-0.066039	-0.066039	0.000000
0.138368	7.927928	0.000000	-0.069184	-0.069184	0.000000
0.144658	8.288288	0.000000	-0.072329	-0.072329	0.000000
0.150947	8.648649	0.000000	-0.075474	-0.075474	0.000000
0.157237	9.009009	0.000000	-0.078618	-0.078618	0.000000
0.163526	9.369369	0.000000	-0.081763	-0.081763	0.000000
0.169816	9.729730	0.000000	-0.084908	-0.084908	0.000000
0.176105	10.090090	0.000000	-0.088053	-0.088053	0.000000
0.182395	10.450450	0.000000	-0.091197	-0.091197	0.000000
0.188684	10.810811	0.000000	-0.094342	-0.094342	0.000000
0.194974	11.171171	0.000000	-0.097487	-0.097487	0.000000
0.201263	11.531532	0.000000	-0.100632	-0.100632	0.000000
0.207553	11.891892	0.000000	-0.103776	-0.103776	0.000000
0.213842	12.252252	0.000000	-0.106921	-0.106921	0.000000
0.220132	12.612613	0.000000	-0.110066	-0.110066	0.000000
0.226421	12.972973	0.000000	-0.113211	-0.113211	0.000000
0.232711	13.333333	0.000000	-0.116355	-0.116355	0.000000
0.239000	13.693694	0.000000	-0.119500	-0.119500	0.000000
0.245290	14.054054	0.000000	-0.122645	-0.122645	0.000000
0.251579	14.414414	0.000000	-0.125789	-0.125789	0.000000
0.257868	14.774775	0.000000	-0.128934	-0.128934	0.000000
0.264158	15.135135	0.000000	-0.132079	-0.132079	0.000000
0.270447	15.495495	0.000000	-0.135224	-0.135224	0.000000
0.276737	15.855856	0.000000	-0.138368	-0.138368	0.000000
0.283026	16.216216	0.000000	-0.141513	-0.141513	0.000000
0.289316	16.576577	0.000000	-0.144658	-0.144658	0.000000
0.295605	16.936937	0.000000	-0.147803	-0.147803	0.000000
0.301895	17.297297	0.000000	-0.150947	-0.150947	0.000000
0.308184	17.657658	0.000000	-0.154092	-0.154092	0.000000
0.314474	18.018018	0.000000	-0.157237	-0.157237	0.000000
0.320763	18.378378	0.000000	-0.160382	-0.160382	0.000000
0.327053	18.738739	0.000000	-0.163526	-0.163526	0.000000
0.333342	19.099099	0.000000	-0.166671	-0.166671	0.000000
0.339632	19.459459	0.000000	-0.169816	-0.169816	0.000000
0.345921	19.819820	0.000000	-0.172961	-0.172961	0.000000
0.352211	20.180180	0.000000	-0.176105	-0.176105	0.000000
0.358500	20.540541	0.000000	-0.179250	-0.179250	0.000000
0.364790	20.900901	0.000000	-0.182395	-0.182395	0.000000
0.371079	21.261261	0.000000	-0.185540	-0.185540	0.000000
0.377368	21.621622	0.000000	-0.188684	-0.188684	0.000000
0.383658	21.981982	0.000000	-0.191829	-0.191829	0.000000
0.389947	22.342342	0.000000	-0.194974	-0.194974	0.000000
0.396237	22.702703	0.000000	-0.198118	-0.198118	0.000000
0.402526	23.063063	0.000000	-0.201263	-0.201263	0.000000
0.408816	23.423423	0.000000	-0.204408	-0.204408	0.000000
0.415105	23.783784	0.000000	-0.207553	-0.207553	0.000000
0.421395	24.144144	0.000000	-0.210697	-0.210697	0.000000
0.427684	24.504505	0.000000	-0.213842	-0.213842	0.000000
0.433974	24.864865	0.000000	-0.216987	-0.216987	0.000000
0.440263	25.225225	0.000000	-0.220132	-0.220132	0.000000
0.446553	25.585586	0.000000	-0.223276	-0.223276	0.000000
0.452842	25.945946	0.000000	-0.226421	-0.226421	0.000000
0.459132	26.306306	0.000000	-0.229566	-0.229566	0.000000
0.465421	26.666667	0.000000	-0.232711	-0.232711	0.000000
0.471711	27.027027	0.000000	-0.235855	-0.235855	0.000000
0.478000	27.387387	0.000000	-0.239000	-0.239000	0.000000
0.484290	27.747748	0.000000	-0.242145	-0.242145	0.000000
0.490579	28.108108	0.000000	-0.245290	-0.245290	0.000000
0.496869	28.468468	0.000000	-0.248434	-0.248434	0.000000
0.503158	28.828829	0.000000	-0.251579	-0.251579	0.000000
0.509447	29.189189	0.000000	-0.254724	-0.254724	0.000000
0.515737	29.549550	0.000000	-0.257868	-0.257868	0.000000
0.522026	29.909910	0.000000	-0.261013	-0.261013	0.000000
0.528316	30.270270	0.000000	-0.264158	-0.264158	0.000000
0.534605	30.630631	0.000000	-0.267303	-0.267303	0.000000
0.540895	30.990991	0.000000	-0.270447	-0.270447	0.000000
0.547184	31.351351	0.000000	-0.273592	-0.273592	0.000000
0.553474	31.711712	0.000000	-0.276737	-0.276737	0.000000
0.559763	32.072072	0.000000	-0.279882	-0.279882	0.000000
0.566053	32.432432	0.000000	-0.283026	-0.283026	0.000000
0.572342	32.792793	0.000000	-0.286171	-0.286171	0.000000
0.578632	33.153153	0.000000	-0.289316	-0.289316	0.000000
0.584921	33.513514	0.000000	-0.292461	-0.292461	0.000000
0.591211	33.873874	0.000000	-0.295605	-0.295605	0.000000
0.597500	34.234234	0.000000	-0.298750	-0.298750	0.000000
0.603790	34.594595	0.000000	-0.301895	-0.301895	0.000000
0.610079	34.954955	0.000000	-0.305040	-0.305040	0.000000
0.616369	35.315315	0.000000	-0.308184	-0.308184	0.000000
0.622658	35.675676	0.000000	-0.311329	-0.311329	0.000000
0.628947	36.036036	0.000000	-0.314474	-0.314474	0.000000
0.635237	36.396396	0.000000	-0.317618	-0.317618	0.000000
0.641526	36.756757	0.000000	-0.320763	-0.320763	0.000000
0.647816	37.117117	0.000000	-0.323908	-0.323908	0.000000
0.654105	37.477477	0.000000	-0.327053	-0.327053	0.000000
0.660395	37.837838	0.000000	-0.330197	-0.330197	0.000000
0.666684	38.198198	0.000000	-0.333342	-0.333342	0.000000
0.672974	38.558559	0.000000	-0.336487	-0.336487	0.000000
0.679263	38.918919	0.000000	-0.339632	-0.339632	0.000000
0.685553	39.279279	0.000000	-0.342776	-0.342776	0.000000
0.691842	39.639640	0.000000	-0.345921	-0.345921	0.000000
0.698132	40.000000	0.000000	-0.349066	-0.349066	0.000000
0.704421	40.360360	0.000000	-0.352211	-0.352211	0.000000
0.710711	40.720721	0.000000	-0.355355	-0.355355	0.000000
0.717000	41.081081	0.000000	-0.358500	-0.358500	0.000000
0.723290	41.441441	0.000000	-0.361645	-0.361645	0.000000
0.729579	41.801802	0.000000	-0.364790	-0.364790	0.000000
0.735869	42.162162	0.000000	-0.367934	-0.367934	0.000000
0.742158	42.522523	0.000000	-0.371079	-0.371079	0.000000
0.748447	42.882883	0.000000	-0.374224	-0.374224	0.000000
0.754737	43.243243	0.000000	-0.377368	-0.377368	0.000000
0.761026	43.603604	0.000000	-0.380513	-0.380513	0.000000
0.767316	43.963964	0.000000	-0.383658	-0.383658	0.000000
0.773605	44.324324	0.000000	-0.386803	-0.386803	0.000000
0.779895	44.684685	0.000000	-0.389947	-0.389947	0.000000
0.786184	45.045045	0.000000	-0.393092	-0.393092	0.000000
0.792474	45.405405	0.000000	-0.396237	-0.396237	0.000000
0.798763	45.765766	0.000000	-0.399382	-0.399382	0.000000
0.805053	46.126126	0.000000	-0.402526	-0.402526	0.000000
0.811342	46.486486	0.000000	-0.405671	-0.405671	0.000000
0.817632	46.846847	0.000000	-0.408816	-0.408816	0.000000
0.823921	47.207207	0.000000	-0.411961	-0.411961	0.000000
0.830211	47.567568	0.000000	-0.415105	-0.415105	0.000000
0.836500	47.927928	0.000000	-0.418250	-0.418250	0.000000
0.842790	48.288288	0.000000	-0.421395	-0.421395	0.000000
0.849079	48.648649	0.000000	-0.424540	-0.424540	0.000000
0.855369	49.009009	0.000000	-0.427684	-0.427684	0.000000
0.861658	49.369369	0.000000	-0.430829	-0.430829	0.000000
0.867948	49.729730	0.000000	-0.433974	-0.433974	0.000000
0.874237	50.090090	0.000000	-0.437118	-0.437118	0.000000
0.880526	50.450450	0.000000	-0.440263	-0.440263	0.000000
0.886816	50.810811	0.000000	-0.443408	-0.443408	0.000000
0.893105	51.171171	0.000000	-0.446553	-0.446553	0.000000
0.899395	51.531532	0.000000	-0.449697	-0.449697	0.000000
0.905684	51.891892	0.000000	-0.452842	-0.452842	0.000000
0.911974	52.252252	0.000000	-0.455987	-0.455987	0.000000
0.918263	52.612613	0.000000	-0.459132	-0.459132	0.000000
0.924553	52.972973	0.000000	-0.462276	-0.462276	0.000000
0.930842	53.333333	0.000000	-0.465421	-0.465421	0.000000
0.937132	53.693694	0.000000	-0.468566	-0.468566	0.000000
0.943421	54.054054	0.000000	-0.471711	-0.471711	0.000000
0.949711	54.414414	0.000000	-0.474855	-0.474855	0.000000
0.956000	54.774775	0.000000	-0.478000	-0.478000	0.000000
0.962290	55.135135	0.000000	-0.481145	-0.481145	0.000000
0.968579	55.495495	0.000000	-0.484290	-0.484290	0.000000
0.974869	55.855856	0.000000	-0.487434	-0.487434	0.000000
0.981158	56.216216	0.000000	-0.490579	-0.490579	0.000000
0.987448	56.576577	0.000000	-0.493724	-0.493724	0.000000
0.993737	56.936937	0.000000	-0.496869	-0.496869	0.000000
1.000026	57.297297	0.000000	-0.500013	-0.500013	0.000000
1.006316	57.657658	0.000000	-0.503158	-0.503158	0.000000
1.012605	58.018018	0.000000	-0.506303	-0.506303	0.000000
1.018895	58.378378	0.000000	-0.509447	-0.509447	0.000000
1.025184	58.738739	0.000000	-0.512592	-0.512592	0.000000
1.031474	59.099099	0.000000	-0.515737	-0.515737	0.000000
1.037763	59.459459	0.000000	-0.518882	-0.518882	0.000000
1.044053	59.819820	0.000000	-0.522026	-0.522026	0.000000
1.050342	60.180180	0.000000	-0.525171	-0.525171	0.000000
1.056632	60.540541	0.000000	-0.528316	-0.528316	0.000000
1.062921	60.900901	0.000000	-0.531461	-0.531461	0.000000
1.069211	61.261261	0.000000	-0.534605	-0.534605	0.000000
1.075500	61.621622	0.000000	-0.537750	-0.537750	0.000000
1.081790	61.981982	0.000000	-0.540895	-0.540895	0.000000
1.088079	62.342342	0.000000	-0.544040	-0.544040	0.000000
1.094369	62.702703	0.000000	-0.547184	-0.547184	0.000000
1.100658	63.063063	0.000000	-0.550329	-0.550329	0.000000
1.106948	63.423423	0.000000	-0.553474	-0.553474	0.000000
1.113237	63.783784	0.000000	-0.556619	-0.556619	0.000000
1.119527	64.144144	0.000000	-0.559763	-0.559763	0.000000
1.125816	64.504505	0.000000	-0.562908	-0.562908	0.000000
1.132105	64.864865	0.000000	-0.566053	-0.566053	0.000000
1.138395	65.225225	0.000000	-0.569197	-0.569197	0.000000
1.144684	65.585586	0.000000	-0.572342	-0.572342	0.000000
1.150974	65.945946	0.000000	-0.575487	-0.575487	0.000000
1.157263	66.306306	0.000000	-0.578632	-0.578632	0.000000
1.163553	66.666667	0.000000	-0.581776	-0.581776	0.000000
1.169842	67.027027	0.000000	-0.584921	-0.584921	0.000000
1.176132	67.387387	0.000000	-0.588066	-0.588066	0.000000
1.182421	67.747748	0.000000	-0.591211	-0.591211	0.000000
1.188711	68.108108	0.000000	-0.594355	-0.594355	0.000000
1.195000	68.468468	0.000000	-0.597500	-0.597500	0.000000
1.201290	68.828829	0.000000	-0.600645	-0.600645	0.000000
1.207579	69.189189	0.000000	-0.603790	-0.603790	0.000000
1.213869	69.549550	0.000000	-0.606934	-0.606934	0.000000
1.220158	69.909910	0.000000	-0.610079	-0.610079	0.000000
1.226448	70.270270	0.000000	-0.613224	-0.613224	0.000000
1.232737	70.630631	0.000000	-0.616369	-0.616369	0.000000
1.239027	70.990991	0.000000	-0.619513	-0.619513	0.000000
1.245316	71.351351	0.000000	-0.622658	-0.622658	0.000000
1.251605	71.711712	0.000000	-0.625803	-0.625803	0.000000
1.257895	72.072072	0.000000	-0.628947	-0.628947	0.000000
1.264184	72.432432	0.000000	-0.632092	-0.632092	0.000000
1.270474	72.792793	0.000000	-0.635237	-0.635237	0.000000
1.276763	73.153153	0.000000	-0.638382	-0.638382	0.000000
1.283053	73.513514	0.000000	-0.641526	-0.641526	0.000000
1.289342	73.873874	0.000000	-0.644671	-0.644671	0.000000
1.295632	74.234234	0.000000	-0.647816	-0.647816	0.000000
1.301921	74.594595	0.000000	-0.650961	-0.650961	0.000000
1.308211	74.954955	0.000000	-0.654105	-0.654105	0.000000
1.314500	75.315315	0.000000	-0.657250	-0.657250	0.000000
1.320790	75.675676	0.000000	-0.660395	-0.660395	0.000000
1.327079	76.036036	0.000000	-0.663540	-0.663540	0.000000
1.333369	76.396396	0.000000	-0.666684	-0.666684	0.000000
1.339658	76.756757	0.000000	-0.669829	-0.669829	0.000000
1.345948	77.117117	0.000000	-0.672974	-0.672974	0.000000
1.352237	77.477477	0.000000	-0.676119	-0.676119	0.000000
1.358527	77.837838	0.000000	-0.679263	-0.679263	0.000000
1.364816	78.198198	0.000000	-0.682408	-0.682408	0.000000
1.371106	78.558559	0.000000	-0.685553	-0.685553	0.000000
1.377395	78.918919	0.000000	-0.688697	-0.688697	0.000000
1.383684	79.279279	0.000000	-0.691842	-0.691842	0.000000
1.389974	79.639640	0.000000	-0.694987	-0.694987	0.000000
1.396263	80.000000	0.000000	-0.698132	-0.698132	0.000000
1.402553	80.360360	0.000000	-0.701276	-0.701276	0.000000
1.408842	80.720721	0.000000	-0.704421	-0.704421	0.000000
1.415132	81.081081	0.000000	-0.707566	-0.707566	0.000000
1.421421	81.441441	0.000000	-0.710711	-0.710711	0.000000
1.427711	81.801802	0.000000	-0.713855	-0.713855	0.000000
1.434000	82.162162	0.000000	-0.717000	-0.717000	0.000000
1.440290	82.522523	0.000000	-0.720145	-0.720145	0.000000
1.446579	82.882883	0.000000	-0.723290	-0.723290	0.000000
1.452869	83.243243	0.000000	-0.726434	-0.726434	0.000000
1.459158	83.603604	0.000000	-0.729579	-0.729579	0.000000
1.465448	83.963964	0.000000	-0.732724	-0.732724	0.000000
1.471737	84.324324	0.000000	-0.735869	-0.735869	0.000000
1.478027	84.684685	0.000000	-0.739013	-0.739013	0.000000
1.484316	85.045045	0.000000	-0.742158	-0.742158	0.000000
1.490606	85.405405	0.000000	-0.745303	-0.745303	0.000000
1.496895	85.765766	0.000000	-0.748447	-0.748447	0.000000
1.503184	86.126126	0.000000	-0.751592	-0.751592	0.000000
1.509474	86.486486	0.000000	-0.754737	-0.754737	0.000000
1.515763	86.846847	0.000000	-0.757882	-0.757882	0.000000
1.522053	87.207207	0.000000	-0.761026	-0.761026	0.000000
1.528342	87.567568	0.000000	-0.764171	-0.764171	0.000000
1.534632	87.927928	0.000000	-0.767316	-0.767316	0.000000
1.540921	88.288288	0.000000	-0.770461	-0.770461	0.000000
1.547211	88.648649	0.000000	-0.773605	-0.773605	0.000000
1.553500	89.009009	0.000000	-0.776750	-0.776750	0.000000
1.559790	89.369369	0.000000	-0.779895	-0.779895	0.000000
1.566079	89.729730	0.000000	-0.783040	-0.783040	0.000000
1.572369	90.090090	0.000000	-0.786184	-0.786184	0.000000
1.578658	90.450450	0.000000	-0.789329	-0.789329	0.000000
1.584948	90.810811	0.000000	-0.792474	-0.792474	0.000000
1.591237	91.171171	0.000000	-0.795619	-0.795619	0.000000
1.597527	91.531532	0.000000	-0.798763	-0.798763	0.000000
1.603816	91.891892	0.000000	-0.801908	-0.801908	0.000000
1.610106	92.252252	0.000000	-0.805053	-0.805053	0.000000
1.616395	92.612613	0.000000	-0.808198	-0.808198	0.000000
1.622684	92.972973	0.000000	-0.811342	-0.811342	0.000000
1.628974	93.333333	0.000000	-0.814487	-0.814487	0.000000
1.635263	93.693694	0.000000	-0.817632	-0.817632	0.000000
1.641553	94.054054	0.000000	-0.820776	-0.820776	0.000000
1.647842	94.414414	0.000000	-0.823921	-0.823921	0.000000
1.654132	94.774775	0.000000	-0.827066	-0.827066	0.000000
1.660421	95.135135	0.000000	-0.830211	-0.830211	0.000000
1.666711	95.495495	0.000000	-0.833355	-0.833355	0.000000
1.673000	95.855856	0.000000	-0.836500	-0.836500	0.000000
1.679290	96.216216	0.000000	-0.839645	-0.839645	0.000000
1.685579	96.576577	0.000000	-0.842790	-0.842790	0.000000
1.691869	96.936937	0.000000	-0.845934	-0.845934	0.000000
1.698158	97.297297	0.000000	-0.849079	-0.849079	0.000000
1.704448	97.657658	0.000000	-0.852224	-0.852224	0.000000
1.710737	98.018018	0.000000	-0.855369	-0.855369	0.000000
1.717027	98.378378	0.000000	-0.858513	-0.858513	0.000000
1.723316	98.738739	0.000000	-0.861658	-0.861658	0.000000
1.729606	99.099099	0.000000	-0.864803	-0.864803	0.000000
1.735895	99.459459	0.000000	-0.867948	-0.867948	0.000000
1.742185	99.819820	0.000000	-0.871092	-0.871092	0.000000
1.748474	100.180180	0.000000	-0.874237	-0.874237	0.000000
1.754763	100.540541	0.000000	-0.877382	-0.877382	0.000000
1.761053	100.900901	0.000000	-0.880526	-0.880526	0.000000
1.767342	101.261261	0.000000	-0.883671	-0.883671	0.000000
1.773632	101.621622	0.000000	-0.886816	-0.886816	0.000000
1.779921	101.981982	0.000000	-0.889961	-0.889961	0.000000
1.786211	102.342342	0.000000	-0.893105	-0.893105	0.000000
1.792500	102.702703	0.000000	-0.896250	-0.896250	0.000000
1.798790	103.063063	0.000000	-0.899395	-0.899395	0.000000
1.805079	103.423423	0.000000	-0.902540	-0.902540	0.000000
1.811369	103.783784	0.000000	-0.905684	-0.905684	0.000000
1.817658	104.144144	0.000000	-0.908829	-0.908829	0.000000
1.823948	104.504505	0.000000	-0.911974	-0.911974	0.000000
1.830237	104.864865	0.000000	-0.915119	-0.915119	0.000000
1.836527	105.225225	0.000000	-0.918263	-0.918263	0.000000
1.842816	105.585586	0.000000	-0.921408	-0.921408	0.000000
1.849106	105.945946	0.000000	-0.924553	-0.924553	0.000000
1.855395	106.306306	0.000000	-0.927698	-0.927698	0.000000
1.861685	106.666667	0.000000	-0.930842	-0.930842	0.000000
1.867974	107.027027	0.000000	-0.933987	-0.933987	0.000000
1.874263	107.387387	0.000000	-0.937132	-0.937132	0.000000
1.880553	107.747748	0.000000	-0.940276	-0.940276	0.000000
1.886842	108.108108	0.000000	-0.943421	-0.943421	0.000000
1.893132	108.468468	0.000000	-0.946566	-0.946566	0.000000
1.899421	108.828829	0.000000	-0.949711	-0.949711	0.000000
1.905711	109.189189	0.000000	-0.952855	-0.952855	0.000000
1.912000	109.549550	0.000000	-0.956000	-0.956000	0.000000
1.918290	109.909910	0.000000	-0.959145	-0.959145	0.000000
1.924579	110.270270	0.000000	-0.962290	-0.962290	0.000000
1.930869	110.630631	0.000000	-0.965434	-0.965434	0.000000
1.937158	110.990991	0.000000	-0.968579	-0.968579	0.000000
1.943448	111.351351	0.000000	-0.971724	-0.971724	0.000000
1.949737	111.711712	0.000000	-0.974869	-0.974869	0.000000
1.956027	112.072072	0.000000	-0.978013	-0.978013	0.000000
1.962316	112.432432	0.000000	-0.981158	-0.981158	0.000000
1.968606	112.792793	0.000000	-0.984303	-0.984303	0.000000
1.974895	113.153153	0.000000	-0.987448	-0.987448	0.000000
1.981185	113.513514	0.000000	-0.990592	-0.990592	0.000000
1.987474	113.873874	0.000000	-0.993737	-0.993737	0.000000
1.993764	114.234234	0.000000	-0.996882	-0.996882	0.000000
2.000053	114.594595	0.000000	-1.000026	-1.000026	0.000000
2.006342	114.954955	0.000000	-1.003171	-1.003171	0.000000
2.012632	115.315315	0.000000	-1.006316	-1.006316	0.000000
2.018921	115.675676	0.000000	-1.009461	-1.009461	0.000000
2.025211	116.036036	0.000000	-1.012605	-1.012605	0.000000
2.031500	116.396396	0.000000	-1.015750	-1.015750	0.000000
2.037790	116.756757	0.000000	-1.018895	-1.018895	0.000000
2.044079	117.117117	0.000000	-1.022040	-1.022040	0.000000
2.050369	117.477477	0.000000	-1.025184	-1.025184	0.000000
2.056658	117.837838	0.000000	-1.028329	-1.028329	0.000000
2.062948	118.198198	0.000000	-1.031474	-1.031474	0.000000
2.069237	118.558559	0.000000	-1.034619	-1.034619	0.000000
2.075527	118.918919	0.000000	-1.037763	-1.037763	0.000000
2.081816	119.279279	0.000000	-1.040908	-1.040908	0.000000
2.088106	119.639640	0.000000	-1.044053	-1.044053	0.000000
2.094395	120.000000	0.000000	-1.047198	-1.047198	0.000000
2.100685	120.360360	0.000000	-1.050342	-1.050342	0.000000
2.106974	120.720721	0.000000	-1.053487	-1.053487	0.000000
2.113264	121.081081	0.000000	-1.056632	-1.056632	0.000000
2.119553	121.441441	0.000000	-1.059777	-1.059777	0.000000
2.125842	121.801802	0.000000	-1.062921	-1.062921	0.000000
2.132132	122.162162	0.000000	-1.066066	-1.066066	0.000000
2.138421	122.522523	0.000000	-1.069211	-1.069211	0.000000
2.144711	122.882883	0.000000	-1.072355	-1.072355	0.000000
2.151000	123.243243	0.000000	-1.075500	-1.075500	0.000000
2.157290	123.603604	0.000000	-1.078645	-1.078645	0.000000
2.163579	123.963964	0.000000	-1.081790	-1.081790	0.000000
2.169869	124.324324	0.000000	-1.084934	-1.084934	0.000000
2.176158	124.684685	0.000000	-1.088079	-1.088079	0.000000
2.182448	125.045045	0.000000	-1.091224	-1.091224	0.000000
2.188737	125.405405	0.000000	-1.094369	-1.094369	0.000000
2.195027	125.765766	0.000000	-1.097513	-1.097513	0.000000
2.201316	126.126126	0.000000	-1.100658	-1.100658	0.000000
2.207606	126.486486	0.000000	-1.103803	-1.103803	0.000000
2.213895	126.846847	0.000000	-1.106948	-1.106948	0.000000
2.220185	127.207207	0.000000	-1.110092	-1.110092	0.000000
2.226474	127.567568	0.000000	-1.113237	-1.113237	0.000000
2.232764	127.927928	0.000000	-1.116382	-1.116382	0.000000
2.239053	128.288288	0.000000	-1.119527	-1.119527	0.000000
2.245342	128.648649	0.000000	-1.122671	-1.122671	0.000000
2.251632	129.009009	0.000000	-1.125816	-1.125816	0.000000
2.257921	129.369369	0.000000	-1.128961	-1.128961	0.000000
2.264211	129.729730	0.000000	-1.132105	-1.132105	0.000000
2.270500	130.090090	0.000000	-1.135250	-1.135250	0.000000
2.276790	130.450450	0.000000	-1.138395	-1.138395	0.000000
2.283079	130.810811	0.000000	-1.141540	-1.141540	0.000000
2.289369	131.171171	0.000000	-1.144684	-1.144684	0.000000
2.295658	131.531532	0.000000	-1.147829	-1.147829	0.000000
2.301948	131.891892	0.000000	-1.150974	-1.150974	0.000000
2.308237	132.252252	0.000000	-1.154119	-1.154119	0.000000
2.314527	132.612613	0.000000	-1.157263	-1.157263	0.000000
2.320816	132.972973	0.000000	-1.160408	-1.160408	0.000000
2.327106	133.333333	0.000000	-1.163553	-1.163553	0.000000
2.333395	133.693694	0.000000	-1.166698	-1.166698	0.000000
2.339685	134.054054	0.000000	-1.169842	-1.169842	0.000000
2.345974	134.414414	0.000000	-1.172987	-1.172987	0.000000
2.352264	134.774775	0.000000	-1.176132	-1.176132	0.000000
2.358553	135.135135	0.000000	-1.179277	-1.179277	0.000000
2.364843	135.495495	0.000000	-1.182421	-1.182421	0.000000
2.371132	135.855856	0.000000	-1.185566	-1.185566	0.000000
2.377421	136.216216	0.000000	-1.188711	-1.188711	0.000000
2.383711	136.576577	0.000000	-1.191855	-1.191855	0.000000
2.390000	136.936937	0.000000	-1.195000	-1.195000	0.000000
2.396290	137.297297	0.000000	-1.198145	-1.198145	0.000000
2.402579	137.657658	0.000000	-1.201290	-1.201290	0.000000
2.408869	138.018018	0.000000	-1.204434	-1.204434	0.000000
2.415158	138.378378	0.000000	-1.207579	-1.207579	0.000000
2.421448	138.738739	0.000000	-1.210724	-1.210724	0.000000
2.427737	139.099099	0.000000	-1.213869	-1.213869	0.000000
2.434027	139.459459	0.000000	-1.217013	-1.217013	0.000000
2.440316	139.819820	0.000000	-1.220158	-1.220158	0.000000
2.446606	140.180180	0.000000	-1.223303	-1.223303	0.000000
2.452895	140.540541	0.000000	-1.226448	-1.226448	0.000000
2.459185	140.900901	0.000000	-1.229592	-1.229592	0.000000
2.465474	141.261261	0.000000	-1.232737	-1.232737	0.000000
2.471764	141.621622	0.000000	-1.235882	-1.235882	0.000000
2.478053	141.981982	0.000000	-1.239027	-1.239027	0.000000
2.484343	142.342342	0.000000	-1.242171	-1.242171	0.000000
2.490632	142.702703	0.000000	-1.245316	-1.245316	0.000000
2.496921	143.063063	0.000000	-1.248461	-1.248461	0.000000
2.503211	143.423423	0.000000	-1.251605	-1.251605	0.000000
2.509500	143.783784	0.000000	-1.254750	-1.254750	0.000000
2.515790	144.144144	0.000000	-1.257895	-1.257895	0.000000
2.522079	144.504505	0.000000	-1.261040	-1.261040	0.000000
2.528369	144.864865	0.000000	-1.264184	-1.264184	0.000000
2.534658	145.225225	0.000000	-1.267329	-1.267329	0.000000
2.540948	145.585586	0.000000	-1.270474	-1.270474	0.000000
2.547237	145.945946	0.000000	-1.273619	-1.273619	0.000000
2.553527	146.306306	0.000000	-1.276763	-1.276763	0.000000
2.559816	146.666667	0.000000	-1.279908	-1.279908	0.000000
2.566106	147.027027	0.000000	-1.283053	-1.283053	0.000000
2.572395	147.387387	0.000000	-1.286198	-1.286198	0.000000
2.578685	147.747748	0.000000	-1.289342	-1.289342	0.000000
2.584974	148.108108	0.000000	-1.292487	-1.292487	0.000000
2.591264	148.468468	0.000000	-1.295632	-1.295632	0.000000
2.597553	148.828829	0.000000	-1.298777	-1.298777	0.000000
2.603843	149.189189	0.000000	-1.301921	-1.301921	0.000000
2.610132	149.549550	0.000000	-1.305066	-1.305066	0.000000
2.616422	149.909910	0.000000	-1.308211	-1.308211	0.000000
2.622711	150.270270	0.000000	-1.311355	-1.311355	0.000000
2.629000	150.630631	0.000000	-1.314500	-1.314500	0.000000
2.635290	150.990991	0.000000	-1.317645	-1.317645	0.000000
2.641579	151.351351	0.000000	-1.320790	-1.320790	0.000000
2.647869	151.711712	0.000000	-1.323934	-1.323934	0.000000
2.654158	152.072072	0.000000	-1.327079	-1.327079	0.000000
2.660448	152.432432	0.000000	-1.330224	-1.330224	0.000000
2.666737	152.792793	0.000000	-1.333369	-1.333369	0.000000
2.673027	153.153153	0.000000	-1.336513	-1.336513	0.000000
2.679316	153.513514	0.000000	-1.339658	-1.339658	0.000000
2.685606	153.873874	0.000000	-1.342803	-1.342803	0.000000
2.691895	154.234234	0.000000	-1.345948	-1.345948	0.000000
2.698185	154.594595	0.000000	-1.349092	-1.349092	0.000000
2.704474	154.954955	0.000000	-1.352237	-1.352237	0.000000
2.710764	155.315315	0.000000	-1.355382	-1.355382	0.000000
2.717053	155.675676	0.000000	-1.358527	-1.358527	0.000000
2.723343	156.036036	0.000000	-1.361671	-1.361671	0.000000
2.729632	156.396396	0.000000	-1.364816	-1.364816	0.000000
2.735922	156.756757	0.000000	-1.367961	-1.367961	0.000000
2.742211	157.117117	0.000000	-1.371106	-1.371106	0.000000
2.748500	157.477477	0.000000	-1.374250	-1.374250	0.000000
2.754790	157.837838	0.000000	-1.377395	-1.377395	0.000000
2.761079	158.198198	0.000000	-1.380540	-1.380540	0.000000
2.767369	158.558559	0.000000	-1.383684	-1.383684	0.000000
2.773658	158.918919	0.000000	-1.386829	-1.386829	0.000000
2.779948	159.279279	0.000000	-1.389974	-1.389974	0.000000
2.786237	159.639640	0.000000	-1.393119	-1.393119	0.000000
2.792527	160.000000	0.000000	-1.396263	-1.396263	0.000000
2.798816	160.360360	0.000000	-1.399408	-1.399408	0.000000
2.805106	160.720721	0.000000	-1.402553	-1.402553	0.000000
2.811395	161.081081	0.000000	-1.405698	-1.405698	0.000000
2.817685	161.441441	0.000000	-1.408842	-1.408842	0.000000
2.823974	161.801802	0.000000	-1.411987	-1.411987	0.000000
2.830264	162.162162	0.000000	-1.415132	-1.415132	0.000000
2.836553	162.522523	0.000000	-1.418277	-1.418277	0.000000
2.842843	162.882883	0.000000	-1.421421	-1.421421	0.000000
2.849132	163.243243	0.000000	-1.424566	-1.424566	0.000000
2.855422	163.603604	0.000000	-1.427711	-1.427711	0.000000
2.861711	163.963964	0.000000	-1.430856	-1.430856	0.000000
2.868001	164.324324	0.000000	-1.434000	-1.434000	0.000000
2.874290	164.684685	0.000000	-1.437145	-1.437145	0.000000
2.880579	165.045045	0.000000	-1.440290	-1.440290	0.000000
2.886869	165.405405	0.000000	-1.443434	-1.443434	0.000000
2.893158	165.765766	0.000000	-1.446579	-1.446579	0.000000
2.899448	166.126126	0.000000	-1.449724	-1.449724	0.000000
2.905737	166.486486	0.000000	-1.452869	-1.452869	0.000000
2.912027	166.846847	0.000000	-1.456013	-1.456013	0.000000
2.918316	167.207207	0.000000	-1.459158	-1.459158	0.000000
2.924606	167.567568	0.000000	-1.462303	-1.462303	0.000000
2.930895	167.927928	0.000000	-1.465448	-1.465448	0.000000
2.937185	168.288288	0.000000	-1.468592	-1.468592	0.000000
2.943474	168.648649	0.000000	-1.471737	-1.471737	0.000000
2.949764	169.009009	0.000000	-1.474882	-1.474882	0.000000
2.956053	169.369369	0.000000	-1.478027	-1.478027	0.000000
2.962343	169.729730	0.000000	-1.481171	-1.481171	0.000000
2.968632	170.090090	0.000000	-1.484316	-1.484316	0.000000
2.974922	170.450450	0.000000	-1.487461	-1.487461	0.000000
2.981211	170.810811	0.000000	-1.490606	-1.490606	0.000000
2.987501	171.171171	0.000000	-1.493750	-1.493750	0.000000
2.993790	171.531532	0.000000	-1.496895	-1.496895	0.000000
3.000079	171.891892	0.000000	-1.500040	-1.500040	0.000000
3.006369	172.252252	0.000000	-1.503184	-1.503184	0.000000
3.012658	172.612613	0.000000	-1.506329	-1.506329	0.000000
3.018948	172.972973	0.000000	-1.509474	-1.509474	0.000000
3.025237	173.333333	0.000000	-1.512619	-1.512619	0.000000
3.031527	173.693694	0.000000	-1.515763	-1.515763	0.000000
3.037816	174.054054	0.000000	-1.518908	-1.518908	0.000000
3.044106	174.414414	0.000000	-1.522053	-1.522053	0.000000
3.050395	174.774775	0.000000	-1.525198	-1.525198	0.000000
3.056685	175.135135	0.000000	-1.528342	-1.528342	0.000000
3.062974	175.495495	0.000000	-1.531487	-1.531487	0.000000
3.069264	175.855856	0.000000	-1.534632	-1.534632	0.000000
3.075553	176.216216	0.000000	-1.537777	-1.537777	0.000000
3.081843	176.576577	0.000000	-1.540921	-1.540921	0.000000
3.088132	176.936937	0.000000	-1.544066	-1.544066	0.000000
3.094422	177.297297	0.000000	-1.547211	-1.547211	0.000000
3.100711	177.657658	0.000000	-1.550356	-1.550356	0.000000
3.107001	178.018018	0.000000	-1.553500	-1.553500	0.000000
3.113290	178.378378	0.000000	-1.556645	-1.556645	0.000000
3.119579	178.738739	0.000000	-1.559790	-1.559790	0.000000
3.125869	179.099099	0.000000	-1.562934	-1.562934	0.000000
3.132158	179.459459	0.000000	-1.566079	-1.566079	0.000000
3.138448	179.819820	0.000000	-1.569224	-1.569224	0.000000
3.144737	180.180180	0.000000	-1.572369	-1.572369	0.000000
3.151027	180.540541	0.000000	-1.575513	-1.575513	0.000000
3.157316	180.900901	0.000000	-1.578658	-1.578658	0.000000
3.163606	181.261261	0.000000	-1.581803	-1.581803	0.000000
3.169895	181.621622	0.000000	-1.584948	-1.584948	0.000000
3.176185	181.981982	0.000000	-1.588092	-1.588092	0.000000
3.182474	182.342342	0.000000	-1.591237	-1.591237	0.000000
3.188764	182.702703	0.000000	-1.594382	-1.594382	0.000000
3.195053	183.063063	0.000000	-1.597527	-1.597527	0.000000
3.201343	183.423423	0.000000	-1.600671	-1.600671	0.000000
3.207632	183.783784	0.000000	-1.603816	-1.603816	0.000000
3.213922	184.144144	0.000000	-1.606961	-1.606961	0.000000
3.220211	184.504505	0.000000	-1.610106	-1.610106	0.000000
3.226501	184.864865	0.000000	-1.613250	-1.613250	0.000000
3.232790	185.225225	0.000000	-1.616395	-1.616395	0.000000
3.239080	185.585586	0.000000	-1.619540	-1.619540	0.000000
3.245369	185.945946	0.000000	-1.622684	-1.622684	0.000000
3.251658	186.306306	0.000000	-1.625829	-1.625829	0.000000
3.257948	186.666667	0.000000	-1.628974	-1.628974	0.000000
3.264237	187.027027	0.000000	-1.632119	-1.632119	0.000000
3.270527	187.387387	0.000000	-1.635263	-1.635263	0.000000
3.276816	187.747748	0.000000	-1.638408	-1.638408	0.000000
3.283106	188.108108	0.000000	-1.641553	-1.641553	0.000000
3.289395	188.468468	0.000000	-1.644698	-1.644698	0.000000
3.295685	188.828829	0.000000	-1.647842	-1.647842	0.000000
3.301974	189.189189	0.000000	-1.650987	-1.650987	0.000000
3.308264	189.549550	0.000000	-1.654132	-1.654132	0.000000
3.314553	189.909910	0.000000	-1.657277	-1.657277	0.000000
3.320843	190.270270	0.000000	-1.660421	-1.660421	0.000000
3.327132	190.630631	0.000000	-1.663566	-1.663566	0.000000
3.333422	190.990991	0.000000	-1.666711	-1.666711	0.000000
3.339711	191.351351	0.000000	-1.669856	-1.669856	0.000000
3.346001	191.711712	0.000000	-1.673000	-1.673000	0.000000
3.352290	192.072072	0.000000	-1.676145	-1.676145	0.000000
3.358580	192.432432	0.000000	-1.679290	-1.679290	0.000000
3.364869	192.792793	0.000000	-1.682435	-1.682435	0.000000
3.371158	193.153153	0.000000	-1.685579	-1.685579	0.000000
3.377448	193.513514	0.000000	-1.688724	-1.688724	0.000000
3.383737	193.873874	0.000000	-1.691869	-1.691869	0.000000
3.390027	194.234234	0.000000	-1.695013	-1.695013	0.000000
3.396316	194.594595	0.000000	-1.698158	-1.698158	0.000000
3.402606	194.954955	0.000000	-1.701303	-1.701303	0.000000
3.408895	195.315315	0.000000	-1.704448	-1.704448	0.000000
3.415185	195.675676	0.000000	-1.707592	-1.707592	0.000000
3.421474	196.036036	0.000000	-1.710737	-1.710737	0.000000
3.427764	196.396396	0.000000	-1.713882	-1.713882	0.000000
3.434053	196.756757	0.000000	-1.717027	-1.717027	0.000000
3.440343	197.117117	0.000000	-1.720171	-1.720171	0.000000
3.446632	197.477477	0.000000	-1.723316	-1.723316	0.000000
3.452922	197.837838	0.000000	-1.726461	-1.726461	0.000000
3.459211	198.198198	0.000000	-1.729606	-1.729606	0.000000
3.465501	198.558559	0.000000	-1.732750	-1.732750	0.000000
3.471790	198.918919	0.000000	-1.735895	-1.735895	0.000000
3.478080	199.279279	0.000000	-1.739040	-1.739040	0.000000
3.484369	199.639640	0.000000	-1.742185	-1.742185	0.000000
3.490659	200.000000	0.000000	-1.745329	-1.745329	0.000000
3.496948	200.360360	0.000000	-1.748474	-1.748474	0.000000
3.503237	200.720721	0.000000	-1.751619	-1.751619	0.000000
3.509527	201.081081	0.000000	-1.754763	-1.754763	0.000000
3.515816	201.441441	0.000000	-1.757908	-1.757908	0.000000
3.522106	201.801802	0.000000	-1.761053	-1.761053	0.000000
3.528395	202.162162	0.000000	-1.764198	-1.764198	0.000000
3.534685	202.522523	0.000000	-1.767342	-1.767342	0.000000
3.540974	202.882883	0.000000	-1.770487	-1.770487	0.000000
3.547264	203.243243	0.000000	-1.773632	-1.773632	0.000000
3.553553	203.603604	0.000000	-1.776777	-1.776777	0.000000
3.559843	203.963964	0.000000	-1.779921	-1.779921	0.000000
3.566132	204.324324	0.000000	-1.783066	-1.783066	0.000000
3.572422	204.684685	0.000000	-1.786211	-1.786211	0.000000
3.578711	205.045045	0.000000	-1.789356	-1.789356	0.000000
3.585001	205.405405	0.000000	-1.792500	-1.792500	0.000000
3.591290	205.765766	0.000000	-1.795645	-1.795645	0.000000
3.597580	206.126126	0.000000	-1.798790	-1.798790	0.000000
3.603869	206.486486	0.000000	-1.801935	-1.801935	0.000000
3.610159	206.846847	0.000000	-1.805079	-1.805079	0.000000
3.616448	207.207207	0.000000	-1.808224	-1.808224	0.000000
3.622737	207.567568	0.000000	-1.811369	-1.811369	0.000000
3.629027	207.927928	0.000000	-1.814513	-1.814513	0.000000
3.635316	208.288288	0.000000	-1.817658	-1.817658	0.000000
3.641606	208.648649	0.000000	-1.820803	-1.820803	0.000000
3.647895	209.009009	0.000000	-1.823948	-1.823948	0.000000
3.654185	209.369369	0.000000	-1.827092	-1.827092	0.000000
3.660474	209.729730	0.000000	-1.830237	-1.830237	0.000000
3.666764	210.090090	0.000000	-1.833382	-1.833382	0.000000
3.673053	210.450450	0.000000	-1.836527	-1.836527	0.000000
3.679343	210.810811	0.000000	-1.839671	-1.839671	0.000000
3.685632	211.171171	0.000000	-1.842816	-1.842816	0.000000
3.691922	211.531532	0.000000	-1.845961	-1.845961	0.000000
3.698211	211.891892	0.000000	-1.849106	-1.849106	0.000000
3.704501	212.252252	0.000000	-1.852250	-1.852250	0.000000
3.710790	212.612613	0.000000	-1.855395	-1.855395	0.000000
3.717080	212.972973	0.000000	-1.858540	-1.858540	0.000000
3.723369	213.333333	0.000000	-1.861685	-1.861685	0.000000
3.729659	213.693694	0.000000	-1.864829	-1.864829	0.000000
3.735948	214.054054	0.000000	-1.867974	-1.867974	0.000000
3.742237	214.414414	0.000000	-1.871119	-1.871119	0.000000
3.748527	214.774775	0.000000	-1.874263	-1.874263	0.000000
3.754816	215.135135	0.000000	-1.877408	-1.877408	0.000000
3.761106	215.495495	0.000000	-1.880553	-1.880553	0.000000
3.767395	215.855856	0.000000	-1.883698	-1.883698	0.000000
3.773685	216.216216	0.000000	-1.886842	-1.886842	0.000000
3.779974	216.576577	0.000000	-1.889987	-1.889987	0.000000
3.786264	216.936937	0.000000	-1.893132	-1.893132	0.000000
3.792553	217.297297	0.000000	-1.896277	-1.896277	0.000000
3.798843	217.657658	0.000000	-1.899421	-1.899421	0.000000
3.805132	218.018018	0.000000	-1.902566	-1.902566	0.000000
3.811422	218.378378	0.000000	-1.905711	-1.905711	0.000000
3.817711	218.738739	0.000000	-1.908856	-1.908856	0.000000
3.824001	219.099099	0.000000	-1.912000	-1.912000	0.000000
3.830290	219.459459	0.000000	-1.915145	-1.915145	0.000000
3.836580	219.819820	0.000000	-1.918290	-1.918290	0.000000
3.842869	220.180180	0.000000	-1.921435	-1.921435	0.000000
3.849159	220.540541	0.000000	-1.924579	-1.924579	0.000000
3.855448	220.900901	0.000000	-1.927724	-1.927724	0.000000
3.861738	221.261261	0.000000	-1.930869	-1.930869	0.000000
3.868027	221.621622	0.000000	-1.934013	-1.934013	0.000000
3.874316	221.981982	0.000000	-1.937158	-1.937158	0.000000
3.880606	222.342342	0.000000	-1.940303	-1.940303	0.000000
3.886895	222.702703	0.000000	-1.943448	-1.943448	0.000000
3.893185	223.063063	0.000000	-1.946592	-1.946592	0.000000
3.899474	223.423423	0.000000	-1.949737	-1.949737	0.000000
3.905764	223.783784	0.000000	-1.952882	-1.952882	0.000000
3.912053	224.144144	0.000000	-1.956027	-1.956027	0.000000
3.918343	224.504505	0.000000	-1.959171	-1.959171	0.000000
3.924632	224.864865	0.000000	-1.962316	-1.962316	0.000000
3.930922	225.225225	0.000000	-1.965461	-1.965461	0.000000
3.937211	225.585586	0.000000	-1.968606	-1.968606	0.000000
3.943501	225.945946	0.000000	-1.971750	-1.971750	0.000000
3.949790	226.306306	0.000000	-1.974895	-1.974895	0.000000
3.956080	226.666667	0.000000	-1.978040	-1.978040	0.000000
3.962369	227.027027	0.000000	-1.981185	-1.981185	0.000000
3.968659	227.387387	0.000000	-1.984329	-1.984329	0.000000
3.974948	227.747748	0.000000	-1.987474	-1.987474	0.000000
3.981238	228.108108	0.000000	-1.990619	-1.990619	0.000000
3.987527	228.468468	0.000000	-1.993764	-1.993764	0.000000
3.993816	228.828829	0.000000	-1.996908	-1.996908	0.000000
4.000106	229.189189	0.000000	-2.000053	-2.000053	0.000000
4.006395	229.549550	0.000000	-2.003198	-2.003198	0.000000
4.012685	229.909910	0.000000	-2.006342	-2.006342	0.000000
4.018974	230.270270	0.000000	-2.009487	-2.009487	0.000000
4.025264	230.630631	0.000000	-2.012632	-2.012632	0.000000
4.031553	230.990991	0.000000	-2.015777	-2.015777	0.000000
4.037843	231.351351	0.000000	-2.018921	-2.018921	0.000000
4.044132	231.711712	0.000000	-2.022066	-2.022066	0.000000
4.050422	232.072072	0.000000	-2.025211	-2.025211	0.000000
4.056711	232.432432	0.000000	-2.028356	-2.028356	0.000000
4.063001	232.792793	0.000000	-2.031500	-2.031500	0.000000
4.069290	233.153153	0.000000	-2.034645	-2.034645	0.000000
4.075580	233.513514	0.000000	-2.037790	-2.037790	0.000000
4.081869	233.873874	0.000000	-2.040935	-2.040935	0.000000
4.088159	234.234234	0.000000	-2.044079	-2.044079	0.000000
4.094448	234.594595	0.000000	-2.047224	-2.047224	0.000000
4.100738	234.954955	0.000000	-2.050369	-2.050369	0.000000
4.107027	235.315315	0.000000	-2.053514	-2.053514	0.000000
4.113317	235.675676	0.000000	-2.056658	-2.056658	0.000000
4.119606	236.036036	0.000000	-2.059803	-2.059803	0.000000
4.125895	236.396396	0.000000	-2.062948	-2.062948	0.000000
4.132185	236.756757	0.000000	-2.066092	-2.066092	0.000000
4.138474	237.117117	0.000000	-2.069237	-2.069237	0.000000
4.144764	237.477477	0.000000	-2.072382	-2.072382	0.000000
4.151053	237.837838	0.000000	-2.075527	-2.075527	0.000000
4.157343	238.198198	0.000000	-2.078671	-2.078671	0.000000
4.163632	238.558559	0.000000	-2.081816	-2.081816	0.000000
4.169922	238.918919	0.000000	-2.084961	-2.084961	0.000000
4.176211	239.279279	0.000000	-2.088106	-2.088106	0.000000
4.182501	239.639640	0.000000	-2.091250	-2.091250	0.000000
4.188790	240.000000	0.000000	-2.094395	-2.094395	0.000000
4.195080	240.360360	0.000000	-2.097540	-2.097540	0.000000
4.201369	240.720721	0.000000	-2.100685	-2.100685	0.000000
4.207659	241.081081	0.000000	-2.103829	-2.103829	0.000000
4.213948	241.441441	0.000000	-2.106974	-2.106974	0.000000
4.220238	241.801802	0.000000	-2.110119	-2.110119	0.000000
4.226527	242.162162	0.000000	-2.113264	-2.113264	0.000000
4.232817	242.522523	0.000000	-2.116408	-2.116408	0.000000
4.239106	242.882883	0.000000	-2.119553	-2.119553	0.000000
4.245395	243.243243	0.000000	-2.122698	-2.122698	0.000000
4.251685	243.603604	0.000000	-2.125842	-2.125842	0.000000
4.257974	243.963964	0.000000	-2.128987	-2.128987	0.000000
4.264264	244.324324	0.000000	-2.132132	-2.132132	0.000000
4.270553	244.684685	0.000000	-2.135277	-2.135277	0.000000
4.276843	245.045045	0.000000	-2.138421	-2.138421	0.000000
4.283132	245.405405	0.000000	-2.141566	-2.141566	0.000000
4.289422	245.765766	0.000000	-2.144711	-2.144711	0.000000
4.295711	246.126126	0.000000	-2.147856	-2.147856	0.000000
4.302001	246.486486	0.000000	-2.151000	-2.151000	0.000000
4.308290	246.846847	0.000000	-2.154145	-2.154145	0.000000
4.314580	247.207207	0.000000	-2.157290	-2.157290	0.000000
4.320869	247.567568	0.000000	-2.160435	-2.160435	0.000000
4.327159	247.927928	0.000000	-2.163579	-2.163579	0.000000
4.333448	248.288288	0.000000	-2.166724	-2.166724	0.000000
4.339738	248.648649	0.000000	-2.169869	-2.169869	0.000000
4.346027	249.009009	0.000000	-2.173014	-2.173014	0.000000
4.352317	249.369369	0.000000	-2.176158	-2.176158	0.000000
4.358606	249.729730	0.000000	-2.179303	-2.179303	0.000000
4.364895	250.090090	0.000000	-2.182448	-2.182448	0.000000
4.371185	250.450450	0.000000	-2.185592	-2.185592	0.000000
4.377474	250.810811	0.000000	-2.188737	-2.188737	0.000000
4.383764	251.171171	0.000000	-2.191882	-2.191882	0.000000
4.390053	251.531532	0.000000	-2.195027	-2.195027	0.000000
4.396343	251.891892	0.000000	-2.198171	-2.198171	0.000000
4.402632	252.252252	0.000000	-2.201316	-2.201316	0.000000
4.408922	252.612613	0.000000	-2.204461	-2.204461	0.000000
4.415211	252.972973	0.000000	-2.207606	-2.207606	0.000000
4.421501	253.333333	0.000000	-2.210750	-2.210750	0.000000
4.427790	253.693694	0.000000	-2.213895	-2.213895	0.000000
4.434080	254.054054	0.000000	-2.217040	-2.217040	0.000000
4.440369	254.414414	0.000000	-2.220185	-2.220185	0.000000
4.446659	254.774775	0.000000	-2.223329	-2.223329	0.000000
4.452948	255.135135	0.000000	-2.226474	-2.226474	0.000000
4.459238	255.495495	0.000000	-2.229619	-2.229619	0.000000
4.465527	255.855856	0.000000	-2.232764	-2.232764	0.000000
4.471817	256.216216	0.000000	-2.235908	-2.235908	0.000000
4.478106	256.576577	0.000000	-2.239053	-2.239053	0.000000
4.484396	256.936937	0.000000	-2.242198	-2.242198	0.000000
4.490685	257.297297	0.000000	-2.245342	-2.245342	0.000000
4.496974	257.657658	0.000000	-2.248487	-2.248487	0.000000
4.503264	258.018018	0.000000	-2.251632	-2.251632	0.000000
4.509553	258.378378	0.000000	-2.254777	-2.254777	0.000000
4.515843	258.738739	0.000000	-2.257921	-2.257921	0.000000
4.522132	259.099099	0.000000	-2.261066	-2.261066	0.000000
4.528422	259.459459	0.000000	-2.264211	-2.264211	0.000000
4.534711	259.819820	0.000000	-2.267356	-2.267356	0.000000
4.541001	260.180180	0.000000	-2.270500	-2.270500	0.000000
4.547290	260.540541	0.000000	-2.273645	-2.273645	0.000000
4.553580	260.900901	0.000000	-2.276790	-2.276790	0.000000
4.559869	261.261261	0.000000	-2.279935	-2.279935	0.000000
4.566159	261.621622	0.000000	-2.283079	-2.283079	0.000000
4.572448	261.981982	0.000000	-2.286224	-2.286224	0.000000
4.578738	262.342342	0.000000	-2.289369	-2.289369	0.000000
4.585027	262.702703	0.000000	-2.292514	-2.292514	0.000000
4.591317	263.063063	0.000000	-2.295658	-2.295658	0.000000
4.597606	263.423423	0.000000	-2.298803	-2.298803	0.000000
4.603896	263.783784	0.000000	-2.301948	-2.301948	0.000000
4.610185	264.144144	0.000000	-2.305093	-2.305093	0.000000
4.616474	264.504505	0.000000	-2.308237	-2.308237	0.000000
4.622764	264.864865	0.000000	-2.311382	-2.311382	0.000000
4.629053	265.225225	0.000000	-2.314527	-2.314527	0.000000
4.635343	265.585586	0.000000	-2.317671	-2.317671	0.000000
4.641632	265.945946	0.000000	-2.320816	-2.320816	0.000000
4.647922	266.306306	0.000000	-2.323961	-2.323961	0.000000
4.654211	266.666667	0.000000	-2.327106	-2.327106	0.000000
4.660501	267.027027	0.000000	-2.330250	-2.330250	0.000000
4.666790	267.387387	0.000000	-2.333395	-2.333395	0.000000
4.673080	267.747748	0.000000	-2.336540	-2.336540	0.000000
4.679369	268.108108	0.000000	-2.339685	-2.339685	0.000000
4.685659	268.468468	0.000000	-2.342829	-2.342829	0.000000
4.691948	268.828829	0.000000	-2.345974	-2.345974	0.000000
4.698238	269.189189	0.000000	-2.349119	-2.349119	0.000000
4.704527	269.549550	0.000000	-2.352264	-2.352264	0.000000
4.710817	269.909910	0.000000	-2.355408	-2.355408	0.000000
4.717106	270.270270	0.000000	-2.358553	-2.358553	0.000000
4.723396	270.630631	0.000000	-2.361698	-2.361698	0.000000
4.729685	270.990991	0.000000	-2.364843	-2.364843	0.000000
4.735975	271.351351	0.000000	-2.367987	-2.367987	0.000000
4.742264	271.711712	0.000000	-2.371132	-2.371132	0.000000
4.748553	272.072072	0.000000	-2.374277	-2.374277	0.000000
4.754843	272.432432	0.000000	-2.377421	-2.377421	0.000000
4.761132	272.792793	0.000000	-2.380566	-2.380566	0.000000
4.767422	273.153153	0.000000	-2.383711	-2.383711	0.000000
4.773711	273.513514	0.000000	-2.386856	-2.386856	0.000000
4.780001	273.873874	0.000000	-2.390000	-2.390000	0.000000
4.786290	274.234234	0.000000	-2.393145	-2.393145	0.000000
4.792580	274.594595	0.000000	-2.396290	-2.396290	0.000000
4.798869	274.954955	0.000000	-2.399435	-2.399435	0.000000
4.805159	275.315315	0.000000	-2.402579	-2.402579	0.000000
4.811448	275.675676	0.000000	-2.405724	-2.405724	0.000000
4.817738	276.036036	0.000000	-2.408869	-2.408869	0.000000
4.824027	276.396396	0.000000	-2.412014	-2.412014	0.000000
4.830317	276.756757	0.000000	-2.415158	-2.415158	0.000000
4.836606	277.117117	0.000000	-2.418303	-2.418303	0.000000
4.842896	277.477477	0.000000	-2.421448	-2.421448	0.000000
4.849185	277.837838	0.000000	-2.424593	-2.424593	0.000000
4.855475	278.198198	0.000000	-2.427737	-2.427737	0.000000
4.861764	278.558559	0.000000	-2.430882	-2.430882	0.000000
4.868053	278.918919	0.000000	-2.434027	-2.434027	0.000000
4.874343	279.279279	0.000000	-2.437171	-2.437171	0.000000
4.880632	279.639640	0.000000	-2.440316	-2.440316	0.000000
4.886922	280.000000	0.000000	-2.443461	-2.443461	0.000000
4.893211	280.360360	0.000000	-2.446606	-2.446606	0.000000
4.899501	280.720721	0.000000	-2.449750	-2.449750	0.000000
4.905790	281.081081	0.000000	-2.452895	-2.452895	0.000000
4.912080	281.441441	0.000000	-2.456040	-2.456040	0.000000
4.918369	281.801802	0.000000	-2.459185	-2.459185	0.000000
4.924659	282.162162	0.000000	-2.462329	-2.462329	0.000000
4.930948	282.522523	0.000000	-2.465474	-2.465474	0.000000
4.937238	282.882883	0.000000	-2.468619	-2.468619	0.000000
4.943527	283.243243	0.000000	-2.471764	-2.471764	0.000000
4.949817	283.603604	0.000000	-2.474908	-2.474908	0.000000
4.956106	283.963964	0.000000	-2.478053	-2.478053	0.000000
4.962396	284.324324	0.000000	-2.481198	-2.481198	0.000000
4.968685	284.684685	0.000000	-2.484343	-2.484343	0.000000
4.974975	285.045045	0.000000	-2.487487	-2.487487	0.000000
4.981264	285.405405	0.000000	-2.490632	-2.490632	0.000000
4.987554	285.765766	0.000000	-2.493777	-2.493777	0.000000
4.993843	286.126126	0.000000	-2.496921	-2.496921	0.000000
5.000132	286.486486	0.000000	-2.500066	-2.500066	0.000000
5.006422	286.846847	0.000000	-2.503211	-2.503211	0.000000
5.012711	287.207207	0.000000	-2.506356	-2.506356	0.000000
5.019001	287.567568	0.000000	-2.509500	-2.509500	0.000000
5.025290	287.927928	0.000000	-2.512645	-2.512645	0.000000
5.031580	288.288288	0.000000	-2.515790	-2.515790	0.000000
5.037869	288.648649	0.000000	-2.518935	-2.518935	0.000000
5.044159	289.009009	0.000000	-2.522079	-2.522079	0.000000
5.050448	289.369369	0.000000	-2.525224	-2.525224	0.000000
5.056738	289.729730	0.000000	-2.528369	-2.528369	0.000000
5.063027	290.090090	0.000000	-2.531514	-2.531514	0.000000
5.069317	290.450450	0.000000	-2.534658	-2.534658	0.000000
5.075606	290.810811	0.000000	-2.537803	-2.537803	0.000000
5.081896	291.171171	0.000000	-2.540948	-2.540948	0.000000
5.088185	291.531532	0.000000	-2.544093	-2.544093	0.000000
5.094475	291.891892	0.000000	-2.547237	-2.547237	0.000000
5.100764	292.252252	0.000000	-2.550382	-2.550382	0.000000
5.107054	292.612613	0.000000	-2.553527	-2.553527	0.000000
5.113343	292.972973	0.000000	-2.556671	-2.556671	0.000000
5.119632	293.333333	0.000000	-2.559816	-2.559816	0.000000
5.125922	293.693694	0.000000	-2.562961	-2.562961	0.000000
5.132211	294.054054	0.000000	-2.566106	-2.566106	0.000000
5.138501	294.414414	0.000000	-2.569250	-2.569250	0.000000
5.144790	294.774775	0.000000	-2.572395	-2.572395	0.000000
5.151080	295.135135	0.000000	-2.575540	-2.575540	0.000000
5.157369	295.495495	0.000000	-2.578685	-2.578685	0.000000
5.163659	295.855856	0.000000	-2.581829	-2.581829	0.000000
5.169948	296.216216	0.000000	-2.584974	-2.584974	0.000000
5.176238	296.576577	0.000000	-2.588119	-2.588119	0.000000
5.182527	296.936937	0.000000	-2.591264	-2.591264	0.000000
5.188817	297.297297	0.000000	-2.594408	-2.594408	0.000000
5.195106	297.657658	0.000000	-2.597553	-2.597553	0.000000
5.201396	298.018018	0.000000	-2.600698	-2.600698	0.000000
5.207685	298.378378	0.000000	-2.603843	-2.603843	0.000000
5.213975	298.738739	0.000000	-2.606987	-2.606987	0.000000
5.220264	299.099099	0.000000	-2.610132	-2.610132	0.000000
5.226554	299.459459	0.000000	-2.613277	-2.613277	0.000000
5.232843	299.819820	0.000000	-2.616422	-2.616422	0.000000
5.239132	300.180180	0.000000	-2.619566	-2.619566	0.000000
5.245422	300.540541	0.000000	-2.622711	-2.622711	0.000000
5.251711	300.900901	0.000000	-2.625856	-2.625856	0.000000
5.258001	301.261261	0.000000	-2.629000	-2.629000	0.000000
5.264290	301.621622	0.000000	-2.632145	-2.632145	0.000000
5.270580	301.981982	0.000000	-2.635290	-2.635290	0.000000
5.276869	302.342342	0.000000	-2.638435	-2.638435	0.000000
5.283159	302.702703	0.000000	-2.641579	-2.641579	0.000000
5.289448	303.063063	0.000000	-2.644724	-2.644724	0.000000
5.295738	303.423423	0.000000	-2.647869	-2.647869	0.000000
5.302027	303.783784	0.000000	-2.651014	-2.651014	0.000000
5.308317	304.144144	0.000000	-2.654158	-2.654158	0.000000
5.314606	304.504505	0.000000	-2.657303	-2.657303	0.000000
5.320896	304.864865	0.000000	-2.660448	-2.660448	0.000000
5.327185	305.225225	0.000000	-2.663593	-2.663593	0.000000
5.333475	305.585586	0.000000	-2.666737	-2.666737	0.000000
5.339764	305.945946	0.000000	-2.669882	-2.669882	0.000000
5.346054	306.306306	0.000000	-2.673027	-2.673027	0.000000
5.352343	306.666667	0.000000	-2.676172	-2.676172	0.000000
5.358633	307.027027	0.000000	-2.679316	-2.679316	0.000000
5.364922	307.387387	0.000000	-2.682461	-2.682461	0.000000
5.371211	307.747748	0.000000	-2.685606	-2.685606	0.000000
5.377501	308.108108	0.000000	-2.688750	-2.688750	0.000000
5.383790	308.468468	0.000000	-2.691895	-2.691895	0.000000
5.390080	308.828829	0.000000	-2.695040	-2.695040	0.000000
5.396369	309.189189	0.000000	-2.698185	-2.698185	0.000000
5.402659	309.549550	0.000000	-2.701329	-2.701329	0.000000
5.408948	309.909910	0.000000	-2.704474	-2.704474	0.000000
5.415238	310.270270	0.000000	-2.707619	-2.707619	0.000000
5.421527	310.630631	0.000000	-2.710764	-2.710764	0.000000
5.427817	310.990991	0.000000	-2.713908	-2.713908	0.000000
5.434106	311.351351	0.000000	-2.717053	-2.717053	0.000000
5.440396	311.711712	0.000000	-2.720198	-2.720198	0.000000
5.446685	312.072072	0.000000	-2.723343	-2.723343	0.000000
5.452975	312.432432	0.000000	-2.726487	-2.726487	0.000000
5.459264	312.792793	0.000000	-2.729632	-2.729632	0.000000
5.465554	313.153153	0.000000	-2.732777	-2.732777	0.000000
5.471843	313.513514	0.000000	-2.735922	-2.735922	0.000000
5.478133	313.873874	0.000000	-2.739066	-2.739066	0.000000
5.484422	314.234234	0.000000	-2.742211	-2.742211	0.000000
5.490711	314.594595	0.000000	-2.745356	-2.745356	0.000000
5.497001	314.954955	0.000000	-2.748500	-2.748500	0.000000
5.503290	315.315315	0.000000	-2.751645	-2.751645	0.000000
5.509580	315.675676	0.000000	-2.754790	-2.754790	0.000000
5.515869	316.036036	0.000000	-2.757935	-2.757935	0.000000
5.522159	316.396396	0.000000	-2.761079	-2.761079	0.000000
5.528448	316.756757	0.000000	-2.764224	-2.764224	0.000000
5.534738	317.117117	0.000000	-2.767369	-2.767369	0.000000
5.541027	317.477477	0.000000	-2.770514	-2.770514	0.000000
5.547317	317.837838	0.000000	-2.773658	-2.773658	0.000000
5.553606	318.198198	0.000000	-2.776803	-2.776803	0.000000
5.559896	318.558559	0.000000	-2.779948	-2.779948	0.000000
5.566185	318.918919	0.000000	-2.783093	-2.783093	0.000000
5.572475	319.279279	0.000000	-2.786237	-2.786237	0.000000
5.578764	319.639640	0.000000	-2.789382	-2.789382	0.000000
5.585054	320.000000	0.000000	-2.792527	-2.792527	0.000000
5.591343	320.360360	0.000000	-2.795672	-2.795672	0.000000
5.597633	320.720721	0.000000	-2.798816	-2.798816	0.000000
5.603922	321.081081	0.000000	-2.801961	-2.801961	0.000000
5.610212	321.441441	0.000000	-2.805106	-2.805106	0.000000
5.616501	321.801802	0.000000	-2.808250	-2.808250	0.000000
5.622790	322.162162	0.000000	-2.811395	-2.811395	0.000000
5.629080	322.522523	0.000000	-2.814540	-2.814540	0.000000
5.635369	322.882883	0.000000	-2.817685	-2.817685	0.000000
5.641659	323.243243	0.000000	-2.820829	-2.820829	0.000000
5.647948	323.603604	0.000000	-2.823974	-2.823974	0.000000
5.654238	323.963964	0.000000	-2.827119	-2.827119	0.000000
5.660527	324.324324	0.000000	-2.830264	-2.830264	0.000000
5.666817	324.684685	0.000000	-2.833408	-2.833408	0.000000
5.673106	325.045045	0.000000	-2.836553	-2.836553	0.000000
5.679396	325.405405	0.000000	-2.839698	-2.839698	0.000000
5.685685	325.765766	0.000000	-2.842843	-2.842843	0.000000
5.691975	326.126126	0.000000	-2.845987	-2.845987	0.000000
5.698264	326.486486	0.000000	-2.849132	-2.849132	0.000000
5.704554	326.846847	0.000000	-2.852277	-2.852277	0.000000
5.710843	327.207207	0.000000	-2.855422	-2.855422	0.000000
5.717133	327.567568	0.000000	-2.858566	-2.858566	0.000000
5.723422	327.927928	0.000000	-2.861711	-2.861711	0.000000
5.729712	328.288288	0.000000	-2.864856	-2.864856	0.000000
5.736001	328.648649	0.000000	-2.868001	-2.868001	0.000000
5.742290	329.009009	0.000000	-2.871145	-2.871145	0.000000
5.748580	329.369369	0.000000	-2.874290	-2.874290	0.000000
5.754869	329.729730	0.000000	-2.877435	-2.877435	0.000000
5.761159	330.090090	0.000000	-2.880579	-2.880579	0.000000
5.767448	330.450450	0.000000	-2.883724	-2.883724	0.000000
5.773738	330.810811	0.000000	-2.886869	-2.886869	0.000000
5.780027	331.171171	0.000000	-2.890014	-2.890014	0.000000
5.786317	331.531532	0.000000	-2.893158	-2.893158	0.000000
5.792606	331.891892	0.000000	-2.896303	-2.896303	0.000000
5.798896	332.252252	0.000000	-2.899448	-2.899448	0.000000
5.805185	332.612613	0.000000	-2.902593	-2.902593	0.000000
5.811475	332.972973	0.000000	-2.905737	-2.905737	0.000000
5.817764	333.333333	0.000000	-2.908882	-2.908882	0.000000
5.824054	333.693694	0.000000	-2.912027	-2.912027	0.000000
5.830343	334.054054	0.000000	-2.915172	-2.915172	0.000000
5.836633	334.414414	0.000000	-2.918316	-2.918316	0.000000
5.842922	334.774775	0.000000	-2.921461	-2.921461	0.000000
5.849212	335.135135	0.000000	-2.924606	-2.924606	0.000000
5.855501	335.495495	0.000000	-2.927751	-2.927751	0.000000
5.861790	335.855856	0.000000	-2.930895	-2.930895	0.000000
5.868080	336.216216	0.000000	-2.934040	-2.934040	0.000000
5.874369	336.576577	0.000000	-2.937185	-2.937185	0.000000
5.880659	336.936937	0.000000	-2.940329	-2.940329	0.000000
5.886948	337.297297	0.000000	-2.943474	-2.943474	0.000000
5.893238	337.657658	0.000000	-2.946619	-2.946619	0.000000
5.899527	338.018018	0.000000	-2.949764	-2.949764	0.000000
5.905817	338.378378	0.000000	-2.952908	-2.952908	0.000000
5.912106	338.738739	0.000000	-2.956053	-2.956053	0.000000
5.918396	339.099099	0.000000	-2.959198	-2.959198	0.000000
5.924685	339.459459	0.000000	-2.962343	-2.962343	0.000000
5.930975	339.819820	0.000000	-2.965487	-2.965487	0.000000
5.937264	340.180180	0.000000	-2.968632	-2.968632	0.000000
5.943554	340.540541	0.000000	-2.971777	-2.971777	0.000000
5.949843	340.900901	0.000000	-2.974922	-2.974922	0.000000
5.956133	341.261261	0.000000	-2.978066	-2.978066	0.000000
5.962422	341.621622	0.000000	-2.981211	-2.981211	0.000000
5.968712	341.981982	0.000000	-2.984356	-2.984356	0.000000
5.975001	342.342342	0.000000	-2.987501	-2.987501	0.000000
5.981291	342.702703	0.000000	-2.990645	-2.990645	0.000000
5.987580	343.063063	0.000000	-2.993790	-2.993790	0.000000
5.993869	343.423423	0.000000	-2.996935	-2.996935	0.000000
6.000159	343.783784	0.000000	-3.000079	-3.000079	0.000000
6.006448	344.144144	0.000000	-3.003224	-3.003224	0.000000
6.012738	344.504505	0.000000	-3.006369	-3.006369	0.000000
6.019027	344.864865	0.000000	-3.009514	-3.009514	0.000000
6.025317	345.225225	0.000000	-3.012658	-3.012658	0.000000
6.031606	345.585586	0.000000	-3.015803	-3.015803	0.000000
6.037896	345.945946	0.000000	-3.018948	-3.018948	0.000000
6.044185	346.306306	0.000000	-3.022093	-3.022093	0.000000
6.050475	346.666667	0.000000	-3.025237	-3.025237	0.000000
6.056764	347.027027	0.000000	-3.028382	-3.028382	0.000000
6.063054	347.387387	0.000000	-3.031527	-3.031527	0.000000
6.069343	347.747748	0.000000	-3.034672	-3.034672	0.000000
6.075633	348.108108	0.000000	-3.037816	-3.037816	0.000000
6.081922	348.468468	0.000000	-3.040961	-3.040961	0.000000
6.088212	348.828829	0.000000	-3.044106	-3.044106	0.000000
6.094501	349.189189	0.000000	-3.047251	-3.047251	0.000000
6.100791	349.549550	0.000000	-3.050395	-3.050395	0.000000
6.107080	349.909910	0.000000	-3.053540	-3.053540	0.000000
6.113369	350.270270	0.000000	-3.056685	-3.056685	0.000000
6.119659	350.630631	0.000000	-3.059829	-3.059829	0.000000
6.125948	350.990991	0.000000	-3.062974	-3.062974	0.000000
6.132238	351.351351	0.000000	-3.066119	-3.066119	0.000000
6.138527	351.711712	0.000000	-3.069264	-3.069264	0.000000
6.144817	352.072072	0.000000	-3.072408	-3.072408	0.000000
6.151106	352.432432	0.000000	-3.075553	-3.075553	0.000000
6.157396	352.792793	0.000000	-3.078698	-3.078698	0.000000
6.163685	353.153153	0.000000	-3.081843	-3.081843	0.000000
6.169975	353.513514	0.000000	-3.084987	-3.084987	0.000000
6.176264	353.873874	0.000000	-3.088132	-3.088132	0.000000
6.182554	354.234234	0.000000	-3.091277	-3.091277	0.000000
6.188843	354.594595	0.000000	-3.094422	-3.094422	0.000000
6.195133	354.954955	0.000000	-3.097566	-3.097566	0.000000
6.201422	355.315315	0.000000	-3.100711	-3.100711	0.000000
6.207712	355.675676	0.000000	-3.103856	-3.103856	0.000000
6.214001	356.036036	0.000000	-3.107001	-3.107001	0.000000
6.220291	356.396396	0.000000	-3.110145	-3.110145	0.000000
6.226580	356.756757	0.000000	-3.113290	-3.113290	0.000000
6.232870	357.117117	0.000000	-3.116435	-3.116435	0.000000
6.239159	357.477477	0.000000	-3.119579	-3.119579	0.000000
6.245448	357.837838	0.000000	-3.122724	-3.122724	0.000000
6.251738	358.198198	0.000000	-3.125869	-3.125869	0.000000
6.258027	358.558559	0.000000	-3.129014	-3.129014	0.000000
6.264317	358.918919	0.000000	-3.132158	-3.132158	0.000000
6.270606	359.279279	0.000000	-3.135303	-3.135303	0.000000
6.276896	359.639640	0.000000	-3.138448	-3.138448	0.000000
6.283185	360.000000	0.000000	-3.141593	-3.141593	0.000000
