Theta (degrees)	Normalized Energy
0.000000000000000000e+00 3.417829634158937036e-01
2.882882882882882747e+00 3.432192788816029183e-01
5.765765765765765494e+00 3.470326488386699659e-01
8.648648648648647352e+00 3.522828293553613155e-01
1.153153153153153099e+01 3.582329557336788040e-01
1.441441441441441285e+01 3.644409622253720893e-01
1.729729729729729470e+01 3.706541913300411828e-01
2.018018018018017656e+01 3.767230048332440573e-01
2.306306306306306197e+01 3.825531697263345188e-01
2.594594594594594739e+01 3.880814152959388696e-01
2.882882882882882569e+01 3.932627323058953128e-01
3.171171171171171110e+01 3.980635284769792892e-01
3.459459459459458941e+01 4.024577824401708859e-01
3.747747747747747127e+01 4.064247929318620112e-01
4.036036036036035313e+01 4.099478115446913984e-01
4.324324324324324209e+01 4.130131841984859831e-01
4.612612612612612395e+01 4.156097964373608455e-01
4.900900900900899870e+01 4.177287066723152087e-01
5.189189189189189477e+01 4.193628998641999450e-01
5.477477477477476953e+01 4.205071213850849476e-01
5.765765765765765138e+01 4.211577666926125674e-01
6.054054054054053324e+01 4.213128120973095303e-01
6.342342342342342221e+01 4.209717780617029392e-01
6.630630630630629696e+01 4.201357207244251768e-01
6.918918918918917882e+01 4.188072506787207661e-01
7.207207207207206068e+01 4.169905811680273966e-01
7.495495495495494254e+01 4.146916114487881888e-01
7.783783783783783861e+01 4.119180559005238829e-01
8.072072072072070625e+01 4.086796366973553529e-01
8.360360360360358811e+01 4.049883694291324110e-01
8.648648648648648418e+01 4.008589904327070630e-01
8.936936936936936604e+01 3.963096082437069234e-01
9.225225225225224790e+01 3.913627221268661249e-01
9.513513513513512976e+01 3.860468635876370125e-01
9.801801801801799741e+01 3.803993354579681685e-01
1.009009009009008935e+02 3.744709626196345287e-01
1.037837837837837895e+02 3.683346807454440097e-01
1.066666666666666572e+02 3.621017130686875474e-01
1.095495495495495391e+02 3.559529897599892911e-01
1.124324324324324351e+02 3.501996777339156375e-01
1.153153153153153028e+02 3.453844184891364244e-01
1.181981981981981988e+02 3.423559689232472114e-01
1.210810810810810665e+02 3.419911063334373780e-01
1.239639639639639483e+02 3.444211058392307456e-01
1.268468468468468444e+02 3.488799372600971949e-01
1.297297297297297121e+02 3.544612824643304516e-01
1.326126126126125939e+02 3.605473373518561231e-01
1.354954954954954758e+02 3.667799610458569171e-01
1.383783783783783576e+02 3.729528638838916499e-01
1.412612612612612679e+02 3.789411893372039430e-01
1.441441441441441214e+02 3.846643696969647697e-01
1.470270270270270032e+02 3.900670688124816543e-01
1.499099099099098851e+02 3.951091574351304203e-01
1.527927927927927669e+02 3.997602262162399667e-01
1.556756756756756772e+02 4.039964541530431941e-01
1.585585585585585306e+02 4.077987492909628808e-01
1.614414414414414125e+02 4.111516045872061209e-01
1.643243243243243228e+02 4.140423713313686194e-01
1.672072072072071762e+02 4.164607852805201627e-01
1.700900900900900865e+02 4.183986511840959155e-01
1.729729729729729684e+02 4.198496302177920358e-01
1.758558558558558502e+02 4.208090970115959673e-01
1.787387387387387321e+02 4.212740460722481650e-01
1.816216216216215855e+02 4.212430354952191314e-01
1.845045045045044958e+02 4.207161611617975527e-01
1.873873873873873777e+02 4.196950584312834631e-01
1.902702702702702595e+02 4.181829315218285048e-01
1.931531531531531698e+02 4.161846139972619207e-01
1.960360360360359948e+02 4.137066677245777035e-01
1.989189189189189051e+02 4.107575332316724115e-01
2.018018018018017870e+02 4.073477529695554988e-01
2.046846846846846688e+02 4.034903029580330647e-01
2.075675675675675791e+02 3.992010920241169658e-01
2.104504504504504609e+02 3.944997296111086293e-01
2.133333333333333144e+02 3.894107393036803644e-01
2.162162162162161962e+02 3.839655392796098576e-01
2.190990990990990781e+02 3.782057938071922698e-01
2.219819819819819884e+02 3.721893159488245950e-01
2.248648648648648702e+02 3.660009082040030504e-01
2.277477477477477237e+02 3.597730608211333614e-01
2.306306306306306055e+02 3.537263231973274968e-01
2.335135135135134874e+02 3.482449601189454569e-01
2.363963963963963977e+02 3.439860664492600528e-01
2.392792792792792795e+02 3.418757353657228548e-01
2.421621621621621330e+02 3.426031088736759544e-01
2.450450450450450433e+02 3.459086770084389140e-01
2.479279279279278967e+02 3.508815643034318699e-01
2.508108108108108070e+02 3.567080724830193894e-01
2.536936936936936888e+02 3.628808657164216966e-01
2.565765765765765991e+02 3.691097842372433879e-01
2.594594594594594241e+02 3.752251560912418515e-01
2.623423423423423060e+02 3.811218445155798995e-01
2.652252252252251878e+02 3.867303542933773208e-01
2.681081081081081265e+02 3.920019164391942978e-01
2.709909909909909516e+02 3.969005305995843558e-01
2.738738738738738903e+02 4.013985402143122050e-01
2.767567567567567153e+02 4.054740684789832073e-01
2.796396396396395971e+02 4.091094747005813437e-01
2.825225225225225358e+02 4.122903926113232198e-01
2.854054054054054177e+02 4.150051131450764874e-01
2.882882882882882427e+02 4.172441784466816017e-01
2.911711711711711814e+02 4.190001100363524023e-01
2.940540540540540064e+02 4.202672253964611637e-01
2.969369369369369451e+02 4.210415153740340588e-01
2.998198198198197701e+02 4.213205656760916629e-01
3.027027027027027088e+02 4.211035125838434312e-01
3.055855855855855339e+02 4.203910276334057450e-01
3.084684684684684157e+02 4.191853295029089876e-01
3.113513513513513544e+02 4.174902244692029751e-01
3.142342342342342363e+02 4.153111802059057944e-01
3.171171171171170613e+02 4.126554421246758086e-01
3.200000000000000000e+02 4.095322079526408920e-01
3.228828828828828250e+02 4.059528864809562321e-01
3.257657657657657637e+02 4.019314833892665417e-01
3.286486486486486456e+02 3.974851862650130574e-01
3.315315315315314706e+02 3.926352730409172209e-01
3.344144144144143524e+02 3.874085643843227511e-01
3.372972972972972912e+02 3.818398253090672934e-01
3.401801801801801730e+02 3.759758891542596682e-01
3.430630630630630549e+02 3.698830352580842473e-01
3.459459459459459367e+02 3.636607486457628657e-01
3.488288288288288186e+02 3.574682930291017691e-01
3.517117117117117004e+02 3.515763561038162122e-01
3.545945945945945255e+02 3.464587185799156699e-01
3.574774774774774642e+02 3.428914416936033605e-01
3.603603603603602892e+02 3.418061963266811887e-01
3.632432432432431710e+02 3.435847951495497044e-01
3.661261261261261097e+02 3.476286441411334804e-01
3.690090090090089916e+02 3.529998406727015703e-01
3.718918918918918735e+02 3.590014128109963454e-01
3.747747747747747553e+02 3.652211322922974124e-01
3.776576576576576372e+02 3.714230236198091117e-01
3.805405405405405190e+02 3.774663537882889108e-01
3.834234234234234009e+02 3.832617741684432588e-01
3.863063063063063396e+02 3.887488312897594001e-01
3.891891891891891078e+02 3.938842364832987331e-01
3.920720720720719896e+02 3.986355117899827438e-01
3.949549549549549283e+02 4.029774008276356123e-01
3.978378378378378102e+02 4.068897580930069813e-01
4.007207207207206920e+02 4.103562611942556670e-01
4.036036036036035739e+02 4.133635991255684705e-01
4.064864864864864558e+02 4.159009461189101531e-01
4.093693693693693376e+02 4.179596129244920744e-01
4.122522522522522195e+02 4.195328123099870687e-01
4.151351351351351582e+02 4.206155009876172413e-01
4.180180180180179264e+02 4.212042750784167344e-01
4.209009009009009219e+02 4.212973053134948520e-01
4.237837837837837469e+02 4.208943040227925425e-01
4.266666666666666288e+02 4.199965200555020317e-01
4.295495495495495106e+02 4.186067610510194603e-01
4.324324324324323925e+02 4.167294456326209873e-01
4.353153153153152743e+02 4.143706917907770682e-01
4.381981981981981562e+02 4.115384527788190083e-01
4.410810810810810381e+02 4.082427194924371783e-01
4.439639639639639768e+02 4.044958206208870144e-01
4.468468468468467449e+02 4.003128725740265903e-01
4.497297297297297405e+02 3.957124673331305909e-01
4.526126126126125655e+02 3.907177516978092569e-01
4.554954954954954474e+02 3.853581738184853056e-01
4.583783783783783292e+02 3.796724110530215746e-01
4.612612612612612111e+02 3.737134739015044449e-01
4.641441441441440929e+02 3.675579819829455364e-01
4.670270270270269748e+02 3.613237179170351032e-01
4.699099099099097998e+02 3.552037921431415168e-01
4.727927927927927954e+02 3.495320039936039014e-01
4.756756756756756772e+02 3.448878961130640297e-01
4.785585585585585591e+02 3.421515348198324036e-01
4.814414414414413841e+02 3.421515348198326811e-01
4.843243243243242659e+02 3.448878961130646403e-01
4.872072072072071478e+02 3.495320039936040679e-01
4.900900900900900865e+02 3.552037921431420719e-01
4.929729729729730252e+02 3.613237179170353808e-01
4.958558558558557934e+02 3.675579819829453698e-01
4.987387387387387321e+02 3.737134739015051665e-01
5.016216216216216139e+02 3.796724110530212970e-01
5.045045045045044390e+02 3.853581738184857497e-01
5.073873873873873777e+02 3.907177516978092569e-01
5.102702702702702595e+02 3.957124673331309239e-01
5.131531531531531982e+02 4.003128725740267013e-01
5.160360360360359664e+02 4.044958206208877360e-01
5.189189189189188482e+02 4.082427194924371783e-01
5.218018018018017301e+02 4.115384527788197300e-01
5.246846846846846120e+02 4.143706917907780674e-01
5.275675675675676075e+02 4.167294456326209873e-01
5.304504504504503757e+02 4.186067610510200154e-01
5.333333333333332575e+02 4.199965200555024203e-01
5.362162162162162531e+02 4.208943040227931531e-01
5.390990990990990213e+02 4.212973053134957402e-01
5.419819819819819031e+02 4.212042750784180112e-01
5.448648648648648987e+02 4.206155009876181294e-01
5.477477477477477805e+02 4.195328123099871798e-01
5.506306306306306624e+02 4.179596129244929625e-01
5.535135135135134306e+02 4.159009461189107082e-01
5.563963963963963124e+02 4.133635991255690811e-01
5.592792792792791943e+02 4.103562611942566662e-01
5.621621621621620761e+02 4.068897580930079805e-01
5.650450450450450717e+02 4.029774008276355013e-01
5.679279279279279535e+02 3.986355117899834655e-01
5.708108108108108354e+02 3.938842364832990661e-01
5.736936936936936036e+02 3.887488312897601217e-01
5.765765765765764854e+02 3.832617741684441470e-01
5.794594594594593673e+02 3.774663537882896325e-01
5.823423423423423628e+02 3.714230236198093893e-01
5.852252252252252447e+02 3.652211322922976899e-01
5.881081081081080129e+02 3.590014128109970670e-01
5.909909909909910084e+02 3.529998406727016813e-01
5.938738738738738903e+02 3.476286441411337580e-01
5.967567567567566584e+02 3.435847951495497044e-01
5.996396396396395403e+02 3.418061963266810777e-01
6.025225225225225358e+02 3.428914416936029164e-01
6.054054054054054177e+02 3.464587185799153923e-01
6.082882882882881859e+02 3.515763561038157681e-01
6.111711711711710677e+02 3.574682930291012140e-01
6.140540540540539496e+02 3.636607486457625882e-01
6.169369369369368314e+02 3.698830352580832481e-01
6.198198198198198270e+02 3.759758891542595571e-01
6.227027027027027088e+02 3.818398253090672934e-01
6.255855855855855907e+02 3.874085643843223070e-01
6.284684684684684726e+02 3.926352730409166103e-01
6.313513513513512407e+02 3.974851862650126133e-01
6.342342342342341226e+02 4.019314833892665417e-01
6.371171171171171181e+02 4.059528864809557880e-01
6.400000000000000000e+02 4.095322079526403369e-01
6.428828828828828819e+02 4.126554421246759752e-01
6.457657657657656500e+02 4.153111802059050728e-01
6.486486486486486456e+02 4.174902244692030862e-01
6.515315315315315274e+02 4.191853295029087101e-01
6.544144144144144093e+02 4.203910276334053009e-01
6.572972972972972912e+02 4.211035125838440418e-01
6.601801801801801730e+02 4.213205656760914963e-01
6.630630630630629412e+02 4.210415153740342253e-01
6.659459459459459367e+02 4.202672253964614413e-01
6.688288288288287049e+02 4.190001100363527353e-01
6.717117117117115868e+02 4.172441784466816017e-01
6.745945945945945823e+02 4.150051131450772091e-01
6.774774774774774642e+02 4.122903926113233863e-01
6.803603603603603460e+02 4.091094747005817878e-01
6.832432432432431142e+02 4.054740684789833183e-01
6.861261261261261097e+02 4.013985402143126491e-01
6.890090090090088779e+02 3.969005305995852440e-01
6.918918918918918735e+02 3.920019164391945754e-01
6.947747747747748690e+02 3.867303542933777649e-01
6.976576576576576372e+02 3.811218445155800105e-01
7.005405405405404053e+02 3.752251560912422401e-01
7.034234234234234009e+02 3.691097842372441096e-01
7.063063063063062827e+02 3.628808657164225293e-01
7.091891891891890509e+02 3.567080724830198335e-01
7.120720720720720465e+02 3.508815643034319809e-01
7.149549549549549283e+02 3.459086770084390250e-01
7.178378378378378102e+02 3.426031088736762320e-01
7.207207207207205784e+02 3.418757353657227438e-01
7.236036036036035739e+02 3.439860664492598863e-01
7.264864864864863421e+02 3.482449601189453459e-01
7.293693693693693376e+02 3.537263231973274968e-01
7.322522522522522195e+02 3.597730608211329173e-01
7.351351351351351013e+02 3.660009082040033279e-01
7.380180180180179832e+02 3.721893159488248726e-01
7.409009009009007514e+02 3.782057938071916592e-01
7.437837837837837469e+02 3.839655392796094691e-01
7.466666666666665151e+02 3.894107393036790321e-01
7.495495495495495106e+02 3.944997296111077412e-01
7.524324324324325062e+02 3.992010920241171323e-01
7.553153153153152743e+02 4.034903029580326206e-01
7.581981981981981562e+02 4.073477529695550547e-01
7.610810810810810381e+02 4.107575332316719674e-01
7.639639639639639199e+02 4.137066677245762603e-01
7.668468468468468018e+02 4.161846139972614766e-01
7.697297297297296836e+02 4.181829315218276166e-01
7.726126126126126792e+02 4.196950584312830190e-01
7.754954954954954474e+02 4.207161611617966646e-01
7.783783783783782155e+02 4.212430354952185763e-01
7.812612612612612111e+02 4.212740460722477209e-01
7.841441441441439792e+02 4.208090970115955232e-01
7.870270270270269748e+02 4.198496302177913142e-01
7.899099099099098567e+02 4.183986511840960820e-01
7.927927927927927385e+02 4.164607852805203292e-01
7.956756756756756204e+02 4.140423713313678977e-01
7.985585585585583885e+02 4.111516045872058434e-01
8.014414414414413841e+02 4.077987492909627698e-01
8.043243243243243796e+02 4.039964541530434716e-01
8.072072072072071478e+02 3.997602262162396891e-01
8.100900900900901433e+02 3.951091574351306979e-01
8.129729729729729115e+02 3.900670688124814878e-01
8.158558558558557934e+02 3.846643696969644366e-01
8.187387387387386752e+02 3.789411893372036655e-01
8.216216216216216708e+02 3.729528638838912058e-01
8.245045045045044390e+02 3.667799610458569171e-01
8.273873873873873208e+02 3.605473373518554014e-01
8.302702702702703164e+02 3.544612824643302851e-01
8.331531531531530845e+02 3.488799372600970283e-01
8.360360360360358527e+02 3.444211058392307456e-01
8.389189189189188482e+02 3.419911063334376555e-01
8.418018018018018438e+02 3.423559689232470449e-01
8.446846846846846120e+02 3.453844184891370350e-01
8.475675675675674938e+02 3.501996777339156375e-01
8.504504504504503757e+02 3.559529897599895687e-01
8.533333333333332575e+02 3.621017130686879915e-01
8.562162162162160257e+02 3.683346807454447314e-01
8.590990990990990213e+02 3.744709626196348617e-01
8.619819819819820168e+02 3.803993354579685571e-01
8.648648648648647850e+02 3.860468635876377341e-01
8.677477477477477805e+02 3.913627221268662359e-01
8.706306306306305487e+02 3.963096082437076451e-01
8.735135135135134306e+02 4.008589904327073405e-01
8.763963963963963124e+02 4.049883694291335767e-01
8.792792792792793080e+02 4.086796366973555195e-01
8.821621621621620761e+02 4.119180559005239939e-01
8.850450450450449580e+02 4.146916114487882998e-01
8.879279279279279535e+02 4.169905811680277852e-01
8.908108108108107217e+02 4.188072506787208771e-01
8.936936936936934899e+02 4.201357207244254544e-01
8.965765765765764854e+02 4.209717780617035499e-01
8.994594594594594810e+02 4.213128120973092527e-01
9.023423423423422491e+02 4.211577666926129559e-01
9.052252252252251310e+02 4.205071213850860024e-01
9.081081081081080129e+02 4.193628998641993344e-01
9.109909909909908947e+02 4.177287066723157638e-01
9.138738738738738903e+02 4.156097964373611231e-01
9.167567567567566584e+02 4.130131841984864272e-01
9.196396396396396540e+02 4.099478115446916759e-01
9.225225225225224222e+02 4.064247929318624553e-01
9.254054054054053040e+02 4.024577824401711634e-01
9.282882882882881859e+02 3.980635284769801774e-01
9.311711711711710677e+02 3.932627323058958679e-01
9.340540540540539496e+02 3.880814152959390362e-01
9.369369369369368314e+02 3.825531697263349629e-01
9.398198198198195996e+02 3.767230048332445014e-01
9.427027027027027088e+02 3.706541913300419600e-01
9.455855855855855907e+02 3.644409622253724779e-01
9.484684684684684726e+02 3.582329557336789150e-01
9.513513513513513544e+02 3.522828293553617596e-01
9.542342342342341226e+02 3.470326488386701325e-01
9.571171171171171181e+02 3.432192788816028073e-01
9.599999999999998863e+02 3.417829634158933705e-01
9.628828828828827682e+02 3.432192788816023632e-01
9.657657657657656500e+02 3.470326488386695218e-01
9.686486486486485319e+02 3.522828293553611489e-01
9.715315315315313001e+02 3.582329557336783599e-01
9.744144144144142956e+02 3.644409622253714787e-01
9.772972972972970638e+02 3.706541913300409052e-01
9.801801801801801730e+02 3.767230048332437242e-01
9.830630630630630549e+02 3.825531697263342412e-01
9.859459459459460504e+02 3.880814152959385921e-01
9.888288288288288186e+02 3.932627323058948687e-01
9.917117117117115868e+02 3.980635284769790116e-01
9.945945945945945823e+02 4.024577824401705528e-01
9.974774774774774642e+02 4.064247929318615671e-01
1.000360360360360232e+03 4.099478115446905102e-01
1.003243243243243228e+03 4.130131841984855945e-01
1.006126126126125996e+03 4.156097964373608455e-01
1.009009009009008878e+03 4.177287066723150422e-01
1.011891891891891760e+03 4.193628998641992234e-01
1.014774774774774755e+03 4.205071213850848366e-01
1.017657657657657751e+03 4.211577666926124008e-01
1.020540540540540519e+03 4.213128120973099744e-01
1.023423423423423401e+03 4.209717780617026617e-01
1.026306306306306396e+03 4.201357207244250103e-01
1.029189189189189165e+03 4.188072506787208771e-01
1.032072072072071933e+03 4.169905811680273966e-01
1.034954954954954928e+03 4.146916114487884664e-01
1.037837837837837696e+03 4.119180559005243270e-01
1.040720720720720465e+03 4.086796366973556860e-01
1.043603603603603460e+03 4.049883694291328551e-01
1.046486486486486228e+03 4.008589904327076736e-01
1.049369369369369224e+03 3.963096082437073675e-01
1.052252252252252219e+03 3.913627221268661249e-01
1.055135135135135215e+03 3.860468635876371235e-01
1.058018018018017983e+03 3.803993354579681685e-01
1.060900900900900751e+03 3.744709626196351393e-01
1.063783783783783747e+03 3.683346807454448979e-01
1.066666666666666515e+03 3.621017130686881025e-01
1.069549549549549511e+03 3.559529897599900128e-01
1.072432432432432506e+03 3.501996777339155265e-01
1.075315315315315274e+03 3.453844184891371460e-01
1.078198198198198043e+03 3.423559689232470449e-01
1.081081081081081038e+03 3.419911063334376555e-01
1.083963963963963806e+03 3.444211058392304681e-01
1.086846846846846574e+03 3.488799372600967508e-01
1.089729729729729797e+03 3.544612824643302851e-01
1.092612612612612565e+03 3.605473373518558455e-01
1.095495495495495561e+03 3.667799610458569171e-01
1.098378378378378329e+03 3.729528638838913168e-01
1.101261261261261325e+03 3.789411893372036655e-01
1.104144144144144093e+03 3.846643696969644366e-01
1.107027027027026861e+03 3.900670688124816543e-01
1.109909909909909857e+03 3.951091574351302538e-01
1.112792792792792625e+03 3.997602262162394116e-01
1.115675675675675620e+03 4.039964541530431941e-01
1.118558558558558389e+03 4.077987492909626033e-01
1.121441441441441384e+03 4.111516045872062874e-01
1.124324324324324152e+03 4.140423713313676202e-01
1.127207207207207148e+03 4.164607852805200516e-01
1.130090090090090143e+03 4.183986511840962486e-01
1.132972972972972912e+03 4.198496302177908701e-01
1.135855855855855907e+03 4.208090970115956897e-01
1.138738738738738675e+03 4.212740460722469993e-01
1.141621621621621671e+03 4.212430354952185763e-01
1.144504504504504439e+03 4.207161611617965535e-01
1.147387387387387207e+03 4.196950584312827415e-01
1.150270270270270203e+03 4.181829315218280607e-01
1.153153153153152971e+03 4.161846139972611991e-01
1.156036036036035739e+03 4.137066677245765378e-01
1.158918918918918735e+03 4.107575332316722450e-01
1.161801801801801503e+03 4.073477529695553878e-01
1.164684684684684726e+03 4.034903029580327871e-01
1.167567567567567494e+03 3.992010920241169658e-01
1.170450450450450489e+03 3.944997296111081853e-01
1.173333333333333258e+03 3.894107393036797538e-01
1.176216216216216026e+03 3.839655392796100242e-01
1.179099099099099021e+03 3.782057938071918257e-01
1.181981981981982017e+03 3.721893159488244840e-01
1.184864864864864785e+03 3.660009082040030504e-01
1.187747747747747781e+03 3.597730608211327508e-01
1.190630630630630549e+03 3.537263231973273303e-01
1.193513513513513317e+03 3.482449601189453459e-01
1.196396396396396312e+03 3.439860664492596087e-01
1.199279279279279081e+03 3.418757353657225773e-01
1.202162162162162304e+03 3.426031088736759544e-01
1.205045045045045072e+03 3.459086770084389140e-01
1.207927927927927840e+03 3.508815643034318699e-01
1.210810810810810835e+03 3.567080724830196670e-01
1.213693693693693604e+03 3.628808657164216966e-01
1.216576576576576372e+03 3.691097842372433879e-01
1.219459459459459367e+03 3.752251560912421291e-01
1.222342342342342135e+03 3.811218445155791223e-01
1.225225225225225131e+03 3.867303542933771543e-01
1.228108108108107899e+03 3.920019164391954636e-01
1.230990990990990895e+03 3.969005305995847999e-01
1.233873873873873663e+03 4.013985402143129266e-01
1.236756756756756658e+03 4.054740684789830407e-01
1.239639639639639654e+03 4.091094747005815102e-01
1.242522522522522422e+03 4.122903926113239415e-01
1.245405405405405418e+03 4.150051131450769315e-01
1.248288288288288186e+03 4.172441784466817682e-01
1.251171171171171181e+03 4.190001100363532904e-01
1.254054054054053950e+03 4.202672253964612747e-01
1.256936936936936945e+03 4.210415153740347805e-01
1.259819819819819713e+03 4.213205656760918294e-01
1.262702702702702481e+03 4.211035125838445969e-01
1.265585585585585477e+03 4.203910276334061891e-01
1.268468468468468245e+03 4.191853295029097648e-01
1.271351351351351013e+03 4.174902244692035302e-01
1.274234234234234236e+03 4.153111802059063495e-01
1.277117117117117004e+03 4.126554421246766968e-01
1.280000000000000000e+03 4.095322079526416692e-01
1.282882882882882768e+03 4.059528864809567872e-01
1.285765765765765764e+03 4.019314833892665417e-01
1.288648648648648532e+03 3.974851862650133349e-01
1.291531531531531300e+03 3.926352730409172209e-01
1.294414414414414296e+03 3.874085643843236393e-01
1.297297297297297291e+03 3.818398253090679040e-01
1.300180180180180059e+03 3.759758891542603898e-01
1.303063063063063055e+03 3.698830352580845804e-01
1.305945945945945823e+03 3.636607486457637539e-01
1.308828828828828819e+03 3.574682930291019356e-01
1.311711711711711814e+03 3.515763561038162122e-01
1.314594594594594582e+03 3.464587185799152258e-01
1.317477477477477350e+03 3.428914416936035270e-01
1.320360360360360346e+03 3.418061963266811887e-01
1.323243243243243342e+03 3.435847951495495378e-01
1.326126126126125882e+03 3.476286441411330363e-01
1.329009009009008878e+03 3.529998406727009597e-01
1.331891891891891873e+03 3.590014128109962344e-01
1.334774774774774642e+03 3.652211322922968018e-01
1.337657657657657410e+03 3.714230236198085011e-01
1.340540540540540405e+03 3.774663537882883002e-01
1.343423423423423174e+03 3.832617741684425372e-01
1.346306306306306169e+03 3.887488312897586784e-01
1.349189189189189165e+03 3.938842364832984555e-01
1.352072072072071933e+03 3.986355117899824663e-01
1.354954954954954928e+03 4.029774008276350572e-01
1.357837837837837696e+03 4.068897580930065372e-01
1.360720720720720692e+03 4.103562611942555005e-01
1.363603603603603688e+03 4.133635991255679154e-01
1.366486486486486228e+03 4.159009461189098200e-01
1.369369369369369224e+03 4.179596129244920744e-01
1.372252252252252219e+03 4.195328123099870687e-01
1.375135135135135215e+03 4.206155009876174078e-01
1.378018018018017756e+03 4.212042750784172895e-01
1.380900900900900751e+03 4.212973053134950185e-01
1.383783783783783747e+03 4.208943040227927090e-01
1.386666666666666742e+03 4.199965200555021427e-01
1.389549549549549738e+03 4.186067610510195713e-01
1.392432432432432279e+03 4.167294456326208762e-01
1.395315315315315274e+03 4.143706917907773457e-01
1.398198198198198270e+03 4.115384527788186753e-01
1.401081081081080811e+03 4.082427194924373448e-01
1.403963963963963806e+03 4.044958206208874585e-01
1.406846846846846802e+03 4.003128725740273119e-01
1.409729729729729570e+03 3.957124673331310349e-01
1.412612612612612565e+03 3.907177516978093679e-01
1.415495495495495334e+03 3.853581738184857497e-01
1.418378378378378102e+03 3.796724110530224627e-01
1.421261261261261325e+03 3.737134739015048335e-01
1.424144144144144093e+03 3.675579819829458139e-01
1.427027027027027088e+03 3.613237179170353808e-01
1.429909909909909857e+03 3.552037921431419609e-01
1.432792792792792625e+03 3.495320039936042344e-01
1.435675675675675620e+03 3.448878961130646403e-01
1.438558558558558616e+03 3.421515348198330142e-01
1.441441441441441157e+03 3.421515348198328477e-01
1.444324324324324152e+03 3.448878961130646403e-01
1.447207207207207148e+03 3.495320039936037904e-01
1.450090090090089916e+03 3.552037921431415168e-01
1.452972972972972684e+03 3.613237179170346591e-01
1.455855855855855680e+03 3.675579819829449257e-01
1.458738738738738675e+03 3.737134739015047225e-01
1.461621621621621671e+03 3.796724110530217411e-01
1.464504504504504439e+03 3.853581738184855832e-01
1.467387387387387207e+03 3.907177516978089238e-01
1.470270270270270203e+03 3.957124673331309239e-01
1.473153153153152971e+03 4.003128725740267013e-01
1.476036036036035966e+03 4.044958206208871809e-01
1.478918918918918962e+03 4.082427194924371783e-01
1.481801801801801503e+03 4.115384527788186753e-01
1.484684684684684498e+03 4.143706917907770682e-01
1.487567567567567494e+03 4.167294456326214314e-01
1.490450450450450035e+03 4.186067610510192938e-01
1.493333333333333030e+03 4.199965200555020317e-01
1.496216216216216253e+03 4.208943040227927090e-01
1.499099099099099021e+03 4.212973053134950185e-01
1.501981981981982017e+03 4.212042750784170120e-01
1.504864864864865012e+03 4.206155009876174078e-01
1.507747747747747553e+03 4.195328123099867357e-01
1.510630630630630549e+03 4.179596129244925184e-01
1.513513513513513544e+03 4.159009461189105972e-01
1.516396396396396312e+03 4.133635991255684705e-01
1.519279279279279081e+03 4.103562611942562777e-01
1.522162162162162076e+03 4.068897580930074254e-01
1.525045045045044844e+03 4.029774008276352237e-01
1.527927927927927840e+03 3.986355117899829104e-01
1.530810810810810835e+03 3.938842364832990661e-01
1.533693693693693604e+03 3.887488312897595111e-01
1.536576576576576599e+03 3.832617741684435364e-01
1.539459459459459367e+03 3.774663537882889108e-01
1.542342342342342363e+03 3.714230236198093893e-01
1.545225225225225358e+03 3.652211322922969683e-01
1.548108108108107899e+03 3.590014128109963454e-01
1.550990990990990895e+03 3.529998406727012372e-01
1.553873873873873890e+03 3.476286441411333139e-01
1.556756756756756431e+03 3.435847951495497044e-01
1.559639639639639427e+03 3.418061963266810777e-01
1.562522522522522422e+03 3.428914416936031939e-01
1.565405405405405190e+03 3.464587185799153923e-01
1.568288288288287958e+03 3.515763561038154905e-01
1.571171171171170954e+03 3.574682930291017691e-01
1.574054054054053950e+03 3.636607486457627547e-01
1.576936936936936945e+03 3.698830352580845804e-01
1.579819819819819713e+03 3.759758891542595571e-01
1.582702702702702481e+03 3.818398253090677374e-01
1.585585585585585477e+03 3.874085643843226401e-01
1.588468468468468245e+03 3.926352730409169434e-01
1.591351351351351241e+03 3.974851862650128909e-01
1.594234234234234236e+03 4.019314833892663752e-01
1.597117117117116777e+03 4.059528864809567872e-01
1.599999999999999773e+03 4.095322079526415027e-01
1.602882882882882768e+03 4.126554421246758086e-01
1.605765765765765764e+03 4.153111802059059054e-01
1.608648648648648759e+03 4.174902244692034192e-01
1.611531531531531527e+03 4.191853295029094317e-01
1.614414414414414296e+03 4.203910276334059115e-01
1.617297297297297291e+03 4.211035125838440418e-01
1.620180180180180287e+03 4.213205656760921070e-01
1.623063063063062827e+03 4.210415153740343364e-01
1.625945945945945823e+03 4.202672253964623295e-01
1.628828828828828819e+03 4.190001100363530129e-01
1.631711711711711587e+03 4.172441784466824899e-01
1.634594594594594355e+03 4.150051131450775421e-01
1.637477477477477350e+03 4.122903926113236639e-01
1.640360360360360119e+03 4.091094747005826759e-01
1.643243243243243342e+03 4.054740684789842065e-01
1.646126126126126110e+03 4.013985402143130932e-01
1.649009009009008878e+03 3.969005305995855215e-01
1.651891891891891873e+03 3.920019164391951860e-01
1.654774774774774642e+03 3.867303542933784866e-01
1.657657657657657637e+03 3.811218445155802881e-01
1.660540540540540633e+03 3.752251560912425732e-01
1.663423423423423174e+03 3.691097842372443871e-01
1.666306306306306169e+03 3.628808657164231399e-01
1.669189189189189165e+03 3.567080724830202776e-01
1.672072072072071705e+03 3.508815643034324250e-01
1.674954954954954701e+03 3.459086770084394691e-01
1.677837837837837696e+03 3.426031088736762320e-01
1.680720720720720692e+03 3.418757353657228548e-01
1.683603603603603688e+03 3.439860664492597198e-01
1.686486486486486228e+03 3.482449601189449018e-01
1.689369369369369224e+03 3.537263231973266087e-01
1.692252252252252219e+03 3.597730608211323067e-01
1.695135135135134988e+03 3.660009082040021622e-01
1.698018018018017983e+03 3.721893159488238734e-01
1.700900900900900751e+03 3.782057938071915482e-01
1.703783783783783520e+03 3.839655392796091360e-01
1.706666666666666515e+03 3.894107393036785880e-01
1.709549549549549511e+03 3.944997296111070195e-01
1.712432432432432051e+03 3.992010920241159666e-01
1.715315315315315047e+03 4.034903029580321765e-01
1.718198198198198043e+03 4.073477529695546662e-01
1.721081081081081038e+03 4.107575332316716898e-01
1.723963963963964034e+03 4.137066677245765378e-01
1.726846846846846574e+03 4.161846139972610326e-01
1.729729729729729570e+03 4.181829315218273391e-01
1.732612612612612565e+03 4.196950584312825749e-01
1.735495495495495561e+03 4.207161611617963870e-01
1.738378378378378102e+03 4.212430354952186873e-01
1.741261261261261097e+03 4.212740460722471658e-01
1.744144144144144093e+03 4.208090970115958562e-01
1.747027027027026861e+03 4.198496302177914252e-01
1.749909909909909629e+03 4.183986511840954714e-01
1.752792792792792625e+03 4.164607852805200516e-01
1.755675675675675620e+03 4.140423713313680643e-01
1.758558558558558616e+03 4.111516045872061209e-01
1.761441441441441384e+03 4.077987492909628808e-01
1.764324324324324152e+03 4.039964541530434716e-01
1.767207207207207148e+03 3.997602262162399667e-01
1.770090090090089916e+03 3.951091574351308644e-01
1.772972972972972912e+03 3.900670688124819319e-01
1.775855855855855907e+03 3.846643696969648807e-01
1.778738738738738448e+03 3.789411893372044982e-01
1.781621621621621443e+03 3.729528638838920940e-01
1.784504504504504439e+03 3.667799610458576387e-01
1.787387387387386980e+03 3.605473373518564006e-01
1.790270270270270430e+03 3.544612824643305626e-01
1.793153153153152971e+03 3.488799372600973614e-01
1.796036036036035966e+03 3.444211058392308566e-01
1.798918918918918962e+03 3.419911063334378221e-01
1.801801801801801503e+03 3.423559689232472114e-01
1.804684684684684498e+03 3.453844184891367575e-01
1.807567567567567494e+03 3.501996777339151934e-01
1.810450450450450262e+03 3.559529897599892911e-01
1.813333333333333258e+03 3.621017130686877139e-01
1.816216216216216026e+03 3.683346807454441207e-01
1.819099099099098794e+03 3.744709626196345287e-01
1.821981981981981789e+03 3.803993354579681685e-01
1.824864864864864785e+03 3.860468635876370125e-01
1.827747747747747781e+03 3.913627221268659584e-01
1.830630630630630549e+03 3.963096082437069234e-01
1.833513513513513317e+03 4.008589904327077846e-01
1.836396396396396085e+03 4.049883694291316893e-01
1.839279279279279308e+03 4.086796366973550754e-01
1.842162162162161849e+03 4.119180559005238829e-01
1.845045045045044844e+03 4.146916114487884664e-01
1.847927927927928067e+03 4.169905811680273966e-01
1.850810810810810608e+03 4.188072506787205995e-01
1.853693693693693831e+03 4.201357207244251768e-01
1.856576576576576372e+03 4.209717780617026617e-01
1.859459459459459367e+03 4.213128120973098634e-01
1.862342342342342135e+03 4.211577666926126784e-01
1.865225225225225358e+03 4.205071213850855583e-01
1.868108108108107899e+03 4.193628998641997785e-01
1.870990990990990895e+03 4.177287066723149311e-01
1.873873873873873663e+03 4.156097964373611231e-01
1.876756756756756658e+03 4.130131841984859831e-01
1.879639639639639199e+03 4.099478115446912319e-01
1.882522522522522422e+03 4.064247929318625663e-01
1.885405405405405418e+03 4.024577824401704418e-01
1.888288288288288186e+03 3.980635284769798443e-01
1.891171171171171181e+03 3.932627323058950353e-01
1.894054054054053722e+03 3.880814152959388696e-01
1.896936936936936945e+03 3.825531697263340747e-01
1.899819819819819713e+03 3.767230048332440573e-01
1.902702702702702709e+03 3.706541913300415159e-01
1.905585585585585250e+03 3.644409622253724779e-01
1.908468468468468245e+03 3.582329557336785264e-01
1.911351351351351013e+03 3.522828293553621481e-01
1.914234234234234236e+03 3.470326488386699659e-01
1.917117117117117004e+03 3.432192788816026408e-01
1.919999999999999773e+03 3.417829634158935370e-01
1.922882882882882768e+03 3.432192788816028073e-01
1.925765765765765536e+03 3.470326488386697994e-01
1.928648648648648759e+03 3.522828293553613155e-01
1.931531531531531300e+03 3.582329557336781933e-01
1.934414414414414296e+03 3.644409622253722003e-01
1.937297297297297064e+03 3.706541913300407942e-01
1.940180180180180059e+03 3.767230048332440573e-01
1.943063063063062600e+03 3.825531697263340747e-01
1.945945945945945823e+03 3.880814152959387586e-01
1.948828828828828591e+03 3.932627323058951463e-01
1.951711711711711587e+03 3.980635284769794002e-01
1.954594594594594128e+03 4.024577824401702753e-01
1.957477477477477123e+03 4.064247929318618446e-01
1.960360360360360346e+03 4.099478115446916759e-01
1.963243243243243114e+03 4.130131841984863161e-01
1.966126126126126110e+03 4.156097964373614007e-01
1.969009009009008651e+03 4.177287066723152087e-01
1.971891891891892101e+03 4.193628998641997785e-01
1.974774774774774414e+03 4.205071213850856693e-01
1.977657657657657637e+03 4.211577666926129559e-01
1.980540540540540405e+03 4.213128120973102519e-01
1.983423423423423174e+03 4.209717780617032723e-01
1.986306306306305942e+03 4.201357207244263425e-01
1.989189189189189165e+03 4.188072506787210436e-01
1.992072072072071933e+03 4.169905811680283958e-01
1.994954954954954928e+03 4.146916114487893545e-01
1.997837837837837696e+03 4.119180559005247710e-01
2.000720720720720465e+03 4.086796366973557970e-01
2.003603603603603688e+03 4.049883694291329661e-01
2.006486486486486456e+03 4.008589904327082287e-01
2.009369369369369451e+03 3.963096082437076451e-01
2.012252252252251992e+03 3.913627221268672907e-01
2.015135135135134988e+03 3.860468635876379007e-01
2.018018018018017756e+03 3.803993354579693342e-01
2.020900900900900979e+03 3.744709626196360275e-01
2.023783783783783520e+03 3.683346807454451755e-01
2.026666666666666515e+03 3.621017130686887131e-01
2.029549549549549511e+03 3.559529897599898463e-01
2.032432432432432279e+03 3.501996777339156375e-01
2.035315315315315502e+03 3.453844184891370350e-01
2.038198198198198043e+03 3.423559689232473224e-01
2.041081081081081038e+03 3.419911063334374890e-01
2.043963963963963806e+03 3.444211058392300240e-01
2.046846846846846802e+03 3.488799372600970283e-01
2.049729729729729570e+03 3.544612824643295634e-01
2.052612612612612793e+03 3.605473373518554014e-01
2.055495495495495106e+03 3.667799610458558623e-01
2.058378378378378329e+03 3.729528638838909282e-01
2.061261261261261097e+03 3.789411893372030549e-01
2.064144144144143866e+03 3.846643696969641590e-01
2.067027027027027088e+03 3.900670688124814878e-01
2.069909909909909857e+03 3.951091574351299762e-01
2.072792792792792625e+03 3.997602262162394116e-01
2.075675675675675393e+03 4.039964541530425834e-01
2.078558558558558616e+03 4.077987492909628808e-01
2.081441441441440929e+03 4.111516045872052882e-01
2.084324324324324152e+03 4.140423713313681753e-01
2.087207207207206920e+03 4.164607852805196075e-01
2.090090090090090143e+03 4.183986511840954714e-01
2.092972972972972457e+03 4.198496302177905926e-01
2.095855855855855680e+03 4.208090970115955232e-01
2.098738738738738448e+03 4.212740460722474434e-01
2.101621621621621671e+03 4.212430354952191314e-01
2.104504504504504439e+03 4.207161611617962205e-01
2.107387387387387207e+03 4.196950584312827415e-01
2.110270270270270430e+03 4.181829315218278942e-01
2.113153153153153198e+03 4.161846139972610326e-01
2.116036036036035966e+03 4.137066677245767043e-01
2.118918918918918735e+03 4.107575332316720784e-01
2.121801801801801503e+03 4.073477529695553878e-01
2.124684684684684271e+03 4.034903029580331757e-01
2.127567567567567494e+03 3.992010920241171323e-01
2.130450450450450262e+03 3.944997296111082963e-01
2.133333333333333030e+03 3.894107393036797538e-01
2.136216216216215798e+03 3.839655392796106348e-01
2.139099099099099021e+03 3.782057938071924363e-01
2.141981981981982244e+03 3.721893159488245950e-01
2.144864864864865012e+03 3.660009082040033279e-01
2.147747747747747781e+03 3.597730608211330283e-01
2.150630630630630549e+03 3.537263231973280520e-01
2.153513513513513317e+03 3.482449601189454569e-01
2.156396396396396085e+03 3.439860664492603304e-01
2.159279279279279308e+03 3.418757353657227438e-01
2.162162162162162076e+03 3.426031088736757879e-01
2.165045045045044844e+03 3.459086770084389140e-01
2.167927927927927612e+03 3.508815643034317033e-01
2.170810810810810381e+03 3.567080724830189453e-01
2.173693693693693149e+03 3.628808657164212526e-01
2.176576576576576372e+03 3.691097842372431104e-01
2.179459459459459595e+03 3.752251560912419626e-01
2.182342342342342363e+03 3.811218445155791223e-01
2.185225225225225131e+03 3.867303542933779315e-01
2.188108108108107899e+03 3.920019164391940203e-01
2.190990990990991122e+03 3.969005305995847999e-01
2.193873873873873890e+03 4.013985402143122050e-01
2.196756756756756658e+03 4.054740684789833183e-01
2.199639639639639427e+03 4.091094747005811771e-01
2.202522522522522650e+03 4.122903926113230533e-01
2.205405405405404963e+03 4.150051131450768205e-01
2.208288288288288186e+03 4.172441784466816017e-01
2.211171171171170954e+03 4.190001100363520137e-01
2.214054054054053722e+03 4.202672253964611637e-01
2.216936936936936945e+03 4.210415153740340588e-01
2.219819819819819713e+03 4.213205656760913853e-01
2.222702702702702936e+03 4.211035125838441529e-01
2.225585585585585250e+03 4.203910276334059115e-01
2.228468468468468473e+03 4.191853295029088766e-01
2.231351351351351241e+03 4.174902244692036968e-01
2.234234234234234464e+03 4.153111802059059054e-01
2.237117117117116777e+03 4.126554421246759752e-01
2.240000000000000000e+03 4.095322079526401704e-01
2.242882882882882768e+03 4.059528864809562321e-01
2.245765765765765536e+03 4.019314833892666528e-01
2.248648648648648305e+03 3.974851862650130574e-01
2.251531531531531527e+03 3.926352730409170544e-01
2.254414414414414296e+03 3.874085643843227511e-01
2.257297297297297064e+03 3.818398253090674599e-01
2.260180180180180287e+03 3.759758891542596682e-01
2.263063063063062600e+03 3.698830352580845804e-01
2.265945945945945823e+03 3.636607486457627547e-01
2.268828828828828591e+03 3.574682930291021021e-01
2.271711711711711814e+03 3.515763561038156015e-01
2.274594594594594128e+03 3.464587185799158364e-01
2.277477477477477350e+03 3.428914416936033605e-01
2.280360360360360119e+03 3.418061963266809111e-01
2.283243243243243342e+03 3.435847951495495378e-01
2.286126126126125655e+03 3.476286441411327588e-01
2.289009009009008878e+03 3.529998406727011262e-01
2.291891891891891646e+03 3.590014128109966229e-01
2.294774774774774414e+03 3.652211322922969683e-01
2.297657657657657637e+03 3.714230236198096669e-01
2.300540540540540405e+03 3.774663537882885778e-01
2.303423423423423174e+03 3.832617741684435364e-01
2.306306306306305942e+03 3.887488312897590670e-01
2.309189189189189165e+03 3.938842364832990661e-01
2.312072072072071478e+03 3.986355117899822997e-01
2.314954954954954701e+03 4.029774008276352237e-01
2.317837837837837469e+03 4.068897580930069813e-01
2.320720720720720692e+03 4.103562611942565552e-01
2.323603603603603005e+03 4.133635991255684705e-01
2.326486486486486683e+03 4.159009461189107082e-01
2.329369369369369451e+03 4.179596129244935176e-01
2.332252252252252219e+03 4.195328123099880679e-01
2.335135135135134988e+03 4.206155009876176853e-01
2.338018018018017756e+03 4.212042750784175671e-01
2.340900900900900979e+03 4.212973053134961843e-01
2.343783783783783747e+03 4.208943040227932642e-01
2.346666666666666515e+03 4.199965200555031974e-01
2.349549549549549283e+03 4.186067610510201820e-01
2.352432432432432051e+03 4.167294456326217644e-01
2.355315315315314820e+03 4.143706917907779008e-01
2.358198198198198043e+03 4.115384527788195634e-01
2.361081081081080811e+03 4.082427194924383440e-01
2.363963963963964034e+03 4.044958206208883467e-01
2.366846846846846802e+03 4.003128725740271454e-01
2.369729729729729570e+03 3.957124673331319231e-01
2.372612612612612793e+03 3.907177516978098120e-01
2.375495495495495561e+03 3.853581738184869154e-01
2.378378378378378329e+03 3.796724110530222962e-01
2.381261261261261097e+03 3.737134739015057217e-01
2.384144144144143866e+03 3.675579819829460915e-01
2.387027027027026634e+03 3.613237179170362690e-01
2.389909909909909857e+03 3.552037921431425160e-01
2.392792792792792625e+03 3.495320039936049561e-01
2.395675675675675393e+03 3.448878961130651954e-01
2.398558558558558161e+03 3.421515348198326811e-01
2.401441441441440929e+03 3.421515348198324036e-01
2.404324324324324607e+03 3.448878961130639187e-01
2.407207207207206920e+03 3.495320039936031797e-01
2.410090090090090143e+03 3.552037921431413503e-01
2.412972972972972912e+03 3.613237179170339375e-01
2.415855855855855680e+03 3.675579819829449257e-01
2.418738738738738448e+03 3.737134739015038343e-01
2.421621621621621671e+03 3.796724110530211305e-01
2.424504504504504439e+03 3.853581738184846950e-01
2.427387387387387207e+03 3.907177516978083687e-01
2.430270270270269975e+03 3.957124673331301468e-01
2.433153153153152743e+03 4.003128725740262572e-01
2.436036036036035966e+03 4.044958206208869034e-01
2.438918918918918735e+03 4.082427194924371783e-01
2.441801801801801957e+03 4.115384527788186753e-01
2.444684684684684271e+03 4.143706917907766241e-01
2.447567567567567494e+03 4.167294456326207097e-01
2.450450450450450262e+03 4.186067610510195713e-01
2.453333333333333485e+03 4.199965200555018652e-01
2.456216216216215798e+03 4.208943040227925425e-01
2.459099099099099021e+03 4.212973053134948520e-01
2.461981981981981789e+03 4.212042750784170120e-01
2.464864864864865012e+03 4.206155009876175188e-01
2.467747747747747326e+03 4.195328123099873463e-01
2.470630630630630549e+03 4.179596129244920744e-01
2.473513513513513317e+03 4.159009461189105972e-01
2.476396396396396085e+03 4.133635991255684705e-01
2.479279279279279308e+03 4.103562611942561111e-01
2.482162162162162076e+03 4.068897580930074254e-01
2.485045045045044844e+03 4.029774008276356123e-01
2.487927927927927612e+03 3.986355117899831879e-01
2.490810810810810835e+03 3.938842364832990661e-01
2.493693693693693149e+03 3.887488312897603993e-01
2.496576576576576372e+03 3.832617741684437029e-01
2.499459459459459140e+03 3.774663537882899100e-01
2.502342342342342363e+03 3.714230236198095558e-01
2.505225225225224676e+03 3.652211322922982450e-01
2.508108108108107899e+03 3.590014128109969560e-01
2.510990990990991122e+03 3.529998406727015703e-01
2.513873873873873890e+03 3.476286441411337580e-01
2.516756756756756658e+03 3.435847951495499819e-01
2.519639639639639427e+03 3.418061963266813552e-01
2.522522522522522195e+03 3.428914416936031939e-01
2.525405405405404963e+03 3.464587185799149482e-01
2.528288288288288186e+03 3.515763561038154905e-01
2.531171171171170954e+03 3.574682930291009364e-01
2.534054054054053722e+03 3.636607486457625882e-01
2.536936936936936490e+03 3.698830352580829706e-01
2.539819819819819713e+03 3.759758891542591130e-01
2.542702702702702027e+03 3.818398253090664607e-01
2.545585585585585704e+03 3.874085643843221960e-01
2.548468468468468473e+03 3.926352730409169434e-01
2.551351351351351241e+03 3.974851862650126133e-01
2.554234234234234009e+03 4.019314833892663752e-01
2.557117117117116777e+03 4.059528864809559545e-01
2.560000000000000000e+03 4.095322079526410586e-01
2.562882882882882768e+03 4.126554421246758086e-01
2.565765765765765536e+03 4.153111802059056279e-01
2.568648648648648305e+03 4.174902244692028086e-01
2.571531531531531527e+03 4.191853295029089876e-01
2.574414414414414296e+03 4.203910276334054674e-01
2.577297297297297064e+03 4.211035125838438753e-01
2.580180180180179832e+03 4.213205656760914963e-01
2.583063063063062600e+03 4.210415153740340588e-01
2.585945945945946278e+03 4.202672253964609972e-01
2.588828828828828591e+03 4.190001100363528463e-01
2.591711711711711814e+03 4.172441784466813242e-01
2.594594594594594582e+03 4.150051131450769315e-01
2.597477477477477350e+03 4.122903926113230533e-01
2.600360360360360119e+03 4.091094747005813437e-01
2.603243243243243342e+03 4.054740684789834848e-01
2.606126126126126110e+03 4.013985402143128156e-01
2.609009009009008423e+03 3.969005305995846333e-01
2.611891891891891646e+03 3.920019164391951860e-01
2.614774774774774414e+03 3.867303542933777649e-01
2.617657657657657637e+03 3.811218445155806211e-01
2.620540540540540405e+03 3.752251560912426842e-01
2.623423423423423628e+03 3.691097842372439986e-01
2.626306306306305942e+03 3.628808657164219742e-01
2.629189189189189165e+03 3.567080724830195559e-01
2.632072072072071933e+03 3.508815643034325915e-01
2.634954954954954701e+03 3.459086770084399132e-01
2.637837837837837469e+03 3.426031088736762320e-01
2.640720720720720692e+03 3.418757353657228548e-01
2.643603603603603460e+03 3.439860664492594422e-01
2.646486486486486683e+03 3.482449601189451793e-01
2.649369369369368997e+03 3.537263231973266087e-01
2.652252252252251765e+03 3.597730608211323067e-01
2.655135135135134988e+03 3.660009082040017736e-01
2.658018018018017756e+03 3.721893159488237623e-01
2.660900900900900979e+03 3.782057938071921033e-01
2.663783783783783747e+03 3.839655392796100242e-01
2.666666666666666515e+03 3.894107393036797538e-01
2.669549549549549283e+03 3.944997296111075746e-01
2.672432432432432506e+03 3.992010920241165217e-01
2.675315315315314820e+03 4.034903029580323430e-01
2.678198198198198043e+03 4.073477529695549437e-01
2.681081081081080811e+03 4.107575332316719674e-01
2.683963963963964034e+03 4.137066677245772595e-01
2.686846846846846347e+03 4.161846139972619207e-01
2.689729729729730025e+03 4.181829315218283383e-01
2.692612612612612338e+03 4.196950584312828525e-01
2.695495495495495106e+03 4.207161611617968311e-01
2.698378378378378329e+03 4.212430354952195755e-01
2.701261261261261097e+03 4.212740460722476099e-01
2.704144144144143866e+03 4.208090970115969665e-01
2.707027027027027088e+03 4.198496302177920358e-01
2.709909909909909857e+03 4.183986511840965261e-01
2.712792792792792170e+03 4.164607852805212174e-01
2.715675675675675393e+03 4.140423713313683418e-01
2.718558558558558161e+03 4.111516045872072866e-01
2.721441441441441384e+03 4.077987492909637690e-01
2.724324324324324152e+03 4.039964541530448039e-01
2.727207207207207375e+03 3.997602262162401332e-01
2.730090090090089689e+03 3.951091574351320301e-01
2.732972972972972457e+03 3.900670688124825425e-01
2.735855855855856134e+03 3.846643696969651582e-01
2.738738738738738448e+03 3.789411893372051088e-01
2.741621621621621216e+03 3.729528638838916499e-01
2.744504504504504439e+03 3.667799610458579163e-01
2.747387387387387207e+03 3.605473373518564006e-01
2.750270270270270430e+03 3.544612824643314508e-01
2.753153153153153198e+03 3.488799372600976390e-01
2.756036036036035512e+03 3.444211058392310232e-01
2.758918918918918735e+03 3.419911063334376555e-01
2.761801801801801503e+03 3.423559689232463232e-01
2.764684684684684271e+03 3.453844184891364244e-01
2.767567567567567494e+03 3.501996777339149158e-01
2.770450450450450262e+03 3.559529897599889581e-01
2.773333333333333485e+03 3.621017130686877139e-01
2.776216216216215798e+03 3.683346807454437322e-01
2.779099099099099476e+03 3.744709626196342511e-01
2.781981981981981789e+03 3.803993354579672803e-01
2.784864864864864558e+03 3.860468635876365684e-01
2.787747747747747781e+03 3.913627221268653478e-01
2.790630630630630549e+03 3.963096082437063683e-01
2.793513513513512862e+03 4.008589904327063413e-01
2.796396396396396540e+03 4.049883694291319669e-01
2.799279279279278853e+03 4.086796366973546313e-01
2.802162162162161621e+03 4.119180559005238829e-01
2.805045045045044844e+03 4.146916114487881888e-01
2.807927927927927612e+03 4.169905811680267860e-01
2.810810810810810835e+03 4.188072506787205995e-01
2.813693693693693604e+03 4.201357207244247327e-01
2.816576576576576826e+03 4.209717780617026617e-01
2.819459459459459140e+03 4.213128120973092527e-01
2.822342342342341908e+03 4.211577666926125674e-01
2.825225225225225131e+03 4.205071213850856693e-01
2.828108108108107899e+03 4.193628998641999450e-01
2.830990990990990667e+03 4.177287066723152087e-01
2.833873873873873890e+03 4.156097964373608455e-01
2.836756756756756204e+03 4.130131841984864272e-01
2.839639639639638972e+03 4.099478115446907878e-01
2.842522522522522650e+03 4.064247929318621222e-01
2.845405405405404963e+03 4.024577824401707193e-01
2.848288288288288186e+03 3.980635284769798443e-01
2.851171171171170954e+03 3.932627323058958679e-01
2.854054054054054177e+03 3.880814152959388696e-01
2.856936936936936490e+03 3.825531697263354070e-01
2.859819819819819713e+03 3.767230048332443348e-01
2.862702702702702481e+03 3.706541913300423485e-01
2.865585585585585250e+03 3.644409622253724779e-01
2.868468468468468018e+03 3.582329557336796366e-01
2.871351351351351241e+03 3.522828293553620371e-01
2.874234234234233554e+03 3.470326488386709651e-01
2.877117117117117232e+03 3.432192788816030848e-01
2.880000000000000000e+03 3.417829634158937036e-01
