# Theta(deg)	State0	State1	State2	State3
0.000000	0.000000000000	-0.000000000000	-0.000000000000	0.000000000000
1.081081	0.000000000000	-0.009434212173	-0.009434212173	0.000000000000
2.162162	0.000000000000	-0.018868424346	-0.018868424346	0.000000000000
3.243243	0.000000000000	-0.028302636519	-0.028302636519	0.000000000000
4.324324	0.000000000000	-0.037736848692	-0.037736848692	0.000000000000
5.405405	0.000000000000	-0.047171060865	-0.047171060865	0.000000000000
6.486486	0.000000000000	-0.056605273038	-0.056605273038	0.000000000000
7.567568	0.000000000000	-0.066039485211	-0.066039485211	0.000000000000
8.648649	0.000000000000	-0.075473697384	-0.075473697384	0.000000000000
9.729730	0.000000000000	-0.084907909556	-0.084907909556	0.000000000000
10.810811	0.000000000000	-0.094342121729	-0.094342121729	0.000000000000
11.891892	0.000000000000	-0.103776333902	-0.103776333902	0.000000000000
12.972973	0.000000000000	-0.113210546075	-0.113210546075	0.000000000000
14.054054	0.000000000000	-0.122644758248	-0.122644758248	0.000000000000
15.135135	0.000000000000	-0.132078970421	-0.132078970421	0.000000000000
16.216216	0.000000000000	-0.141513182594	-0.141513182594	0.000000000000
17.297297	0.000000000000	-0.150947394767	-0.150947394767	0.000000000000
18.378378	0.000000000000	-0.160381606940	-0.160381606940	0.000000000000
19.459459	0.000000000000	-0.169815819113	-0.169815819113	0.000000000000
20.540541	0.000000000000	-0.179250031286	-0.179250031286	0.000000000000
21.621622	0.000000000000	-0.188684243459	-0.188684243459	0.000000000000
22.702703	0.000000000000	-0.198118455632	-0.198118455632	0.000000000000
23.783784	0.000000000000	-0.207552667805	-0.207552667805	0.000000000000
24.864865	0.000000000000	-0.216986879978	-0.216986879978	0.000000000000
25.945946	0.000000000000	-0.226421092151	-0.226421092151	0.000000000000
27.027027	0.000000000000	-0.235855304324	-0.235855304324	0.000000000000
28.108108	0.000000000000	-0.245289516497	-0.245289516497	0.000000000000
29.189189	0.000000000000	-0.254723728669	-0.254723728669	0.000000000000
30.270270	0.000000000000	-0.264157940842	-0.264157940842	0.000000000000
31.351351	0.000000000000	-0.273592153015	-0.273592153015	0.000000000000
32.432432	0.000000000000	-0.283026365188	-0.283026365188	0.000000000000
33.513514	0.000000000000	-0.292460577361	-0.292460577361	0.000000000000
34.594595	0.000000000000	-0.301894789534	-0.301894789534	0.000000000000
35.675676	0.000000000000	-0.311329001707	-0.311329001707	0.000000000000
36.756757	0.000000000000	-0.320763213880	-0.320763213880	0.000000000000
37.837838	0.000000000000	-0.330197426053	-0.330197426053	0.000000000000
38.918919	0.000000000000	-0.339631638226	-0.339631638226	0.000000000000
40.000000	0.000000000000	-0.349065850399	-0.349065850399	0.000000000000
41.081081	0.000000000000	-0.358500062572	-0.358500062572	0.000000000000
42.162162	0.000000000000	-0.367934274745	-0.367934274745	0.000000000000
43.243243	0.000000000000	-0.377368486918	-0.377368486918	0.000000000000
44.324324	0.000000000000	-0.386802699091	-0.386802699091	0.000000000000
45.405405	0.000000000000	-0.396236911264	-0.396236911264	0.000000000000
46.486486	0.000000000000	-0.405671123437	-0.405671123437	0.000000000000
47.567568	0.000000000000	-0.415105335609	-0.415105335609	0.000000000000
48.648649	0.000000000000	-0.424539547782	-0.424539547782	0.000000000000
49.729730	0.000000000000	-0.433973759955	-0.433973759955	0.000000000000
50.810811	0.000000000000	-0.443407972128	-0.443407972128	0.000000000000
51.891892	0.000000000000	-0.452842184301	-0.452842184301	0.000000000000
52.972973	0.000000000000	-0.462276396474	-0.462276396474	0.000000000000
54.054054	0.000000000000	-0.471710608647	-0.471710608647	0.000000000000
55.135135	0.000000000000	-0.481144820820	-0.481144820820	0.000000000000
56.216216	0.000000000000	-0.490579032993	-0.490579032993	0.000000000000
57.297297	0.000000000000	-0.500013245166	-0.500013245166	0.000000000000
58.378378	0.000000000000	-0.509447457339	-0.509447457339	0.000000000000
59.459459	0.000000000000	-0.518881669512	-0.518881669512	0.000000000000
60.540541	0.000000000000	-0.528315881685	-0.528315881685	0.000000000000
61.621622	0.000000000000	-0.537750093858	-0.537750093858	0.000000000000
62.702703	0.000000000000	-0.547184306031	-0.547184306031	0.000000000000
63.783784	0.000000000000	-0.556618518204	-0.556618518204	0.000000000000
64.864865	0.000000000000	-0.566052730377	-0.566052730377	0.000000000000
65.945946	0.000000000000	-0.575486942549	-0.575486942549	0.000000000000
67.027027	0.000000000000	-0.584921154722	-0.584921154722	0.000000000000
68.108108	0.000000000000	-0.594355366895	-0.594355366895	0.000000000000
69.189189	0.000000000000	-0.603789579068	-0.603789579068	0.000000000000
70.270270	0.000000000000	-0.613223791241	-0.613223791241	0.000000000000
71.351351	0.000000000000	-0.622658003414	-0.622658003414	0.000000000000
72.432432	0.000000000000	-0.632092215587	-0.632092215587	0.000000000000
73.513514	0.000000000000	-0.641526427760	-0.641526427760	0.000000000000
74.594595	0.000000000000	-0.650960639933	-0.650960639933	0.000000000000
75.675676	0.000000000000	-0.660394852106	-0.660394852106	0.000000000000
76.756757	0.000000000000	-0.669829064279	-0.669829064279	0.000000000000
77.837838	0.000000000000	-0.679263276452	-0.679263276452	0.000000000000
78.918919	0.000000000000	-0.688697488625	-0.688697488625	0.000000000000
80.000000	0.000000000000	-0.698131700798	-0.698131700798	0.000000000000
81.081081	0.000000000000	-0.707565912971	-0.707565912971	0.000000000000
82.162162	0.000000000000	-0.717000125144	-0.717000125144	0.000000000000
83.243243	0.000000000000	-0.726434337317	-0.726434337317	0.000000000000
84.324324	0.000000000000	-0.735868549490	-0.735868549490	0.000000000000
85.405405	0.000000000000	-0.745302761662	-0.745302761662	0.000000000000
86.486486	0.000000000000	-0.754736973835	-0.754736973835	0.000000000000
87.567568	0.000000000000	-0.764171186008	-0.764171186008	0.000000000000
88.648649	0.000000000000	-0.773605398181	-0.773605398181	0.000000000000
89.729730	0.000000000000	-0.783039610354	-0.783039610354	0.000000000000
90.810811	0.000000000000	-0.792473822527	-0.792473822527	0.000000000000
91.891892	0.000000000000	-0.801908034700	-0.801908034700	0.000000000000
92.972973	0.000000000000	-0.811342246873	-0.811342246873	0.000000000000
94.054054	0.000000000000	-0.820776459046	-0.820776459046	0.000000000000
95.135135	0.000000000000	-0.830210671219	-0.830210671219	0.000000000000
96.216216	0.000000000000	-0.839644883392	-0.839644883392	0.000000000000
97.297297	0.000000000000	-0.849079095565	-0.849079095565	0.000000000000
98.378378	0.000000000000	-0.858513307738	-0.858513307738	0.000000000000
99.459459	0.000000000000	-0.867947519911	-0.867947519911	0.000000000000
100.540541	0.000000000000	-0.877381732084	-0.877381732084	0.000000000000
101.621622	0.000000000000	-0.886815944257	-0.886815944257	0.000000000000
102.702703	0.000000000000	-0.896250156430	-0.896250156430	0.000000000000
103.783784	0.000000000000	-0.905684368602	-0.905684368602	0.000000000000
104.864865	0.000000000000	-0.915118580775	-0.915118580775	0.000000000000
105.945946	0.000000000000	-0.924552792948	-0.924552792948	0.000000000000
107.027027	0.000000000000	-0.933987005121	-0.933987005121	0.000000000000
108.108108	0.000000000000	-0.943421217294	-0.943421217294	0.000000000000
109.189189	0.000000000000	-0.952855429467	-0.952855429467	0.000000000000
110.270270	0.000000000000	-0.962289641640	-0.962289641640	0.000000000000
111.351351	0.000000000000	-0.971723853813	-0.971723853813	0.000000000000
112.432432	0.000000000000	-0.981158065986	-0.981158065986	0.000000000000
113.513514	0.000000000000	-0.990592278159	-0.990592278159	0.000000000000
114.594595	0.000000000000	-1.000026490332	-1.000026490332	0.000000000000
115.675676	0.000000000000	-1.009460702505	-1.009460702505	0.000000000000
116.756757	0.000000000000	-1.018894914678	-1.018894914678	0.000000000000
117.837838	0.000000000000	-1.028329126851	-1.028329126851	0.000000000000
118.918919	0.000000000000	-1.037763339024	-1.037763339024	0.000000000000
120.000000	0.000000000000	-1.047197551197	-1.047197551197	0.000000000000
121.081081	0.000000000000	-1.056631763370	-1.056631763370	0.000000000000
122.162162	0.000000000000	-1.066065975542	-1.066065975542	0.000000000000
123.243243	0.000000000000	-1.075500187715	-1.075500187715	0.000000000000
124.324324	0.000000000000	-1.084934399888	-1.084934399888	0.000000000000
125.405405	0.000000000000	-1.094368612061	-1.094368612061	0.000000000000
126.486486	0.000000000000	-1.103802824234	-1.103802824234	0.000000000000
127.567568	0.000000000000	-1.113237036407	-1.113237036407	0.000000000000
128.648649	0.000000000000	-1.122671248580	-1.122671248580	0.000000000000
129.729730	0.000000000000	-1.132105460753	-1.132105460753	0.000000000000
130.810811	0.000000000000	-1.141539672926	-1.141539672926	0.000000000000
131.891892	0.000000000000	-1.150973885099	-1.150973885099	0.000000000000
132.972973	0.000000000000	-1.160408097272	-1.160408097272	0.000000000000
134.054054	0.000000000000	-1.169842309445	-1.169842309445	0.000000000000
135.135135	0.000000000000	-1.179276521618	-1.179276521618	0.000000000000
136.216216	0.000000000000	-1.188710733791	-1.188710733791	0.000000000000
137.297297	0.000000000000	-1.198144945964	-1.198144945964	0.000000000000
138.378378	0.000000000000	-1.207579158137	-1.207579158137	0.000000000000
139.459459	0.000000000000	-1.217013370310	-1.217013370310	0.000000000000
140.540541	0.000000000000	-1.226447582483	-1.226447582483	0.000000000000
141.621622	0.000000000000	-1.235881794655	-1.235881794655	0.000000000000
142.702703	0.000000000000	-1.245316006828	-1.245316006828	0.000000000000
143.783784	0.000000000000	-1.254750219001	-1.254750219001	0.000000000000
144.864865	0.000000000000	-1.264184431174	-1.264184431174	0.000000000000
145.945946	0.000000000000	-1.273618643347	-1.273618643347	0.000000000000
147.027027	0.000000000000	-1.283052855520	-1.283052855520	0.000000000000
148.108108	0.000000000000	-1.292487067693	-1.292487067693	0.000000000000
149.189189	0.000000000000	-1.301921279866	-1.301921279866	0.000000000000
150.270270	0.000000000000	-1.311355492039	-1.311355492039	0.000000000000
151.351351	0.000000000000	-1.320789704212	-1.320789704212	0.000000000000
152.432432	0.000000000000	-1.330223916385	-1.330223916385	0.000000000000
153.513514	0.000000000000	-1.339658128558	-1.339658128558	0.000000000000
154.594595	0.000000000000	-1.349092340731	-1.349092340731	0.000000000000
155.675676	0.000000000000	-1.358526552904	-1.358526552904	0.000000000000
156.756757	0.000000000000	-1.367960765077	-1.367960765077	0.000000000000
157.837838	0.000000000000	-1.377394977250	-1.377394977250	0.000000000000
158.918919	0.000000000000	-1.386829189423	-1.386829189423	0.000000000000
160.000000	0.000000000000	-1.396263401595	-1.396263401595	0.000000000000
161.081081	0.000000000000	-1.405697613768	-1.405697613768	0.000000000000
162.162162	0.000000000000	-1.415131825941	-1.415131825941	0.000000000000
163.243243	0.000000000000	-1.424566038114	-1.424566038114	0.000000000000
164.324324	0.000000000000	-1.434000250287	-1.434000250287	0.000000000000
165.405405	0.000000000000	-1.443434462460	-1.443434462460	0.000000000000
166.486486	0.000000000000	-1.452868674633	-1.452868674633	0.000000000000
167.567568	0.000000000000	-1.462302886806	-1.462302886806	0.000000000000
168.648649	0.000000000000	-1.471737098979	-1.471737098979	0.000000000000
169.729730	0.000000000000	-1.481171311152	-1.481171311152	0.000000000000
170.810811	0.000000000000	-1.490605523325	-1.490605523325	0.000000000000
171.891892	0.000000000000	-1.500039735498	-1.500039735498	0.000000000000
172.972973	0.000000000000	-1.509473947671	-1.509473947671	0.000000000000
174.054054	0.000000000000	-1.518908159844	-1.518908159844	0.000000000000
175.135135	0.000000000000	-1.528342372017	-1.528342372017	0.000000000000
176.216216	0.000000000000	-1.537776584190	-1.537776584190	0.000000000000
177.297297	0.000000000000	-1.547210796363	-1.547210796363	0.000000000000
178.378378	0.000000000000	-1.556645008535	-1.556645008535	0.000000000000
179.459459	0.000000000000	-1.566079220708	-1.566079220708	0.000000000000
180.540541	0.000000000000	-1.575513432881	-1.575513432881	0.000000000000
181.621622	0.000000000000	-1.584947645054	-1.584947645054	0.000000000000
182.702703	0.000000000000	-1.594381857227	-1.594381857227	0.000000000000
183.783784	0.000000000000	-1.603816069400	-1.603816069400	0.000000000000
184.864865	0.000000000000	-1.613250281573	-1.613250281573	0.000000000000
185.945946	0.000000000000	-1.622684493746	-1.622684493746	0.000000000000
187.027027	0.000000000000	-1.632118705919	-1.632118705919	0.000000000000
188.108108	0.000000000000	-1.641552918092	-1.641552918092	0.000000000000
189.189189	0.000000000000	-1.650987130265	-1.650987130265	0.000000000000
190.270270	0.000000000000	-1.660421342438	-1.660421342438	0.000000000000
191.351351	0.000000000000	-1.669855554611	-1.669855554611	0.000000000000
192.432432	0.000000000000	-1.679289766784	-1.679289766784	0.000000000000
193.513514	0.000000000000	-1.688723978957	-1.688723978957	0.000000000000
194.594595	0.000000000000	-1.698158191130	-1.698158191130	0.000000000000
195.675676	0.000000000000	-1.707592403303	-1.707592403303	0.000000000000
196.756757	0.000000000000	-1.717026615476	-1.717026615476	0.000000000000
197.837838	0.000000000000	-1.726460827648	-1.726460827648	0.000000000000
198.918919	0.000000000000	-1.735895039821	-1.735895039821	0.000000000000
200.000000	0.000000000000	-1.745329251994	-1.745329251994	0.000000000000
201.081081	0.000000000000	-1.754763464167	-1.754763464167	0.000000000000
202.162162	0.000000000000	-1.764197676340	-1.764197676340	0.000000000000
203.243243	0.000000000000	-1.773631888513	-1.773631888513	0.000000000000
204.324324	0.000000000000	-1.783066100686	-1.783066100686	0.000000000000
205.405405	0.000000000000	-1.792500312859	-1.792500312859	0.000000000000
206.486486	0.000000000000	-1.801934525032	-1.801934525032	0.000000000000
207.567568	0.000000000000	-1.811368737205	-1.811368737205	0.000000000000
208.648649	0.000000000000	-1.820802949378	-1.820802949378	0.000000000000
209.729730	0.000000000000	-1.830237161551	-1.830237161551	0.000000000000
210.810811	0.000000000000	-1.839671373724	-1.839671373724	0.000000000000
211.891892	0.000000000000	-1.849105585897	-1.849105585897	0.000000000000
212.972973	0.000000000000	-1.858539798070	-1.858539798070	0.000000000000
214.054054	0.000000000000	-1.867974010243	-1.867974010243	0.000000000000
215.135135	0.000000000000	-1.877408222416	-1.877408222416	0.000000000000
216.216216	0.000000000000	-1.886842434588	-1.886842434588	0.000000000000
217.297297	0.000000000000	-1.896276646761	-1.896276646761	0.000000000000
218.378378	0.000000000000	-1.905710858934	-1.905710858934	0.000000000000
219.459459	0.000000000000	-1.915145071107	-1.915145071107	0.000000000000
220.540541	0.000000000000	-1.924579283280	-1.924579283280	0.000000000000
221.621622	0.000000000000	-1.934013495453	-1.934013495453	0.000000000000
222.702703	0.000000000000	-1.943447707626	-1.943447707626	0.000000000000
223.783784	0.000000000000	-1.952881919799	-1.952881919799	0.000000000000
224.864865	0.000000000000	-1.962316131972	-1.962316131972	0.000000000000
225.945946	0.000000000000	-1.971750344145	-1.971750344145	0.000000000000
227.027027	0.000000000000	-1.981184556318	-1.981184556318	0.000000000000
228.108108	0.000000000000	-1.990618768491	-1.990618768491	0.000000000000
229.189189	0.000000000000	-2.000052980664	-2.000052980664	0.000000000000
230.270270	0.000000000000	-2.009487192837	-2.009487192837	0.000000000000
231.351351	0.000000000000	-2.018921405010	-2.018921405010	0.000000000000
232.432432	0.000000000000	-2.028355617183	-2.028355617183	0.000000000000
233.513514	0.000000000000	-2.037789829356	-2.037789829356	0.000000000000
234.594595	0.000000000000	-2.047224041528	-2.047224041528	0.000000000000
235.675676	0.000000000000	-2.056658253701	-2.056658253701	0.000000000000
236.756757	0.000000000000	-2.066092465874	-2.066092465874	0.000000000000
237.837838	0.000000000000	-2.075526678047	-2.075526678047	0.000000000000
238.918919	0.000000000000	-2.084960890220	-2.084960890220	0.000000000000
240.000000	0.000000000000	-2.094395102393	-2.094395102393	0.000000000000
241.081081	0.000000000000	-2.103829314566	-2.103829314566	0.000000000000
242.162162	0.000000000000	-2.113263526739	-2.113263526739	0.000000000000
243.243243	0.000000000000	-2.122697738912	-2.122697738912	0.000000000000
244.324324	0.000000000000	-2.132131951085	-2.132131951085	0.000000000000
245.405405	0.000000000000	-2.141566163258	-2.141566163258	0.000000000000
246.486486	0.000000000000	-2.151000375431	-2.151000375431	0.000000000000
247.567568	0.000000000000	-2.160434587604	-2.160434587604	0.000000000000
248.648649	0.000000000000	-2.169868799777	-2.169868799777	0.000000000000
249.729730	0.000000000000	-2.179303011950	-2.179303011950	0.000000000000
250.810811	0.000000000000	-2.188737224123	-2.188737224123	0.000000000000
251.891892	0.000000000000	-2.198171436296	-2.198171436296	0.000000000000
252.972973	0.000000000000	-2.207605648469	-2.207605648469	0.000000000000
254.054054	0.000000000000	-2.217039860641	-2.217039860641	0.000000000000
255.135135	0.000000000000	-2.226474072814	-2.226474072814	0.000000000000
256.216216	0.000000000000	-2.235908284987	-2.235908284987	0.000000000000
257.297297	0.000000000000	-2.245342497160	-2.245342497160	0.000000000000
258.378378	0.000000000000	-2.254776709333	-2.254776709333	0.000000000000
259.459459	0.000000000000	-2.264210921506	-2.264210921506	0.000000000000
260.540541	0.000000000000	-2.273645133679	-2.273645133679	0.000000000000
261.621622	0.000000000000	-2.283079345852	-2.283079345852	0.000000000000
262.702703	0.000000000000	-2.292513558025	-2.292513558025	0.000000000000
263.783784	0.000000000000	-2.301947770198	-2.301947770198	0.000000000000
264.864865	0.000000000000	-2.311381982371	-2.311381982371	0.000000000000
265.945946	0.000000000000	-2.320816194544	-2.320816194544	0.000000000000
267.027027	0.000000000000	-2.330250406717	-2.330250406717	0.000000000000
268.108108	0.000000000000	-2.339684618890	-2.339684618890	0.000000000000
269.189189	0.000000000000	-2.349118831063	-2.349118831063	0.000000000000
270.270270	0.000000000000	-2.358553043236	-2.358553043236	0.000000000000
271.351351	0.000000000000	-2.367987255409	-2.367987255409	0.000000000000
272.432432	0.000000000000	-2.377421467581	-2.377421467581	0.000000000000
273.513514	0.000000000000	-2.386855679754	-2.386855679754	0.000000000000
274.594595	0.000000000000	-2.396289891927	-2.396289891927	0.000000000000
275.675676	0.000000000000	-2.405724104100	-2.405724104100	0.000000000000
276.756757	0.000000000000	-2.415158316273	-2.415158316273	0.000000000000
277.837838	0.000000000000	-2.424592528446	-2.424592528446	0.000000000000
278.918919	0.000000000000	-2.434026740619	-2.434026740619	0.000000000000
280.000000	0.000000000000	-2.443460952792	-2.443460952792	0.000000000000
281.081081	0.000000000000	-2.452895164965	-2.452895164965	0.000000000000
282.162162	0.000000000000	-2.462329377138	-2.462329377138	0.000000000000
283.243243	0.000000000000	-2.471763589311	-2.471763589311	0.000000000000
284.324324	0.000000000000	-2.481197801484	-2.481197801484	0.000000000000
285.405405	0.000000000000	-2.490632013657	-2.490632013657	0.000000000000
286.486486	0.000000000000	-2.500066225830	-2.500066225830	0.000000000000
287.567568	0.000000000000	-2.509500438003	-2.509500438003	0.000000000000
288.648649	0.000000000000	-2.518934650176	-2.518934650176	0.000000000000
289.729730	0.000000000000	-2.528368862349	-2.528368862349	0.000000000000
290.810811	0.000000000000	-2.537803074521	-2.537803074521	0.000000000000
291.891892	0.000000000000	-2.547237286694	-2.547237286694	0.000000000000
292.972973	0.000000000000	-2.556671498867	-2.556671498867	0.000000000000
294.054054	0.000000000000	-2.566105711040	-2.566105711040	0.000000000000
295.135135	0.000000000000	-2.575539923213	-2.575539923213	0.000000000000
296.216216	0.000000000000	-2.584974135386	-2.584974135386	0.000000000000
297.297297	0.000000000000	-2.594408347559	-2.594408347559	0.000000000000
298.378378	0.000000000000	-2.603842559732	-2.603842559732	0.000000000000
299.459459	0.000000000000	-2.613276771905	-2.613276771905	0.000000000000
300.540541	0.000000000000	-2.622710984078	-2.622710984078	0.000000000000
301.621622	0.000000000000	-2.632145196251	-2.632145196251	0.000000000000
302.702703	0.000000000000	-2.641579408424	-2.641579408424	0.000000000000
303.783784	0.000000000000	-2.651013620597	-2.651013620597	0.000000000000
304.864865	0.000000000000	-2.660447832770	-2.660447832770	0.000000000000
305.945946	0.000000000000	-2.669882044943	-2.669882044943	0.000000000000
307.027027	0.000000000000	-2.679316257116	-2.679316257116	0.000000000000
308.108108	0.000000000000	-2.688750469289	-2.688750469289	0.000000000000
309.189189	0.000000000000	-2.698184681462	-2.698184681462	0.000000000000
310.270270	0.000000000000	-2.707618893634	-2.707618893634	0.000000000000
311.351351	0.000000000000	-2.717053105807	-2.717053105807	0.000000000000
312.432432	0.000000000000	-2.726487317980	-2.726487317980	0.000000000000
313.513514	0.000000000000	-2.735921530153	-2.735921530153	0.000000000000
314.594595	0.000000000000	-2.745355742326	-2.745355742326	0.000000000000
315.675676	0.000000000000	-2.754789954499	-2.754789954499	0.000000000000
316.756757	0.000000000000	-2.764224166672	-2.764224166672	0.000000000000
317.837838	0.000000000000	-2.773658378845	-2.773658378845	0.000000000000
318.918919	0.000000000000	-2.783092591018	-2.783092591018	0.000000000000
320.000000	0.000000000000	-2.792526803191	-2.792526803191	0.000000000000
321.081081	0.000000000000	-2.801961015364	-2.801961015364	0.000000000000
322.162162	0.000000000000	-2.811395227537	-2.811395227537	0.000000000000
323.243243	0.000000000000	-2.820829439710	-2.820829439710	0.000000000000
324.324324	0.000000000000	-2.830263651883	-2.830263651883	0.000000000000
325.405405	0.000000000000	-2.839697864056	-2.839697864056	0.000000000000
326.486486	0.000000000000	-2.849132076229	-2.849132076229	0.000000000000
327.567568	0.000000000000	-2.858566288402	-2.858566288402	0.000000000000
328.648649	0.000000000000	-2.868000500574	-2.868000500574	0.000000000000
329.729730	0.000000000000	-2.877434712747	-2.877434712747	0.000000000000
330.810811	0.000000000000	-2.886868924920	-2.886868924920	0.000000000000
331.891892	0.000000000000	-2.896303137093	-2.896303137093	0.000000000000
332.972973	0.000000000000	-2.905737349266	-2.905737349266	0.000000000000
334.054054	0.000000000000	-2.915171561439	-2.915171561439	0.000000000000
335.135135	0.000000000000	-2.924605773612	-2.924605773612	0.000000000000
336.216216	0.000000000000	-2.934039985785	-2.934039985785	0.000000000000
337.297297	0.000000000000	-2.943474197958	-2.943474197958	0.000000000000
338.378378	0.000000000000	-2.952908410131	-2.952908410131	0.000000000000
339.459459	0.000000000000	-2.962342622304	-2.962342622304	0.000000000000
340.540541	0.000000000000	-2.971776834477	-2.971776834477	0.000000000000
341.621622	0.000000000000	-2.981211046650	-2.981211046650	0.000000000000
342.702703	0.000000000000	-2.990645258823	-2.990645258823	0.000000000000
343.783784	0.000000000000	-3.000079470996	-3.000079470996	0.000000000000
344.864865	0.000000000000	-3.009513683169	-3.009513683169	0.000000000000
345.945946	0.000000000000	-3.018947895342	-3.018947895342	0.000000000000
347.027027	0.000000000000	-3.028382107514	-3.028382107514	0.000000000000
348.108108	0.000000000000	-3.037816319687	-3.037816319687	0.000000000000
349.189189	0.000000000000	-3.047250531860	-3.047250531860	0.000000000000
350.270270	0.000000000000	-3.056684744033	-3.056684744033	0.000000000000
351.351351	0.000000000000	-3.066118956206	-3.066118956206	0.000000000000
352.432432	0.000000000000	-3.075553168379	-3.075553168379	0.000000000000
353.513514	0.000000000000	-3.084987380552	-3.084987380552	0.000000000000
354.594595	0.000000000000	-3.094421592725	-3.094421592725	0.000000000000
355.675676	0.000000000000	-3.103855804898	-3.103855804898	0.000000000000
356.756757	0.000000000000	-3.113290017071	-3.113290017071	0.000000000000
357.837838	0.000000000000	-3.122724229244	-3.122724229244	0.000000000000
358.918919	0.000000000000	-3.132158441417	-3.132158441417	0.000000000000
360.000000	0.000000000000	-3.141592653590	-3.141592653590	0.000000000000
361.081081	0.000000000000	-3.132158441417	-3.132158441417	0.000000000000
362.162162	0.000000000000	-3.122724229244	-3.122724229244	0.000000000000
363.243243	0.000000000000	-3.113290017071	-3.113290017071	0.000000000000
364.324324	0.000000000000	-3.103855804898	-3.103855804898	0.000000000000
365.405405	0.000000000000	-3.094421592725	-3.094421592725	0.000000000000
366.486486	0.000000000000	-3.084987380552	-3.084987380552	0.000000000000
367.567568	0.000000000000	-3.075553168379	-3.075553168379	0.000000000000
368.648649	0.000000000000	-3.066118956206	-3.066118956206	0.000000000000
369.729730	0.000000000000	-3.056684744033	-3.056684744033	0.000000000000
370.810811	0.000000000000	-3.047250531860	-3.047250531860	0.000000000000
371.891892	0.000000000000	-3.037816319687	-3.037816319687	0.000000000000
372.972973	0.000000000000	-3.028382107514	-3.028382107514	0.000000000000
374.054054	0.000000000000	-3.018947895342	-3.018947895342	0.000000000000
375.135135	0.000000000000	-3.009513683169	-3.009513683169	0.000000000000
376.216216	0.000000000000	-3.000079470996	-3.000079470996	0.000000000000
377.297297	0.000000000000	-2.990645258823	-2.990645258823	0.000000000000
378.378378	0.000000000000	-2.981211046650	-2.981211046650	0.000000000000
379.459459	0.000000000000	-2.971776834477	-2.971776834477	0.000000000000
380.540541	0.000000000000	-2.962342622304	-2.962342622304	0.000000000000
381.621622	0.000000000000	-2.952908410131	-2.952908410131	0.000000000000
382.702703	0.000000000000	-2.943474197958	-2.943474197958	0.000000000000
383.783784	0.000000000000	-2.934039985785	-2.934039985785	0.000000000000
384.864865	0.000000000000	-2.924605773612	-2.924605773612	0.000000000000
385.945946	0.000000000000	-2.915171561439	-2.915171561439	0.000000000000
387.027027	0.000000000000	-2.905737349266	-2.905737349266	0.000000000000
388.108108	0.000000000000	-2.896303137093	-2.896303137093	0.000000000000
389.189189	0.000000000000	-2.886868924920	-2.886868924920	0.000000000000
390.270270	0.000000000000	-2.877434712747	-2.877434712747	0.000000000000
391.351351	0.000000000000	-2.868000500574	-2.868000500574	0.000000000000
392.432432	0.000000000000	-2.858566288402	-2.858566288402	0.000000000000
393.513514	0.000000000000	-2.849132076229	-2.849132076229	0.000000000000
394.594595	0.000000000000	-2.839697864056	-2.839697864056	0.000000000000
395.675676	0.000000000000	-2.830263651883	-2.830263651883	0.000000000000
396.756757	0.000000000000	-2.820829439710	-2.820829439710	0.000000000000
397.837838	0.000000000000	-2.811395227537	-2.811395227537	0.000000000000
398.918919	0.000000000000	-2.801961015364	-2.801961015364	0.000000000000
400.000000	0.000000000000	-2.792526803191	-2.792526803191	0.000000000000
401.081081	0.000000000000	-2.783092591018	-2.783092591018	0.000000000000
402.162162	0.000000000000	-2.773658378845	-2.773658378845	0.000000000000
403.243243	0.000000000000	-2.764224166672	-2.764224166672	0.000000000000
404.324324	0.000000000000	-2.754789954499	-2.754789954499	0.000000000000
405.405405	0.000000000000	-2.745355742326	-2.745355742326	0.000000000000
406.486486	0.000000000000	-2.735921530153	-2.735921530153	0.000000000000
407.567568	0.000000000000	-2.726487317980	-2.726487317980	0.000000000000
408.648649	0.000000000000	-2.717053105807	-2.717053105807	0.000000000000
409.729730	0.000000000000	-2.707618893634	-2.707618893634	0.000000000000
410.810811	0.000000000000	-2.698184681462	-2.698184681462	0.000000000000
411.891892	0.000000000000	-2.688750469289	-2.688750469289	0.000000000000
412.972973	0.000000000000	-2.679316257116	-2.679316257116	0.000000000000
414.054054	0.000000000000	-2.669882044943	-2.669882044943	0.000000000000
415.135135	0.000000000000	-2.660447832770	-2.660447832770	0.000000000000
416.216216	0.000000000000	-2.651013620597	-2.651013620597	0.000000000000
417.297297	0.000000000000	-2.641579408424	-2.641579408424	0.000000000000
418.378378	0.000000000000	-2.632145196251	-2.632145196251	0.000000000000
419.459459	0.000000000000	-2.622710984078	-2.622710984078	0.000000000000
420.540541	0.000000000000	-2.613276771905	-2.613276771905	0.000000000000
421.621622	0.000000000000	-2.603842559732	-2.603842559732	0.000000000000
422.702703	0.000000000000	-2.594408347559	-2.594408347559	0.000000000000
423.783784	0.000000000000	-2.584974135386	-2.584974135386	0.000000000000
424.864865	0.000000000000	-2.575539923213	-2.575539923213	0.000000000000
425.945946	0.000000000000	-2.566105711040	-2.566105711040	0.000000000000
427.027027	0.000000000000	-2.556671498867	-2.556671498867	0.000000000000
428.108108	0.000000000000	-2.547237286694	-2.547237286694	0.000000000000
429.189189	0.000000000000	-2.537803074521	-2.537803074521	0.000000000000
430.270270	0.000000000000	-2.528368862349	-2.528368862349	0.000000000000
431.351351	0.000000000000	-2.518934650176	-2.518934650176	0.000000000000
432.432432	0.000000000000	-2.509500438003	-2.509500438003	0.000000000000
433.513514	0.000000000000	-2.500066225830	-2.500066225830	0.000000000000
434.594595	0.000000000000	-2.490632013657	-2.490632013657	0.000000000000
435.675676	0.000000000000	-2.481197801484	-2.481197801484	0.000000000000
436.756757	0.000000000000	-2.471763589311	-2.471763589311	0.000000000000
437.837838	0.000000000000	-2.462329377138	-2.462329377138	0.000000000000
438.918919	0.000000000000	-2.452895164965	-2.452895164965	0.000000000000
440.000000	0.000000000000	-2.443460952792	-2.443460952792	0.000000000000
441.081081	0.000000000000	-2.434026740619	-2.434026740619	0.000000000000
442.162162	0.000000000000	-2.424592528446	-2.424592528446	0.000000000000
443.243243	0.000000000000	-2.415158316273	-2.415158316273	0.000000000000
444.324324	0.000000000000	-2.405724104100	-2.405724104100	0.000000000000
445.405405	0.000000000000	-2.396289891927	-2.396289891927	0.000000000000
446.486486	0.000000000000	-2.386855679754	-2.386855679754	0.000000000000
447.567568	0.000000000000	-2.377421467581	-2.377421467581	0.000000000000
448.648649	0.000000000000	-2.367987255409	-2.367987255409	0.000000000000
449.729730	0.000000000000	-2.358553043236	-2.358553043236	0.000000000000
450.810811	0.000000000000	-2.349118831063	-2.349118831063	0.000000000000
451.891892	0.000000000000	-2.339684618890	-2.339684618890	0.000000000000
452.972973	0.000000000000	-2.330250406717	-2.330250406717	0.000000000000
454.054054	0.000000000000	-2.320816194544	-2.320816194544	0.000000000000
455.135135	0.000000000000	-2.311381982371	-2.311381982371	0.000000000000
456.216216	0.000000000000	-2.301947770198	-2.301947770198	0.000000000000
457.297297	0.000000000000	-2.292513558025	-2.292513558025	0.000000000000
458.378378	0.000000000000	-2.283079345852	-2.283079345852	0.000000000000
459.459459	0.000000000000	-2.273645133679	-2.273645133679	0.000000000000
460.540541	0.000000000000	-2.264210921506	-2.264210921506	0.000000000000
461.621622	0.000000000000	-2.254776709333	-2.254776709333	0.000000000000
462.702703	0.000000000000	-2.245342497160	-2.245342497160	0.000000000000
463.783784	0.000000000000	-2.235908284987	-2.235908284987	0.000000000000
464.864865	0.000000000000	-2.226474072814	-2.226474072814	0.000000000000
465.945946	0.000000000000	-2.217039860641	-2.217039860641	0.000000000000
467.027027	0.000000000000	-2.207605648469	-2.207605648469	0.000000000000
468.108108	0.000000000000	-2.198171436296	-2.198171436296	0.000000000000
469.189189	0.000000000000	-2.188737224123	-2.188737224123	0.000000000000
470.270270	0.000000000000	-2.179303011950	-2.179303011950	0.000000000000
471.351351	0.000000000000	-2.169868799777	-2.169868799777	0.000000000000
472.432432	0.000000000000	-2.160434587604	-2.160434587604	0.000000000000
473.513514	0.000000000000	-2.151000375431	-2.151000375431	0.000000000000
474.594595	0.000000000000	-2.141566163258	-2.141566163258	0.000000000000
475.675676	0.000000000000	-2.132131951085	-2.132131951085	0.000000000000
476.756757	0.000000000000	-2.122697738912	-2.122697738912	0.000000000000
477.837838	0.000000000000	-2.113263526739	-2.113263526739	0.000000000000
478.918919	0.000000000000	-2.103829314566	-2.103829314566	0.000000000000
480.000000	0.000000000000	-2.094395102393	-2.094395102393	0.000000000000
481.081081	0.000000000000	-2.084960890220	-2.084960890220	0.000000000000
482.162162	0.000000000000	-2.075526678047	-2.075526678047	0.000000000000
483.243243	0.000000000000	-2.066092465874	-2.066092465874	0.000000000000
484.324324	0.000000000000	-2.056658253701	-2.056658253701	0.000000000000
485.405405	0.000000000000	-2.047224041528	-2.047224041528	0.000000000000
486.486486	0.000000000000	-2.037789829356	-2.037789829356	0.000000000000
487.567568	0.000000000000	-2.028355617183	-2.028355617183	0.000000000000
488.648649	0.000000000000	-2.018921405010	-2.018921405010	0.000000000000
489.729730	0.000000000000	-2.009487192837	-2.009487192837	0.000000000000
490.810811	0.000000000000	-2.000052980664	-2.000052980664	0.000000000000
491.891892	0.000000000000	-1.990618768491	-1.990618768491	0.000000000000
492.972973	0.000000000000	-1.981184556318	-1.981184556318	0.000000000000
494.054054	0.000000000000	-1.971750344145	-1.971750344145	0.000000000000
495.135135	0.000000000000	-1.962316131972	-1.962316131972	0.000000000000
496.216216	0.000000000000	-1.952881919799	-1.952881919799	0.000000000000
497.297297	0.000000000000	-1.943447707626	-1.943447707626	0.000000000000
498.378378	0.000000000000	-1.934013495453	-1.934013495453	0.000000000000
499.459459	0.000000000000	-1.924579283280	-1.924579283280	0.000000000000
500.540541	0.000000000000	-1.915145071107	-1.915145071107	0.000000000000
501.621622	0.000000000000	-1.905710858934	-1.905710858934	0.000000000000
502.702703	0.000000000000	-1.896276646761	-1.896276646761	0.000000000000
503.783784	0.000000000000	-1.886842434588	-1.886842434588	0.000000000000
504.864865	0.000000000000	-1.877408222416	-1.877408222416	0.000000000000
505.945946	0.000000000000	-1.867974010243	-1.867974010243	0.000000000000
507.027027	0.000000000000	-1.858539798070	-1.858539798070	0.000000000000
508.108108	0.000000000000	-1.849105585897	-1.849105585897	0.000000000000
509.189189	0.000000000000	-1.839671373724	-1.839671373724	0.000000000000
510.270270	0.000000000000	-1.830237161551	-1.830237161551	0.000000000000
511.351351	0.000000000000	-1.820802949378	-1.820802949378	0.000000000000
512.432432	0.000000000000	-1.811368737205	-1.811368737205	0.000000000000
513.513514	0.000000000000	-1.801934525032	-1.801934525032	0.000000000000
514.594595	0.000000000000	-1.792500312859	-1.792500312859	0.000000000000
515.675676	0.000000000000	-1.783066100686	-1.783066100686	0.000000000000
516.756757	0.000000000000	-1.773631888513	-1.773631888513	0.000000000000
517.837838	0.000000000000	-1.764197676340	-1.764197676340	0.000000000000
518.918919	0.000000000000	-1.754763464167	-1.754763464167	0.000000000000
520.000000	0.000000000000	-1.745329251994	-1.745329251994	0.000000000000
521.081081	0.000000000000	-1.735895039821	-1.735895039821	0.000000000000
522.162162	0.000000000000	-1.726460827648	-1.726460827648	0.000000000000
523.243243	0.000000000000	-1.717026615476	-1.717026615476	0.000000000000
524.324324	0.000000000000	-1.707592403303	-1.707592403303	0.000000000000
525.405405	0.000000000000	-1.698158191130	-1.698158191130	0.000000000000
526.486486	0.000000000000	-1.688723978957	-1.688723978957	0.000000000000
527.567568	0.000000000000	-1.679289766784	-1.679289766784	0.000000000000
528.648649	0.000000000000	-1.669855554611	-1.669855554611	0.000000000000
529.729730	0.000000000000	-1.660421342438	-1.660421342438	0.000000000000
530.810811	0.000000000000	-1.650987130265	-1.650987130265	0.000000000000
531.891892	0.000000000000	-1.641552918092	-1.641552918092	0.000000000000
532.972973	0.000000000000	-1.632118705919	-1.632118705919	0.000000000000
534.054054	0.000000000000	-1.622684493746	-1.622684493746	0.000000000000
535.135135	0.000000000000	-1.613250281573	-1.613250281573	0.000000000000
536.216216	0.000000000000	-1.603816069400	-1.603816069400	0.000000000000
537.297297	0.000000000000	-1.594381857227	-1.594381857227	0.000000000000
538.378378	0.000000000000	-1.584947645054	-1.584947645054	0.000000000000
539.459459	0.000000000000	-1.575513432881	-1.575513432881	0.000000000000
540.540541	0.000000000000	-1.566079220708	-1.566079220708	0.000000000000
541.621622	0.000000000000	-1.556645008535	-1.556645008535	0.000000000000
542.702703	0.000000000000	-1.547210796363	-1.547210796363	0.000000000000
543.783784	0.000000000000	-1.537776584190	-1.537776584190	0.000000000000
544.864865	0.000000000000	-1.528342372017	-1.528342372017	0.000000000000
545.945946	0.000000000000	-1.518908159844	-1.518908159844	0.000000000000
547.027027	0.000000000000	-1.509473947671	-1.509473947671	0.000000000000
548.108108	0.000000000000	-1.500039735498	-1.500039735498	0.000000000000
549.189189	0.000000000000	-1.490605523325	-1.490605523325	0.000000000000
550.270270	0.000000000000	-1.481171311152	-1.481171311152	0.000000000000
551.351351	0.000000000000	-1.471737098979	-1.471737098979	0.000000000000
552.432432	0.000000000000	-1.462302886806	-1.462302886806	0.000000000000
553.513514	0.000000000000	-1.452868674633	-1.452868674633	0.000000000000
554.594595	0.000000000000	-1.443434462460	-1.443434462460	0.000000000000
555.675676	0.000000000000	-1.434000250287	-1.434000250287	0.000000000000
556.756757	0.000000000000	-1.424566038114	-1.424566038114	0.000000000000
557.837838	0.000000000000	-1.415131825941	-1.415131825941	0.000000000000
558.918919	0.000000000000	-1.405697613768	-1.405697613768	0.000000000000
560.000000	0.000000000000	-1.396263401595	-1.396263401595	0.000000000000
561.081081	0.000000000000	-1.386829189423	-1.386829189423	0.000000000000
562.162162	0.000000000000	-1.377394977250	-1.377394977250	0.000000000000
563.243243	0.000000000000	-1.367960765077	-1.367960765077	0.000000000000
564.324324	0.000000000000	-1.358526552904	-1.358526552904	0.000000000000
565.405405	0.000000000000	-1.349092340731	-1.349092340731	0.000000000000
566.486486	0.000000000000	-1.339658128558	-1.339658128558	0.000000000000
567.567568	0.000000000000	-1.330223916385	-1.330223916385	0.000000000000
568.648649	0.000000000000	-1.320789704212	-1.320789704212	0.000000000000
569.729730	0.000000000000	-1.311355492039	-1.311355492039	0.000000000000
570.810811	0.000000000000	-1.301921279866	-1.301921279866	0.000000000000
571.891892	0.000000000000	-1.292487067693	-1.292487067693	0.000000000000
572.972973	0.000000000000	-1.283052855520	-1.283052855520	0.000000000000
574.054054	0.000000000000	-1.273618643347	-1.273618643347	0.000000000000
575.135135	0.000000000000	-1.264184431174	-1.264184431174	0.000000000000
576.216216	0.000000000000	-1.254750219001	-1.254750219001	0.000000000000
577.297297	0.000000000000	-1.245316006828	-1.245316006828	0.000000000000
578.378378	0.000000000000	-1.235881794655	-1.235881794655	0.000000000000
579.459459	0.000000000000	-1.226447582483	-1.226447582483	0.000000000000
580.540541	0.000000000000	-1.217013370310	-1.217013370310	0.000000000000
581.621622	0.000000000000	-1.207579158137	-1.207579158137	0.000000000000
582.702703	0.000000000000	-1.198144945964	-1.198144945964	0.000000000000
583.783784	0.000000000000	-1.188710733791	-1.188710733791	0.000000000000
584.864865	0.000000000000	-1.179276521618	-1.179276521618	0.000000000000
585.945946	0.000000000000	-1.169842309445	-1.169842309445	0.000000000000
587.027027	0.000000000000	-1.160408097272	-1.160408097272	0.000000000000
588.108108	0.000000000000	-1.150973885099	-1.150973885099	0.000000000000
589.189189	0.000000000000	-1.141539672926	-1.141539672926	0.000000000000
590.270270	0.000000000000	-1.132105460753	-1.132105460753	0.000000000000
591.351351	0.000000000000	-1.122671248580	-1.122671248580	0.000000000000
592.432432	0.000000000000	-1.113237036407	-1.113237036407	0.000000000000
593.513514	0.000000000000	-1.103802824234	-1.103802824234	0.000000000000
594.594595	0.000000000000	-1.094368612061	-1.094368612061	0.000000000000
595.675676	0.000000000000	-1.084934399888	-1.084934399888	0.000000000000
596.756757	0.000000000000	-1.075500187715	-1.075500187715	0.000000000000
597.837838	0.000000000000	-1.066065975542	-1.066065975542	0.000000000000
598.918919	0.000000000000	-1.056631763370	-1.056631763370	0.000000000000
600.000000	0.000000000000	-1.047197551197	-1.047197551197	0.000000000000
601.081081	0.000000000000	-1.037763339024	-1.037763339024	0.000000000000
602.162162	0.000000000000	-1.028329126851	-1.028329126851	0.000000000000
603.243243	0.000000000000	-1.018894914678	-1.018894914678	0.000000000000
604.324324	0.000000000000	-1.009460702505	-1.009460702505	0.000000000000
605.405405	0.000000000000	-1.000026490332	-1.000026490332	0.000000000000
606.486486	0.000000000000	-0.990592278159	-0.990592278159	0.000000000000
607.567568	0.000000000000	-0.981158065986	-0.981158065986	0.000000000000
608.648649	0.000000000000	-0.971723853813	-0.971723853813	0.000000000000
609.729730	0.000000000000	-0.962289641640	-0.962289641640	0.000000000000
610.810811	0.000000000000	-0.952855429467	-0.952855429467	0.000000000000
611.891892	0.000000000000	-0.943421217294	-0.943421217294	0.000000000000
612.972973	0.000000000000	-0.933987005121	-0.933987005121	0.000000000000
614.054054	0.000000000000	-0.924552792948	-0.924552792948	0.000000000000
615.135135	0.000000000000	-0.915118580775	-0.915118580775	0.000000000000
616.216216	0.000000000000	-0.905684368602	-0.905684368602	0.000000000000
617.297297	0.000000000000	-0.896250156430	-0.896250156430	0.000000000000
618.378378	0.000000000000	-0.886815944257	-0.886815944257	0.000000000000
619.459459	0.000000000000	-0.877381732084	-0.877381732084	0.000000000000
620.540541	0.000000000000	-0.867947519911	-0.867947519911	0.000000000000
621.621622	0.000000000000	-0.858513307738	-0.858513307738	0.000000000000
622.702703	0.000000000000	-0.849079095565	-0.849079095565	0.000000000000
623.783784	0.000000000000	-0.839644883392	-0.839644883392	0.000000000000
624.864865	0.000000000000	-0.830210671219	-0.830210671219	0.000000000000
625.945946	0.000000000000	-0.820776459046	-0.820776459046	0.000000000000
627.027027	0.000000000000	-0.811342246873	-0.811342246873	0.000000000000
628.108108	0.000000000000	-0.801908034700	-0.801908034700	0.000000000000
629.189189	0.000000000000	-0.792473822527	-0.792473822527	0.000000000000
630.270270	0.000000000000	-0.783039610354	-0.783039610354	0.000000000000
631.351351	0.000000000000	-0.773605398181	-0.773605398181	0.000000000000
632.432432	0.000000000000	-0.764171186008	-0.764171186008	0.000000000000
633.513514	0.000000000000	-0.754736973835	-0.754736973835	0.000000000000
634.594595	0.000000000000	-0.745302761662	-0.745302761662	0.000000000000
635.675676	0.000000000000	-0.735868549490	-0.735868549490	0.000000000000
636.756757	0.000000000000	-0.726434337317	-0.726434337317	0.000000000000
637.837838	0.000000000000	-0.717000125144	-0.717000125144	0.000000000000
638.918919	0.000000000000	-0.707565912971	-0.707565912971	0.000000000000
640.000000	0.000000000000	-0.698131700798	-0.698131700798	0.000000000000
641.081081	0.000000000000	-0.688697488625	-0.688697488625	0.000000000000
642.162162	0.000000000000	-0.679263276452	-0.679263276452	0.000000000000
643.243243	0.000000000000	-0.669829064279	-0.669829064279	0.000000000000
644.324324	0.000000000000	-0.660394852106	-0.660394852106	0.000000000000
645.405405	0.000000000000	-0.650960639933	-0.650960639933	0.000000000000
646.486486	0.000000000000	-0.641526427760	-0.641526427760	0.000000000000
647.567568	0.000000000000	-0.632092215587	-0.632092215587	0.000000000000
648.648649	0.000000000000	-0.622658003414	-0.622658003414	0.000000000000
649.729730	0.000000000000	-0.613223791241	-0.613223791241	0.000000000000
650.810811	0.000000000000	-0.603789579068	-0.603789579068	0.000000000000
651.891892	0.000000000000	-0.594355366895	-0.594355366895	0.000000000000
652.972973	0.000000000000	-0.584921154722	-0.584921154722	0.000000000000
654.054054	0.000000000000	-0.575486942549	-0.575486942549	0.000000000000
655.135135	0.000000000000	-0.566052730377	-0.566052730377	0.000000000000
656.216216	0.000000000000	-0.556618518204	-0.556618518204	0.000000000000
657.297297	0.000000000000	-0.547184306031	-0.547184306031	0.000000000000
658.378378	0.000000000000	-0.537750093858	-0.537750093858	0.000000000000
659.459459	0.000000000000	-0.528315881685	-0.528315881685	0.000000000000
660.540541	0.000000000000	-0.518881669512	-0.518881669512	0.000000000000
661.621622	0.000000000000	-0.509447457339	-0.509447457339	0.000000000000
662.702703	0.000000000000	-0.500013245166	-0.500013245166	0.000000000000
663.783784	0.000000000000	-0.490579032993	-0.490579032993	0.000000000000
664.864865	0.000000000000	-0.481144820820	-0.481144820820	0.000000000000
665.945946	0.000000000000	-0.471710608647	-0.471710608647	0.000000000000
667.027027	0.000000000000	-0.462276396474	-0.462276396474	0.000000000000
668.108108	0.000000000000	-0.452842184301	-0.452842184301	0.000000000000
669.189189	0.000000000000	-0.443407972128	-0.443407972128	0.000000000000
670.270270	0.000000000000	-0.433973759955	-0.433973759955	0.000000000000
671.351351	0.000000000000	-0.424539547782	-0.424539547782	0.000000000000
672.432432	0.000000000000	-0.415105335609	-0.415105335609	0.000000000000
673.513514	0.000000000000	-0.405671123437	-0.405671123437	0.000000000000
674.594595	0.000000000000	-0.396236911264	-0.396236911264	0.000000000000
675.675676	0.000000000000	-0.386802699091	-0.386802699091	0.000000000000
676.756757	0.000000000000	-0.377368486918	-0.377368486918	0.000000000000
677.837838	0.000000000000	-0.367934274745	-0.367934274745	0.000000000000
678.918919	0.000000000000	-0.358500062572	-0.358500062572	0.000000000000
680.000000	0.000000000000	-0.349065850399	-0.349065850399	0.000000000000
681.081081	0.000000000000	-0.339631638226	-0.339631638226	0.000000000000
682.162162	0.000000000000	-0.330197426053	-0.330197426053	0.000000000000
683.243243	0.000000000000	-0.320763213880	-0.320763213880	0.000000000000
684.324324	0.000000000000	-0.311329001707	-0.311329001707	0.000000000000
685.405405	0.000000000000	-0.301894789534	-0.301894789534	0.000000000000
686.486486	0.000000000000	-0.292460577361	-0.292460577361	0.000000000000
687.567568	0.000000000000	-0.283026365188	-0.283026365188	0.000000000000
688.648649	0.000000000000	-0.273592153015	-0.273592153015	0.000000000000
689.729730	0.000000000000	-0.264157940842	-0.264157940842	0.000000000000
690.810811	0.000000000000	-0.254723728669	-0.254723728669	0.000000000000
691.891892	0.000000000000	-0.245289516497	-0.245289516497	0.000000000000
692.972973	0.000000000000	-0.235855304324	-0.235855304324	0.000000000000
694.054054	0.000000000000	-0.226421092151	-0.226421092151	0.000000000000
695.135135	0.000000000000	-0.216986879978	-0.216986879978	0.000000000000
696.216216	0.000000000000	-0.207552667805	-0.207552667805	0.000000000000
697.297297	0.000000000000	-0.198118455632	-0.198118455632	0.000000000000
698.378378	0.000000000000	-0.188684243459	-0.188684243459	0.000000000000
699.459459	0.000000000000	-0.179250031286	-0.179250031286	0.000000000000
700.540541	0.000000000000	-0.169815819113	-0.169815819113	0.000000000000
701.621622	0.000000000000	-0.160381606940	-0.160381606940	0.000000000000
702.702703	0.000000000000	-0.150947394767	-0.150947394767	0.000000000000
703.783784	0.000000000000	-0.141513182594	-0.141513182594	0.000000000000
704.864865	0.000000000000	-0.132078970421	-0.132078970421	0.000000000000
705.945946	0.000000000000	-0.122644758248	-0.122644758248	0.000000000000
707.027027	0.000000000000	-0.113210546075	-0.113210546075	0.000000000000
708.108108	0.000000000000	-0.103776333902	-0.103776333902	0.000000000000
709.189189	0.000000000000	-0.094342121729	-0.094342121729	0.000000000000
710.270270	0.000000000000	-0.084907909556	-0.084907909556	0.000000000000
711.351351	0.000000000000	-0.075473697384	-0.075473697384	0.000000000000
712.432432	0.000000000000	-0.066039485211	-0.066039485211	0.000000000000
713.513514	0.000000000000	-0.056605273038	-0.056605273038	0.000000000000
714.594595	0.000000000000	-0.047171060865	-0.047171060865	0.000000000000
715.675676	0.000000000000	-0.037736848692	-0.037736848692	0.000000000000
716.756757	0.000000000000	-0.028302636519	-0.028302636519	0.000000000000
717.837838	0.000000000000	-0.018868424346	-0.018868424346	0.000000000000
718.918919	0.000000000000	-0.009434212173	-0.009434212173	0.000000000000
720.000000	0.000000000000	-0.000000000000	-0.000000000000	0.000000000000
721.081081	0.000000000000	-0.009434212173	-0.009434212173	0.000000000000
722.162162	0.000000000000	-0.018868424346	-0.018868424346	0.000000000000
723.243243	0.000000000000	-0.028302636519	-0.028302636519	0.000000000000
724.324324	0.000000000000	-0.037736848692	-0.037736848692	0.000000000000
725.405405	0.000000000000	-0.047171060865	-0.047171060865	0.000000000000
726.486486	0.000000000000	-0.056605273038	-0.056605273038	0.000000000000
727.567568	0.000000000000	-0.066039485211	-0.066039485211	0.000000000000
728.648649	0.000000000000	-0.075473697384	-0.075473697384	0.000000000000
729.729730	0.000000000000	-0.084907909556	-0.084907909556	0.000000000000
730.810811	0.000000000000	-0.094342121729	-0.094342121729	0.000000000000
731.891892	0.000000000000	-0.103776333902	-0.103776333902	0.000000000000
732.972973	0.000000000000	-0.113210546075	-0.113210546075	0.000000000000
734.054054	0.000000000000	-0.122644758248	-0.122644758248	0.000000000000
735.135135	0.000000000000	-0.132078970421	-0.132078970421	0.000000000000
736.216216	0.000000000000	-0.141513182594	-0.141513182594	0.000000000000
737.297297	0.000000000000	-0.150947394767	-0.150947394767	0.000000000000
738.378378	0.000000000000	-0.160381606940	-0.160381606940	0.000000000000
739.459459	0.000000000000	-0.169815819113	-0.169815819113	0.000000000000
740.540541	0.000000000000	-0.179250031286	-0.179250031286	0.000000000000
741.621622	0.000000000000	-0.188684243459	-0.188684243459	0.000000000000
742.702703	0.000000000000	-0.198118455632	-0.198118455632	0.000000000000
743.783784	0.000000000000	-0.207552667805	-0.207552667805	0.000000000000
744.864865	0.000000000000	-0.216986879978	-0.216986879978	0.000000000000
745.945946	0.000000000000	-0.226421092151	-0.226421092151	0.000000000000
747.027027	0.000000000000	-0.235855304324	-0.235855304324	0.000000000000
748.108108	0.000000000000	-0.245289516497	-0.245289516497	0.000000000000
749.189189	0.000000000000	-0.254723728669	-0.254723728669	0.000000000000
750.270270	0.000000000000	-0.264157940842	-0.264157940842	0.000000000000
751.351351	0.000000000000	-0.273592153015	-0.273592153015	0.000000000000
752.432432	0.000000000000	-0.283026365188	-0.283026365188	0.000000000000
753.513514	0.000000000000	-0.292460577361	-0.292460577361	0.000000000000
754.594595	0.000000000000	-0.301894789534	-0.301894789534	0.000000000000
755.675676	0.000000000000	-0.311329001707	-0.311329001707	0.000000000000
756.756757	0.000000000000	-0.320763213880	-0.320763213880	0.000000000000
757.837838	0.000000000000	-0.330197426053	-0.330197426053	0.000000000000
758.918919	0.000000000000	-0.339631638226	-0.339631638226	0.000000000000
760.000000	0.000000000000	-0.349065850399	-0.349065850399	0.000000000000
761.081081	0.000000000000	-0.358500062572	-0.358500062572	0.000000000000
762.162162	0.000000000000	-0.367934274745	-0.367934274745	0.000000000000
763.243243	0.000000000000	-0.377368486918	-0.377368486918	0.000000000000
764.324324	0.000000000000	-0.386802699091	-0.386802699091	0.000000000000
765.405405	0.000000000000	-0.396236911264	-0.396236911264	0.000000000000
766.486486	0.000000000000	-0.405671123437	-0.405671123437	0.000000000000
767.567568	0.000000000000	-0.415105335609	-0.415105335609	0.000000000000
768.648649	0.000000000000	-0.424539547782	-0.424539547782	0.000000000000
769.729730	0.000000000000	-0.433973759955	-0.433973759955	0.000000000000
770.810811	0.000000000000	-0.443407972128	-0.443407972128	0.000000000000
771.891892	0.000000000000	-0.452842184301	-0.452842184301	0.000000000000
772.972973	0.000000000000	-0.462276396474	-0.462276396474	0.000000000000
774.054054	0.000000000000	-0.471710608647	-0.471710608647	0.000000000000
775.135135	0.000000000000	-0.481144820820	-0.481144820820	0.000000000000
776.216216	0.000000000000	-0.490579032993	-0.490579032993	0.000000000000
777.297297	0.000000000000	-0.500013245166	-0.500013245166	0.000000000000
778.378378	0.000000000000	-0.509447457339	-0.509447457339	0.000000000000
779.459459	0.000000000000	-0.518881669512	-0.518881669512	0.000000000000
780.540541	0.000000000000	-0.528315881685	-0.528315881685	0.000000000000
781.621622	0.000000000000	-0.537750093858	-0.537750093858	0.000000000000
782.702703	0.000000000000	-0.547184306031	-0.547184306031	0.000000000000
783.783784	0.000000000000	-0.556618518204	-0.556618518204	0.000000000000
784.864865	0.000000000000	-0.566052730377	-0.566052730377	0.000000000000
785.945946	0.000000000000	-0.575486942549	-0.575486942549	0.000000000000
787.027027	0.000000000000	-0.584921154722	-0.584921154722	0.000000000000
788.108108	0.000000000000	-0.594355366895	-0.594355366895	0.000000000000
789.189189	0.000000000000	-0.603789579068	-0.603789579068	0.000000000000
790.270270	0.000000000000	-0.613223791241	-0.613223791241	0.000000000000
791.351351	0.000000000000	-0.622658003414	-0.622658003414	0.000000000000
792.432432	0.000000000000	-0.632092215587	-0.632092215587	0.000000000000
793.513514	0.000000000000	-0.641526427760	-0.641526427760	0.000000000000
794.594595	0.000000000000	-0.650960639933	-0.650960639933	0.000000000000
795.675676	0.000000000000	-0.660394852106	-0.660394852106	0.000000000000
796.756757	0.000000000000	-0.669829064279	-0.669829064279	0.000000000000
797.837838	0.000000000000	-0.679263276452	-0.679263276452	0.000000000000
798.918919	0.000000000000	-0.688697488625	-0.688697488625	0.000000000000
800.000000	0.000000000000	-0.698131700798	-0.698131700798	0.000000000000
801.081081	0.000000000000	-0.707565912971	-0.707565912971	0.000000000000
802.162162	0.000000000000	-0.717000125144	-0.717000125144	0.000000000000
803.243243	0.000000000000	-0.726434337317	-0.726434337317	0.000000000000
804.324324	0.000000000000	-0.735868549490	-0.735868549490	0.000000000000
805.405405	0.000000000000	-0.745302761662	-0.745302761662	0.000000000000
806.486486	0.000000000000	-0.754736973835	-0.754736973835	0.000000000000
807.567568	0.000000000000	-0.764171186008	-0.764171186008	0.000000000000
808.648649	0.000000000000	-0.773605398181	-0.773605398181	0.000000000000
809.729730	0.000000000000	-0.783039610354	-0.783039610354	0.000000000000
810.810811	0.000000000000	-0.792473822527	-0.792473822527	0.000000000000
811.891892	0.000000000000	-0.801908034700	-0.801908034700	0.000000000000
812.972973	0.000000000000	-0.811342246873	-0.811342246873	0.000000000000
814.054054	0.000000000000	-0.820776459046	-0.820776459046	0.000000000000
815.135135	0.000000000000	-0.830210671219	-0.830210671219	0.000000000000
816.216216	0.000000000000	-0.839644883392	-0.839644883392	0.000000000000
817.297297	0.000000000000	-0.849079095565	-0.849079095565	0.000000000000
818.378378	0.000000000000	-0.858513307738	-0.858513307738	0.000000000000
819.459459	0.000000000000	-0.867947519911	-0.867947519911	0.000000000000
820.540541	0.000000000000	-0.877381732084	-0.877381732084	0.000000000000
821.621622	0.000000000000	-0.886815944257	-0.886815944257	0.000000000000
822.702703	0.000000000000	-0.896250156430	-0.896250156430	0.000000000000
823.783784	0.000000000000	-0.905684368602	-0.905684368602	0.000000000000
824.864865	0.000000000000	-0.915118580775	-0.915118580775	0.000000000000
825.945946	0.000000000000	-0.924552792948	-0.924552792948	0.000000000000
827.027027	0.000000000000	-0.933987005121	-0.933987005121	0.000000000000
828.108108	0.000000000000	-0.943421217294	-0.943421217294	0.000000000000
829.189189	0.000000000000	-0.952855429467	-0.952855429467	0.000000000000
830.270270	0.000000000000	-0.962289641640	-0.962289641640	0.000000000000
831.351351	0.000000000000	-0.971723853813	-0.971723853813	0.000000000000
832.432432	0.000000000000	-0.981158065986	-0.981158065986	0.000000000000
833.513514	0.000000000000	-0.990592278159	-0.990592278159	0.000000000000
834.594595	0.000000000000	-1.000026490332	-1.000026490332	0.000000000000
835.675676	0.000000000000	-1.009460702505	-1.009460702505	0.000000000000
836.756757	0.000000000000	-1.018894914678	-1.018894914678	0.000000000000
837.837838	0.000000000000	-1.028329126851	-1.028329126851	0.000000000000
838.918919	0.000000000000	-1.037763339024	-1.037763339024	0.000000000000
840.000000	0.000000000000	-1.047197551197	-1.047197551197	0.000000000000
841.081081	0.000000000000	-1.056631763370	-1.056631763370	0.000000000000
842.162162	0.000000000000	-1.066065975542	-1.066065975542	0.000000000000
843.243243	0.000000000000	-1.075500187715	-1.075500187715	0.000000000000
844.324324	0.000000000000	-1.084934399888	-1.084934399888	0.000000000000
845.405405	0.000000000000	-1.094368612061	-1.094368612061	0.000000000000
846.486486	0.000000000000	-1.103802824234	-1.103802824234	0.000000000000
847.567568	0.000000000000	-1.113237036407	-1.113237036407	0.000000000000
848.648649	0.000000000000	-1.122671248580	-1.122671248580	0.000000000000
849.729730	0.000000000000	-1.132105460753	-1.132105460753	0.000000000000
850.810811	0.000000000000	-1.141539672926	-1.141539672926	0.000000000000
851.891892	0.000000000000	-1.150973885099	-1.150973885099	0.000000000000
852.972973	0.000000000000	-1.160408097272	-1.160408097272	0.000000000000
854.054054	0.000000000000	-1.169842309445	-1.169842309445	0.000000000000
855.135135	0.000000000000	-1.179276521618	-1.179276521618	0.000000000000
856.216216	0.000000000000	-1.188710733791	-1.188710733791	0.000000000000
857.297297	0.000000000000	-1.198144945964	-1.198144945964	0.000000000000
858.378378	0.000000000000	-1.207579158137	-1.207579158137	0.000000000000
859.459459	0.000000000000	-1.217013370310	-1.217013370310	0.000000000000
860.540541	0.000000000000	-1.226447582483	-1.226447582483	0.000000000000
861.621622	0.000000000000	-1.235881794655	-1.235881794655	0.000000000000
862.702703	0.000000000000	-1.245316006828	-1.245316006828	0.000000000000
863.783784	0.000000000000	-1.254750219001	-1.254750219001	0.000000000000
864.864865	0.000000000000	-1.264184431174	-1.264184431174	0.000000000000
865.945946	0.000000000000	-1.273618643347	-1.273618643347	0.000000000000
867.027027	0.000000000000	-1.283052855520	-1.283052855520	0.000000000000
868.108108	0.000000000000	-1.292487067693	-1.292487067693	0.000000000000
869.189189	0.000000000000	-1.301921279866	-1.301921279866	0.000000000000
870.270270	0.000000000000	-1.311355492039	-1.311355492039	0.000000000000
871.351351	0.000000000000	-1.320789704212	-1.320789704212	0.000000000000
872.432432	0.000000000000	-1.330223916385	-1.330223916385	0.000000000000
873.513514	0.000000000000	-1.339658128558	-1.339658128558	0.000000000000
874.594595	0.000000000000	-1.349092340731	-1.349092340731	0.000000000000
875.675676	0.000000000000	-1.358526552904	-1.358526552904	0.000000000000
876.756757	0.000000000000	-1.367960765077	-1.367960765077	0.000000000000
877.837838	0.000000000000	-1.377394977250	-1.377394977250	0.000000000000
878.918919	0.000000000000	-1.386829189423	-1.386829189423	0.000000000000
880.000000	0.000000000000	-1.396263401595	-1.396263401595	0.000000000000
881.081081	0.000000000000	-1.405697613768	-1.405697613768	0.000000000000
882.162162	0.000000000000	-1.415131825941	-1.415131825941	0.000000000000
883.243243	0.000000000000	-1.424566038114	-1.424566038114	0.000000000000
884.324324	0.000000000000	-1.434000250287	-1.434000250287	0.000000000000
885.405405	0.000000000000	-1.443434462460	-1.443434462460	0.000000000000
886.486486	0.000000000000	-1.452868674633	-1.452868674633	0.000000000000
887.567568	0.000000000000	-1.462302886806	-1.462302886806	0.000000000000
888.648649	0.000000000000	-1.471737098979	-1.471737098979	0.000000000000
889.729730	0.000000000000	-1.481171311152	-1.481171311152	0.000000000000
890.810811	0.000000000000	-1.490605523325	-1.490605523325	0.000000000000
891.891892	0.000000000000	-1.500039735498	-1.500039735498	0.000000000000
892.972973	0.000000000000	-1.509473947671	-1.509473947671	0.000000000000
894.054054	0.000000000000	-1.518908159844	-1.518908159844	0.000000000000
895.135135	0.000000000000	-1.528342372017	-1.528342372017	0.000000000000
896.216216	0.000000000000	-1.537776584190	-1.537776584190	0.000000000000
897.297297	0.000000000000	-1.547210796363	-1.547210796363	0.000000000000
898.378378	0.000000000000	-1.556645008535	-1.556645008535	0.000000000000
899.459459	0.000000000000	-1.566079220708	-1.566079220708	0.000000000000
900.540541	0.000000000000	-1.575513432881	-1.575513432881	0.000000000000
901.621622	0.000000000000	-1.584947645054	-1.584947645054	0.000000000000
902.702703	0.000000000000	-1.594381857227	-1.594381857227	0.000000000000
903.783784	0.000000000000	-1.603816069400	-1.603816069400	0.000000000000
904.864865	0.000000000000	-1.613250281573	-1.613250281573	0.000000000000
905.945946	0.000000000000	-1.622684493746	-1.622684493746	0.000000000000
907.027027	0.000000000000	-1.632118705919	-1.632118705919	0.000000000000
908.108108	0.000000000000	-1.641552918092	-1.641552918092	0.000000000000
909.189189	0.000000000000	-1.650987130265	-1.650987130265	0.000000000000
910.270270	0.000000000000	-1.660421342438	-1.660421342438	0.000000000000
911.351351	0.000000000000	-1.669855554611	-1.669855554611	0.000000000000
912.432432	0.000000000000	-1.679289766784	-1.679289766784	0.000000000000
913.513514	0.000000000000	-1.688723978957	-1.688723978957	0.000000000000
914.594595	0.000000000000	-1.698158191130	-1.698158191130	0.000000000000
915.675676	0.000000000000	-1.707592403303	-1.707592403303	0.000000000000
916.756757	0.000000000000	-1.717026615476	-1.717026615476	0.000000000000
917.837838	0.000000000000	-1.726460827648	-1.726460827648	0.000000000000
918.918919	0.000000000000	-1.735895039821	-1.735895039821	0.000000000000
920.000000	0.000000000000	-1.745329251994	-1.745329251994	0.000000000000
921.081081	0.000000000000	-1.754763464167	-1.754763464167	0.000000000000
922.162162	0.000000000000	-1.764197676340	-1.764197676340	0.000000000000
923.243243	0.000000000000	-1.773631888513	-1.773631888513	0.000000000000
924.324324	0.000000000000	-1.783066100686	-1.783066100686	0.000000000000
925.405405	0.000000000000	-1.792500312859	-1.792500312859	0.000000000000
926.486486	0.000000000000	-1.801934525032	-1.801934525032	0.000000000000
927.567568	0.000000000000	-1.811368737205	-1.811368737205	0.000000000000
928.648649	0.000000000000	-1.820802949378	-1.820802949378	0.000000000000
929.729730	0.000000000000	-1.830237161551	-1.830237161551	0.000000000000
930.810811	0.000000000000	-1.839671373724	-1.839671373724	0.000000000000
931.891892	0.000000000000	-1.849105585897	-1.849105585897	0.000000000000
932.972973	0.000000000000	-1.858539798070	-1.858539798070	0.000000000000
934.054054	0.000000000000	-1.867974010243	-1.867974010243	0.000000000000
935.135135	0.000000000000	-1.877408222416	-1.877408222416	0.000000000000
936.216216	0.000000000000	-1.886842434588	-1.886842434588	0.000000000000
937.297297	0.000000000000	-1.896276646761	-1.896276646761	0.000000000000
938.378378	0.000000000000	-1.905710858934	-1.905710858934	0.000000000000
939.459459	0.000000000000	-1.915145071107	-1.915145071107	0.000000000000
940.540541	0.000000000000	-1.924579283280	-1.924579283280	0.000000000000
941.621622	0.000000000000	-1.934013495453	-1.934013495453	0.000000000000
942.702703	0.000000000000	-1.943447707626	-1.943447707626	0.000000000000
943.783784	0.000000000000	-1.952881919799	-1.952881919799	0.000000000000
944.864865	0.000000000000	-1.962316131972	-1.962316131972	0.000000000000
945.945946	0.000000000000	-1.971750344145	-1.971750344145	0.000000000000
947.027027	0.000000000000	-1.981184556318	-1.981184556318	0.000000000000
948.108108	0.000000000000	-1.990618768491	-1.990618768491	0.000000000000
949.189189	0.000000000000	-2.000052980664	-2.000052980664	0.000000000000
950.270270	0.000000000000	-2.009487192837	-2.009487192837	0.000000000000
951.351351	0.000000000000	-2.018921405010	-2.018921405010	0.000000000000
952.432432	0.000000000000	-2.028355617183	-2.028355617183	0.000000000000
953.513514	0.000000000000	-2.037789829356	-2.037789829356	0.000000000000
954.594595	0.000000000000	-2.047224041528	-2.047224041528	0.000000000000
955.675676	0.000000000000	-2.056658253701	-2.056658253701	0.000000000000
956.756757	0.000000000000	-2.066092465874	-2.066092465874	0.000000000000
957.837838	0.000000000000	-2.075526678047	-2.075526678047	0.000000000000
958.918919	0.000000000000	-2.084960890220	-2.084960890220	0.000000000000
960.000000	0.000000000000	-2.094395102393	-2.094395102393	0.000000000000
961.081081	0.000000000000	-2.103829314566	-2.103829314566	0.000000000000
962.162162	0.000000000000	-2.113263526739	-2.113263526739	0.000000000000
963.243243	0.000000000000	-2.122697738912	-2.122697738912	0.000000000000
964.324324	0.000000000000	-2.132131951085	-2.132131951085	0.000000000000
965.405405	0.000000000000	-2.141566163258	-2.141566163258	0.000000000000
966.486486	0.000000000000	-2.151000375431	-2.151000375431	0.000000000000
967.567568	0.000000000000	-2.160434587604	-2.160434587604	0.000000000000
968.648649	0.000000000000	-2.169868799777	-2.169868799777	0.000000000000
969.729730	0.000000000000	-2.179303011950	-2.179303011950	0.000000000000
970.810811	0.000000000000	-2.188737224123	-2.188737224123	0.000000000000
971.891892	0.000000000000	-2.198171436296	-2.198171436296	0.000000000000
972.972973	0.000000000000	-2.207605648469	-2.207605648469	0.000000000000
974.054054	0.000000000000	-2.217039860641	-2.217039860641	0.000000000000
975.135135	0.000000000000	-2.226474072814	-2.226474072814	0.000000000000
976.216216	0.000000000000	-2.235908284987	-2.235908284987	0.000000000000
977.297297	0.000000000000	-2.245342497160	-2.245342497160	0.000000000000
978.378378	0.000000000000	-2.254776709333	-2.254776709333	0.000000000000
979.459459	0.000000000000	-2.264210921506	-2.264210921506	0.000000000000
980.540541	0.000000000000	-2.273645133679	-2.273645133679	0.000000000000
981.621622	0.000000000000	-2.283079345852	-2.283079345852	0.000000000000
982.702703	0.000000000000	-2.292513558025	-2.292513558025	0.000000000000
983.783784	0.000000000000	-2.301947770198	-2.301947770198	0.000000000000
984.864865	0.000000000000	-2.311381982371	-2.311381982371	0.000000000000
985.945946	0.000000000000	-2.320816194544	-2.320816194544	0.000000000000
987.027027	0.000000000000	-2.330250406717	-2.330250406717	0.000000000000
988.108108	0.000000000000	-2.339684618890	-2.339684618890	0.000000000000
989.189189	0.000000000000	-2.349118831063	-2.349118831063	0.000000000000
990.270270	0.000000000000	-2.358553043236	-2.358553043236	0.000000000000
991.351351	0.000000000000	-2.367987255409	-2.367987255409	0.000000000000
992.432432	0.000000000000	-2.377421467581	-2.377421467581	0.000000000000
993.513514	0.000000000000	-2.386855679754	-2.386855679754	0.000000000000
994.594595	0.000000000000	-2.396289891927	-2.396289891927	0.000000000000
995.675676	0.000000000000	-2.405724104100	-2.405724104100	0.000000000000
996.756757	0.000000000000	-2.415158316273	-2.415158316273	0.000000000000
997.837838	0.000000000000	-2.424592528446	-2.424592528446	0.000000000000
998.918919	0.000000000000	-2.434026740619	-2.434026740619	0.000000000000
1000.000000	0.000000000000	-2.443460952792	-2.443460952792	0.000000000000
1001.081081	0.000000000000	-2.452895164965	-2.452895164965	0.000000000000
1002.162162	0.000000000000	-2.462329377138	-2.462329377138	0.000000000000
1003.243243	0.000000000000	-2.471763589311	-2.471763589311	0.000000000000
1004.324324	0.000000000000	-2.481197801484	-2.481197801484	0.000000000000
1005.405405	0.000000000000	-2.490632013657	-2.490632013657	0.000000000000
1006.486486	0.000000000000	-2.500066225830	-2.500066225830	0.000000000000
1007.567568	0.000000000000	-2.509500438003	-2.509500438003	0.000000000000
1008.648649	0.000000000000	-2.518934650176	-2.518934650176	0.000000000000
1009.729730	0.000000000000	-2.528368862349	-2.528368862349	0.000000000000
1010.810811	0.000000000000	-2.537803074521	-2.537803074521	0.000000000000
1011.891892	0.000000000000	-2.547237286694	-2.547237286694	0.000000000000
1012.972973	0.000000000000	-2.556671498867	-2.556671498867	0.000000000000
1014.054054	0.000000000000	-2.566105711040	-2.566105711040	0.000000000000
1015.135135	0.000000000000	-2.575539923213	-2.575539923213	0.000000000000
1016.216216	0.000000000000	-2.584974135386	-2.584974135386	0.000000000000
1017.297297	0.000000000000	-2.594408347559	-2.594408347559	0.000000000000
1018.378378	0.000000000000	-2.603842559732	-2.603842559732	0.000000000000
1019.459459	0.000000000000	-2.613276771905	-2.613276771905	0.000000000000
1020.540541	0.000000000000	-2.622710984078	-2.622710984078	0.000000000000
1021.621622	0.000000000000	-2.632145196251	-2.632145196251	0.000000000000
1022.702703	0.000000000000	-2.641579408424	-2.641579408424	0.000000000000
1023.783784	0.000000000000	-2.651013620597	-2.651013620597	0.000000000000
1024.864865	0.000000000000	-2.660447832770	-2.660447832770	0.000000000000
1025.945946	0.000000000000	-2.669882044943	-2.669882044943	0.000000000000
1027.027027	0.000000000000	-2.679316257116	-2.679316257116	0.000000000000
1028.108108	0.000000000000	-2.688750469289	-2.688750469289	0.000000000000
1029.189189	0.000000000000	-2.698184681462	-2.698184681462	0.000000000000
1030.270270	0.000000000000	-2.707618893634	-2.707618893634	0.000000000000
1031.351351	0.000000000000	-2.717053105807	-2.717053105807	0.000000000000
1032.432432	0.000000000000	-2.726487317980	-2.726487317980	0.000000000000
1033.513514	0.000000000000	-2.735921530153	-2.735921530153	0.000000000000
1034.594595	0.000000000000	-2.745355742326	-2.745355742326	0.000000000000
1035.675676	0.000000000000	-2.754789954499	-2.754789954499	0.000000000000
1036.756757	0.000000000000	-2.764224166672	-2.764224166672	0.000000000000
1037.837838	0.000000000000	-2.773658378845	-2.773658378845	0.000000000000
1038.918919	0.000000000000	-2.783092591018	-2.783092591018	0.000000000000
1040.000000	0.000000000000	-2.792526803191	-2.792526803191	0.000000000000
1041.081081	0.000000000000	-2.801961015364	-2.801961015364	0.000000000000
1042.162162	0.000000000000	-2.811395227537	-2.811395227537	0.000000000000
1043.243243	0.000000000000	-2.820829439710	-2.820829439710	0.000000000000
1044.324324	0.000000000000	-2.830263651883	-2.830263651883	0.000000000000
1045.405405	0.000000000000	-2.839697864056	-2.839697864056	0.000000000000
1046.486486	0.000000000000	-2.849132076229	-2.849132076229	0.000000000000
1047.567568	0.000000000000	-2.858566288402	-2.858566288402	0.000000000000
1048.648649	0.000000000000	-2.868000500574	-2.868000500574	0.000000000000
1049.729730	0.000000000000	-2.877434712747	-2.877434712747	0.000000000000
1050.810811	0.000000000000	-2.886868924920	-2.886868924920	0.000000000000
1051.891892	0.000000000000	-2.896303137093	-2.896303137093	0.000000000000
1052.972973	0.000000000000	-2.905737349266	-2.905737349266	0.000000000000
1054.054054	0.000000000000	-2.915171561439	-2.915171561439	0.000000000000
1055.135135	0.000000000000	-2.924605773612	-2.924605773612	0.000000000000
1056.216216	0.000000000000	-2.934039985785	-2.934039985785	0.000000000000
1057.297297	0.000000000000	-2.943474197958	-2.943474197958	0.000000000000
1058.378378	0.000000000000	-2.952908410131	-2.952908410131	0.000000000000
1059.459459	0.000000000000	-2.962342622304	-2.962342622304	0.000000000000
1060.540541	0.000000000000	-2.971776834477	-2.971776834477	0.000000000000
1061.621622	0.000000000000	-2.981211046650	-2.981211046650	0.000000000000
1062.702703	0.000000000000	-2.990645258823	-2.990645258823	0.000000000000
1063.783784	0.000000000000	-3.000079470996	-3.000079470996	0.000000000000
1064.864865	0.000000000000	-3.009513683169	-3.009513683169	0.000000000000
1065.945946	0.000000000000	-3.018947895342	-3.018947895342	0.000000000000
1067.027027	0.000000000000	-3.028382107514	-3.028382107514	0.000000000000
1068.108108	0.000000000000	-3.037816319687	-3.037816319687	0.000000000000
1069.189189	0.000000000000	-3.047250531860	-3.047250531860	0.000000000000
1070.270270	0.000000000000	-3.056684744033	-3.056684744033	0.000000000000
1071.351351	0.000000000000	-3.066118956206	-3.066118956206	0.000000000000
1072.432432	0.000000000000	-3.075553168379	-3.075553168379	0.000000000000
1073.513514	0.000000000000	-3.084987380552	-3.084987380552	0.000000000000
1074.594595	0.000000000000	-3.094421592725	-3.094421592725	0.000000000000
1075.675676	0.000000000000	-3.103855804898	-3.103855804898	0.000000000000
1076.756757	0.000000000000	-3.113290017071	-3.113290017071	0.000000000000
1077.837838	0.000000000000	-3.122724229244	-3.122724229244	0.000000000000
1078.918919	0.000000000000	-3.132158441417	-3.132158441417	0.000000000000
1080.000000	0.000000000000	-3.141592653590	-3.141592653590	0.000000000000
