Theta (degrees)	Normalized Energy
0.000000000000000000e+00 9.992569629462008107e-01
1.801801801801801606e+00 9.992586025119070126e-01
3.603603603603603212e+00 9.992635069603096332e-01
5.405405405405405261e+00 9.992716336602477378e-01
7.207207207207206423e+00 9.992829119424750939e-01
9.009009009009007585e+00 9.992972436715362727e-01
1.081081081081081052e+01 9.993145040420444714e-01
1.261261261261261168e+01 9.993345425949629046e-01
1.441441441441441285e+01 9.993571844481102806e-01
1.621621621621621401e+01 9.993822317337229810e-01
1.801801801801801517e+01 9.994094652344183149e-01
1.981981981981981633e+01 9.994386462073558963e-01
2.162162162162162105e+01 9.994695183847835951e-01
2.342342342342342221e+01 9.995018101375380271e-01
2.522522522522522337e+01 9.995352367863205023e-01
2.702702702702702453e+01 9.995695030439395445e-01
2.882882882882882569e+01 9.996043055699823654e-01
3.063063063063063041e+01 9.996393356177825096e-01
3.243243243243242802e+01 9.996742817519845836e-01
3.423423423423423628e+01 9.997088326135953329e-01
3.603603603603603034e+01 9.997426797081642169e-01
3.783783783783783861e+01 9.997755201916576073e-01
3.963963963963963266e+01 9.998070596278080258e-01
4.144144144144143382e+01 9.998370146901897071e-01
4.324324324324324209e+01 9.998651157820332980e-01
4.504504504504503615e+01 9.998911095469663612e-01
4.684684684684684441e+01 9.999147612443125555e-01
4.864864864864863847e+01 9.999358569634895222e-01
5.045045045045044674e+01 9.999542056532696455e-01
5.225225225225224079e+01 9.999696409433251887e-01
5.405405405405404906e+01 9.999820227374532911e-01
5.585585585585584312e+01 9.999912385602305331e-01
5.765765765765765138e+01 9.999972046414973281e-01
5.945945945945945965e+01 9.999998667259863971e-01
6.126126126126126081e+01 9.999992005985690602e-01
6.306306306306305487e+01 9.999952123189044251e-01
6.486486486486485603e+01 9.999879381627069241e-01
6.666666666666665719e+01 9.999774442703329713e-01
6.846846846846847257e+01 9.999638260068423046e-01
7.027027027027025952e+01 9.999472070411065117e-01
7.207207207207206068e+01 9.999277381547641008e-01
7.387387387387387605e+01 9.999055957949110063e-01
7.567567567567567721e+01 9.998809803872196200e-01
7.747747747747747837e+01 9.998541144287131921e-01
7.927927927927926532e+01 9.998252403816437761e-01
8.108108108108108070e+01 9.997946183917439944e-01
8.288288288288286765e+01 9.997625238556393512e-01
8.468468468468468302e+01 9.997292448632837392e-01
8.648648648648648418e+01 9.996950795419948799e-01
8.828828828828828534e+01 9.996603333290500215e-01
9.009009009009007229e+01 9.996253161997313841e-01
9.189189189189188767e+01 9.995903398774199644e-01
9.369369369369368883e+01 9.995557150516781730e-01
9.549549549549548999e+01 9.995217486293266340e-01
9.729729729729727694e+01 9.994887410424281304e-01
9.909909909909909231e+01 9.994569836357158898e-01
1.009009009009008935e+02 9.994267561545659984e-01
1.027027027027027088e+02 9.993983243530129013e-01
1.045045045045044816e+02 9.993719377396601544e-01
1.063063063063062970e+02 9.993478274776379511e-01
1.081081081081080981e+02 9.993262044530871746e-01
1.099099099099099135e+02 9.993072575249543066e-01
1.117117117117116862e+02 9.992911519672552645e-01
1.135135135135135016e+02 9.992780281133741838e-01
1.153153153153153028e+02 9.992680002104739057e-01
1.171171171171171039e+02 9.992611554905983517e-01
1.189189189189189193e+02 9.992575534636981560e-01
1.207207207207207063e+02 9.992572254364643358e-01
1.225225225225225216e+02 9.992601742595597081e-01
1.243243243243243228e+02 9.992663743046197311e-01
1.261261261261261097e+02 9.992757716711312410e-01
1.279279279279279251e+02 9.992882846220881854e-01
1.297297297297297121e+02 9.993038042460770098e-01
1.315315315315315274e+02 9.993221953421567161e-01
1.333333333333333144e+02 9.993432975225992054e-01
1.351351351351351298e+02 9.993669265271624136e-01
1.369369369369369451e+02 9.993928757411375541e-01
1.387387387387387321e+02 9.994209179078961114e-01
1.405405405405405190e+02 9.994508070251237886e-01
1.423423423423423344e+02 9.994822804122527327e-01
1.441441441441441214e+02 9.995150609349807702e-01
1.459459459459459367e+02 9.995488593710560865e-01
1.477477477477477521e+02 9.995833768998009239e-01
1.495495495495495391e+02 9.996183076962077418e-01
1.513513513513513544e+02 9.996533416088370094e-01
1.531531531531531414e+02 9.996881668992181336e-01
1.549549549549549567e+02 9.997224730191434094e-01
1.567567567567567437e+02 9.997559534010268534e-01
1.585585585585585306e+02 9.997883082355519813e-01
1.603603603603603460e+02 9.998192472101407047e-01
1.621621621621621614e+02 9.998484921813624027e-01
1.639639639639639768e+02 9.998757797543204040e-01
1.657657657657657353e+02 9.999008637423361101e-01
1.675675675675675507e+02 9.999235174808834836e-01
1.693693693693693660e+02 9.999435359707579130e-01
1.711711711711711530e+02 9.999607378268530189e-01
1.729729729729729684e+02 9.999749670107309640e-01
1.747747747747747837e+02 9.999860943272638192e-01
1.765765765765765707e+02 9.999940186681374188e-01
1.783783783783783861e+02 9.999986679877393980e-01
1.801801801801801446e+02 1.000000000000000000e+00
1.819819819819819600e+02 9.999980025879520174e-01
1.837837837837837753e+02 9.999926939211677412e-01
1.855855855855855623e+02 9.999841222796750362e-01
1.873873873873873777e+02 9.999723655864438676e-01
1.891891891891891930e+02 9.999575306539693065e-01
1.909909909909909800e+02 9.999397521538493372e-01
1.927927927927927954e+02 9.999191913214001692e-01
1.945945945945945539e+02 9.998960344103706710e-01
1.963963963963963693e+02 9.998704909154800813e-01
1.981981981981981846e+02 9.998427915829523061e-01
1.999999999999999716e+02 9.998131862312570339e-01
2.018018018018017870e+02 9.997819414059816445e-01
2.036036036036036023e+02 9.997493378941014752e-01
2.054054054054054177e+02 9.997156681238387188e-01
2.072072072072072046e+02 9.996812334768786501e-01
2.090090090090089632e+02 9.996463415399298169e-01
2.108108108108107785e+02 9.996113033224273137e-01
2.126126126126125939e+02 9.995764304667578148e-01
2.144144144144143809e+02 9.995420324765910136e-01
2.162162162162161962e+02 9.995084139879286678e-01
2.180180180180180116e+02 9.994758721062347862e-01
2.198198198198198270e+02 9.994446938316396967e-01
2.216216216216216139e+02 9.994151535926817376e-01
2.234234234234233725e+02 9.993875109074309426e-01
2.252252252252251878e+02 9.993620081891730900e-01
2.270270270270270032e+02 9.993388687121418368e-01
2.288288288288288186e+02 9.993182947510790282e-01
2.306306306306306055e+02 9.993004659067702411e-01
2.324324324324324209e+02 9.992855376280618263e-01
2.342342342342342079e+02 9.992736399393177260e-01
2.360360360360360232e+02 9.992648763807955303e-01
2.378378378378378386e+02 9.992593231679676169e-01
2.396396396396396256e+02 9.992570285744735159e-01
2.414414414414414125e+02 9.992580125420755799e-01
2.432432432432432279e+02 9.992622665197030685e-01
2.450450450450450433e+02 9.992697535324555069e-01
2.468468468468468018e+02 9.992804084801991671e-01
2.486486486486486456e+02 9.992941386641421841e-01
2.504504504504504609e+02 9.993108245385482480e-01
2.522522522522522195e+02 9.993303206834311947e-01
2.540540540540540349e+02 9.993524569927433321e-01
2.558558558558558502e+02 9.993770400711740054e-01
2.576576576576576372e+02 9.994038548311940939e-01
2.594594594594594241e+02 9.994326662804697836e-01
2.612612612612612679e+02 9.994632214881610244e-01
2.630630630630630549e+02 9.994952517169800599e-01
2.648648648648648418e+02 9.995284747062121999e-01
2.666666666666666288e+02 9.995625970891884871e-01
2.684684684684684726e+02 9.995973169270316872e-01
2.702702702702702595e+02 9.996323263388575686e-01
2.720720720720720465e+02 9.996673142070187090e-01
2.738738738738738903e+02 9.997019689345773008e-01
2.756756756756756204e+02 9.997359812308553861e-01
2.774774774774774642e+02 9.997690468998542412e-01
2.792792792792793080e+02 9.998008696054285771e-01
2.810810810810810381e+02 9.998311635865788638e-01
2.828828828828828250e+02 9.998596562958713685e-01
2.846846846846846688e+02 9.998860909341232839e-01
2.864864864864864558e+02 9.999102288548602502e-01
2.882882882882882427e+02 9.999318518128790245e-01
2.900900900900900865e+02 9.999507640324002411e-01
2.918918918918918735e+02 9.999667940718728332e-01
2.936936936936936604e+02 9.999797964644041581e-01
2.954954954954955042e+02 9.999896531150654910e-01
2.972972972972972912e+02 9.999962744389212510e-01
2.990990990990990781e+02 9.999996002264934791e-01
3.009009009009008651e+02 9.999996002264931461e-01
3.027027027027027088e+02 9.999962744389210290e-01
3.045045045045044958e+02 9.999896531150658241e-01
3.063063063063062827e+02 9.999797964644041581e-01
3.081081081081081265e+02 9.999667940718728332e-01
3.099099099099099135e+02 9.999507640324002411e-01
3.117117117117116436e+02 9.999318518128790245e-01
3.135135135135134874e+02 9.999102288548605832e-01
3.153153153153152743e+02 9.998860909341232839e-01
3.171171171171170613e+02 9.998596562958713685e-01
3.189189189189189051e+02 9.998311635865788638e-01
3.207207207207206920e+02 9.998008696054282440e-01
3.225225225225224790e+02 9.997690468998542412e-01
3.243243243243243228e+02 9.997359812308557192e-01
3.261261261261260529e+02 9.997019689345773008e-01
3.279279279279279535e+02 9.996673142070190421e-01
3.297297297297296836e+02 9.996323263388575686e-01
3.315315315315314706e+02 9.995973169270316872e-01
3.333333333333333144e+02 9.995625970891884871e-01
3.351351351351351013e+02 9.995284747062125330e-01
3.369369369369368883e+02 9.994952517169803929e-01
3.387387387387387321e+02 9.994632214881615795e-01
3.405405405405405190e+02 9.994326662804700057e-01
3.423423423423423060e+02 9.994038548311940939e-01
3.441441441441441498e+02 9.993770400711745605e-01
3.459459459459459367e+02 9.993524569927433321e-01
3.477477477477477237e+02 9.993303206834311947e-01
3.495495495495495675e+02 9.993108245385482480e-01
3.513513513513513544e+02 9.992941386641421841e-01
3.531531531531531414e+02 9.992804084801991671e-01
3.549549549549548715e+02 9.992697535324558400e-01
3.567567567567567721e+02 9.992622665197030685e-01
3.585585585585585022e+02 9.992580125420755799e-01
3.603603603603602892e+02 9.992570285744738490e-01
3.621621621621621330e+02 9.992593231679676169e-01
3.639639639639639199e+02 9.992648763807958634e-01
3.657657657657657069e+02 9.992736399393180591e-01
3.675675675675675507e+02 9.992855376280618263e-01
3.693693693693693376e+02 9.993004659067707962e-01
3.711711711711711246e+02 9.993182947510790282e-01
3.729729729729729684e+02 9.993388687121415037e-01
3.747747747747747553e+02 9.993620081891733120e-01
3.765765765765765423e+02 9.993875109074309426e-01
3.783783783783783861e+02 9.994151535926817376e-01
3.801801801801801730e+02 9.994446938316400297e-01
3.819819819819819600e+02 9.994758721062342310e-01
3.837837837837837469e+02 9.995084139879286678e-01
3.855855855855855907e+02 9.995420324765906805e-01
3.873873873873873777e+02 9.995764304667578148e-01
3.891891891891891078e+02 9.996113033224273137e-01
3.909909909909909516e+02 9.996463415399298169e-01
3.927927927927927385e+02 9.996812334768786501e-01
3.945945945945945255e+02 9.997156681238387188e-01
3.963963963963963693e+02 9.997493378941018083e-01
3.981981981981981562e+02 9.997819414059813115e-01
3.999999999999999432e+02 9.998131862312563678e-01
4.018018018018017870e+02 9.998427915829523061e-01
4.036036036036035739e+02 9.998704909154797482e-01
4.054054054054053609e+02 9.998960344103710041e-01
4.072072072072072046e+02 9.999191913213999472e-01
4.090090090090089916e+02 9.999397521538490041e-01
4.108108108108108354e+02 9.999575306539696395e-01
4.126126126126125655e+02 9.999723655864433125e-01
4.144144144144144093e+02 9.999841222796750362e-01
4.162162162162162531e+02 9.999926939211674082e-01
4.180180180180179264e+02 9.999980025879520174e-01
4.198198198198198270e+02 9.999999999999996669e-01
4.216216216216215571e+02 9.999986679877391760e-01
4.234234234234233440e+02 9.999940186681371967e-01
4.252252252252251878e+02 9.999860943272634861e-01
4.270270270270269748e+02 9.999749670107306310e-01
4.288288288288287617e+02 9.999607378268523528e-01
4.306306306306306055e+02 9.999435359707579130e-01
4.324324324324323925e+02 9.999235174808832616e-01
4.342342342342342363e+02 9.999008637423357770e-01
4.360360360360360232e+02 9.998757797543200709e-01
4.378378378378378102e+02 9.998484921813618476e-01
4.396396396396396540e+02 9.998192472101401496e-01
4.414414414414413841e+02 9.997883082355516482e-01
4.432432432432432279e+02 9.997559534010268534e-01
4.450450450450450148e+02 9.997224730191430764e-01
4.468468468468467449e+02 9.996881668992178005e-01
4.486486486486486456e+02 9.996533416088366764e-01
4.504504504504503757e+02 9.996183076962079639e-01
4.522522522522522763e+02 9.995833768998003688e-01
4.540540540540540064e+02 9.995488593710560865e-01
4.558558558558557934e+02 9.995150609349804371e-01
4.576576576576576372e+02 9.994822804122523996e-01
4.594594594594594241e+02 9.994508070251237886e-01
4.612612612612612111e+02 9.994209179078957783e-01
4.630630630630630549e+02 9.993928757411369990e-01
4.648648648648648418e+02 9.993669265271624136e-01
4.666666666666666856e+02 9.993432975225986503e-01
4.684684684684684157e+02 9.993221953421563830e-01
4.702702702702702027e+02 9.993038042460773429e-01
4.720720720720720465e+02 9.992882846220884074e-01
4.738738738738738334e+02 9.992757716711312410e-01
4.756756756756756772e+02 9.992663743046197311e-01
4.774774774774775210e+02 9.992601742595600411e-01
4.792792792792792511e+02 9.992572254364643358e-01
4.810810810810809812e+02 9.992575534636987111e-01
4.828828828828828250e+02 9.992611554905983517e-01
4.846846846846846120e+02 9.992680002104739057e-01
4.864864864864864558e+02 9.992780281133745168e-01
4.882882882882882427e+02 9.992911519672552645e-01
4.900900900900900865e+02 9.993072575249546396e-01
4.918918918918918166e+02 9.993262044530871746e-01
4.936936936936936036e+02 9.993478274776379511e-01
4.954954954954954474e+02 9.993719377396601544e-01
4.972972972972972912e+02 9.993983243530129013e-01
4.990990990990990781e+02 9.994267561545659984e-01
5.009009009009009219e+02 9.994569836357161119e-01
5.027027027027026520e+02 9.994887410424284635e-01
5.045045045045044390e+02 9.995217486293271891e-01
5.063063063063062827e+02 9.995557150516781730e-01
5.081081081081080697e+02 9.995903398774196313e-01
5.099099099099099135e+02 9.996253161997317171e-01
5.117117117117117004e+02 9.996603333290502436e-01
5.135135135135135442e+02 9.996950795419952129e-01
5.153153153153152743e+02 9.997292448632840722e-01
5.171171171171171181e+02 9.997625238556399063e-01
5.189189189189188482e+02 9.997946183917443275e-01
5.207207207207206920e+02 9.998252403816441092e-01
5.225225225225225358e+02 9.998541144287131921e-01
5.243243243243243796e+02 9.998809803872192870e-01
5.261261261261261097e+02 9.999055957949112283e-01
5.279279279279278398e+02 9.999277381547643229e-01
5.297297297297296836e+02 9.999472070411070668e-01
5.315315315315314137e+02 9.999638260068428597e-01
5.333333333333332575e+02 9.999774442703329713e-01
5.351351351351351013e+02 9.999879381627072572e-01
5.369369369369369451e+02 9.999952123189044251e-01
5.387387387387386752e+02 9.999992005985690602e-01
5.405405405405405190e+02 9.999998667259863971e-01
5.423423423423422491e+02 9.999972046414978832e-01
5.441441441441440929e+02 9.999912385602305331e-01
5.459459459459459367e+02 9.999820227374536241e-01
5.477477477477477805e+02 9.999696409433255218e-01
5.495495495495495106e+02 9.999542056532696455e-01
5.513513513513512407e+02 9.999358569634891891e-01
5.531531531531530845e+02 9.999147612443125555e-01
5.549549549549549283e+02 9.998911095469663612e-01
5.567567567567567721e+02 9.998651157820332980e-01
5.585585585585586159e+02 9.998370146901897071e-01
5.603603603603603460e+02 9.998070596278085809e-01
5.621621621621620761e+02 9.997755201916576073e-01
5.639639639639639199e+02 9.997426797081645500e-01
5.657657657657656500e+02 9.997088326135953329e-01
5.675675675675674938e+02 9.996742817519845836e-01
5.693693693693693376e+02 9.996393356177825096e-01
5.711711711711711814e+02 9.996043055699823654e-01
5.729729729729729115e+02 9.995695030439395445e-01
5.747747747747747553e+02 9.995352367863205023e-01
5.765765765765764854e+02 9.995018101375380271e-01
5.783783783783783292e+02 9.994695183847835951e-01
5.801801801801801730e+02 9.994386462073555633e-01
5.819819819819820168e+02 9.994094652344185370e-01
5.837837837837837469e+02 9.993822317337226480e-01
5.855855855855854770e+02 9.993571844481105027e-01
5.873873873873873208e+02 9.993345425949629046e-01
5.891891891891890509e+02 9.993145040420444714e-01
5.909909909909910084e+02 9.992972436715360507e-01
5.927927927927927385e+02 9.992829119424750939e-01
5.945945945945945823e+02 9.992716336602474048e-01
5.963963963963964261e+02 9.992635069603096332e-01
5.981981981981981562e+02 9.992586025119073456e-01
5.999999999999998863e+02 9.992569629462008107e-01
6.018018018018017301e+02 9.992586025119070126e-01
6.036036036036035739e+02 9.992635069603096332e-01
6.054054054054054177e+02 9.992716336602470717e-01
6.072072072072071478e+02 9.992829119424748718e-01
6.090090090090089916e+02 9.992972436715360507e-01
6.108108108108107217e+02 9.993145040420441383e-01
6.126126126126125655e+02 9.993345425949629046e-01
6.144144144144144093e+02 9.993571844481102806e-01
6.162162162162162531e+02 9.993822317337226480e-01
6.180180180180179832e+02 9.994094652344185370e-01
6.198198198198198270e+02 9.994386462073552302e-01
6.216216216216215571e+02 9.994695183847832620e-01
6.234234234234232872e+02 9.995018101375374719e-01
6.252252252252251310e+02 9.995352367863201692e-01
6.270270270270269748e+02 9.995695030439395445e-01
6.288288288288288186e+02 9.996043055699821434e-01
6.306306306306305487e+02 9.996393356177825096e-01
6.324324324324323925e+02 9.996742817519842506e-01
6.342342342342341226e+02 9.997088326135953329e-01
6.360360360360359664e+02 9.997426797081642169e-01
6.378378378378378102e+02 9.997755201916572743e-01
6.396396396396396540e+02 9.998070596278080258e-01
6.414414414414413841e+02 9.998370146901894850e-01
6.432432432432432279e+02 9.998651157820332980e-01
6.450450450450449580e+02 9.998911095469661392e-01
6.468468468468466881e+02 9.999147612443125555e-01
6.486486486486486456e+02 9.999358569634889671e-01
6.504504504504503757e+02 9.999542056532694234e-01
6.522522522522521058e+02 9.999696409433249666e-01
6.540540540540540633e+02 9.999820227374532911e-01
6.558558558558559071e+02 9.999912385602305331e-01
6.576576576576576372e+02 9.999972046414976612e-01
6.594594594594593673e+02 9.999998667259861751e-01
6.612612612612612111e+02 9.999992005985690602e-01
6.630630630630629412e+02 9.999952123189040920e-01
6.648648648648648987e+02 9.999879381627072572e-01
6.666666666666666288e+02 9.999774442703326383e-01
6.684684684684683589e+02 9.999638260068425266e-01
6.702702702702702027e+02 9.999472070411067337e-01
6.720720720720720465e+02 9.999277381547643229e-01
6.738738738738737766e+02 9.999055957949112283e-01
6.756756756756757341e+02 9.998809803872196200e-01
6.774774774774774642e+02 9.998541144287131921e-01
6.792792792792793080e+02 9.998252403816441092e-01
6.810810810810810381e+02 9.997946183917443275e-01
6.828828828828828819e+02 9.997625238556395733e-01
6.846846846846846120e+02 9.997292448632840722e-01
6.864864864864863421e+02 9.996950795419952129e-01
6.882882882882882996e+02 9.996603333290502436e-01
6.900900900900900297e+02 9.996253161997311620e-01
6.918918918918918735e+02 9.995903398774199644e-01
6.936936936936936036e+02 9.995557150516783951e-01
6.954954954954954474e+02 9.995217486293268561e-01
6.972972972972971775e+02 9.994887410424284635e-01
6.990990990990991349e+02 9.994569836357161119e-01
7.009009009009008651e+02 9.994267561545659984e-01
7.027027027027027088e+02 9.993983243530129013e-01
7.045045045045044390e+02 9.993719377396604875e-01
7.063063063063062827e+02 9.993478274776382841e-01
7.081081081081080129e+02 9.993262044530871746e-01
7.099099099099097430e+02 9.993072575249546396e-01
7.117117117117117004e+02 9.992911519672552645e-01
7.135135135135135442e+02 9.992780281133741838e-01
7.153153153153152743e+02 9.992680002104739057e-01
7.171171171171170045e+02 9.992611554905983517e-01
7.189189189189188482e+02 9.992575534636984891e-01
7.207207207207205784e+02 9.992572254364643358e-01
7.225225225225225358e+02 9.992601742595600411e-01
7.243243243243242659e+02 9.992663743046197311e-01
7.261261261261261097e+02 9.992757716711312410e-01
7.279279279279278398e+02 9.992882846220884074e-01
7.297297297297296836e+02 9.993038042460773429e-01
7.315315315315314137e+02 9.993221953421567161e-01
7.333333333333333712e+02 9.993432975225989834e-01
7.351351351351351013e+02 9.993669265271627467e-01
7.369369369369369451e+02 9.993928757411369990e-01
7.387387387387386752e+02 9.994209179078961114e-01
7.405405405405405190e+02 9.994508070251237886e-01
7.423423423423422491e+02 9.994822804122527327e-01
7.441441441441439792e+02 9.995150609349807702e-01
7.459459459459459367e+02 9.995488593710560865e-01
7.477477477477477805e+02 9.995833768998000357e-01
7.495495495495495106e+02 9.996183076962077418e-01
7.513513513513512407e+02 9.996533416088366764e-01
7.531531531531530845e+02 9.996881668992178005e-01
7.549549549549548146e+02 9.997224730191434094e-01
7.567567567567567721e+02 9.997559534010268534e-01
7.585585585585585022e+02 9.997883082355519813e-01
7.603603603603603460e+02 9.998192472101404826e-01
7.621621621621620761e+02 9.998484921813621806e-01
7.639639639639639199e+02 9.998757797543204040e-01
7.657657657657656500e+02 9.999008637423366652e-01
7.675675675675674938e+02 9.999235174808834836e-01
7.693693693693693376e+02 9.999435359707573578e-01
7.711711711711711814e+02 9.999607378268526858e-01
7.729729729729729115e+02 9.999749670107309640e-01
7.747747747747747553e+02 9.999860943272638192e-01
7.765765765765764854e+02 9.999940186681371967e-01
7.783783783783782155e+02 9.999986679877393980e-01
7.801801801801801730e+02 1.000000000000000000e+00
7.819819819819819031e+02 9.999980025879514622e-01
7.837837837837837469e+02 9.999926939211677412e-01
7.855855855855854770e+02 9.999841222796752582e-01
7.873873873873873208e+02 9.999723655864429794e-01
7.891891891891890509e+02 9.999575306539693065e-01
7.909909909909908947e+02 9.999397521538490041e-01
7.927927927927927385e+02 9.999191913214001692e-01
7.945945945945945823e+02 9.998960344103706710e-01
7.963963963963963124e+02 9.998704909154800813e-01
7.981981981981982699e+02 9.998427915829519730e-01
7.999999999999998863e+02 9.998131862312563678e-01
8.018018018018016164e+02 9.997819414059809784e-01
8.036036036036035739e+02 9.997493378941014752e-01
8.054054054054054177e+02 9.997156681238387188e-01
8.072072072072071478e+02 9.996812334768786501e-01
8.090090090090088779e+02 9.996463415399295949e-01
8.108108108108107217e+02 9.996113033224269806e-01
8.126126126126124518e+02 9.995764304667578148e-01
8.144144144144144093e+02 9.995420324765910136e-01
8.162162162162161394e+02 9.995084139879284457e-01
8.180180180180179832e+02 9.994758721062342310e-01
8.198198198198197133e+02 9.994446938316393636e-01
8.216216216216216708e+02 9.994151535926814045e-01
8.234234234234232872e+02 9.993875109074309426e-01
8.252252252252251310e+02 9.993620081891724238e-01
8.270270270270269748e+02 9.993388687121415037e-01
8.288288288288288186e+02 9.993182947510790282e-01
8.306306306306305487e+02 9.993004659067702411e-01
8.324324324324325062e+02 9.992855376280612711e-01
8.342342342342341226e+02 9.992736399393180591e-01
8.360360360360358527e+02 9.992648763807958634e-01
8.378378378378378102e+02 9.992593231679676169e-01
8.396396396396396540e+02 9.992570285744735159e-01
8.414414414414413841e+02 9.992580125420755799e-01
8.432432432432431142e+02 9.992622665197030685e-01
8.450450450450450717e+02 9.992697535324555069e-01
8.468468468468466881e+02 9.992804084801991671e-01
8.486486486486485319e+02 9.992941386641421841e-01
8.504504504504503757e+02 9.993108245385482480e-01
8.522522522522522195e+02 9.993303206834311947e-01
8.540540540540539496e+02 9.993524569927433321e-01
8.558558558558559071e+02 9.993770400711740054e-01
8.576576576576575235e+02 9.994038548311940939e-01
8.594594594594593673e+02 9.994326662804697836e-01
8.612612612612612111e+02 9.994632214881613574e-01
8.630630630630630549e+02 9.994952517169803929e-01
8.648648648648647850e+02 9.995284747062125330e-01
8.666666666666666288e+02 9.995625970891884871e-01
8.684684684684684726e+02 9.995973169270313541e-01
8.702702702702700890e+02 9.996323263388581237e-01
8.720720720720720465e+02 9.996673142070190421e-01
8.738738738738737766e+02 9.997019689345773008e-01
8.756756756756756204e+02 9.997359812308557192e-01
8.774774774774773505e+02 9.997690468998542412e-01
8.792792792792793080e+02 9.998008696054282440e-01
8.810810810810810381e+02 9.998311635865788638e-01
8.828828828828827682e+02 9.998596562958717016e-01
8.846846846846846120e+02 9.998860909341236169e-01
8.864864864864864558e+02 9.999102288548608053e-01
8.882882882882881859e+02 9.999318518128792466e-01
8.900900900900900297e+02 9.999507640324002411e-01
8.918918918918918735e+02 9.999667940718728332e-01
8.936936936936934899e+02 9.999797964644044912e-01
8.954954954954954474e+02 9.999896531150658241e-01
8.972972972972972912e+02 9.999962744389210290e-01
8.990990990990990213e+02 9.999996002264934791e-01
9.009009009009007514e+02 9.999996002264937012e-01
9.027027027027027088e+02 9.999962744389212510e-01
9.045045045045045526e+02 9.999896531150661572e-01
9.063063063063061691e+02 9.999797964644041581e-01
9.081081081081080129e+02 9.999667940718728332e-01
9.099099099099098567e+02 9.999507640324002411e-01
9.117117117117115868e+02 9.999318518128792466e-01
9.135135135135135442e+02 9.999102288548605832e-01
9.153153153153152743e+02 9.998860909341232839e-01
9.171171171171171181e+02 9.998596562958713685e-01
9.189189189189188482e+02 9.998311635865788638e-01
9.207207207207208057e+02 9.998008696054285771e-01
9.225225225225224222e+02 9.997690468998542412e-01
9.243243243243242659e+02 9.997359812308557192e-01
9.261261261261261097e+02 9.997019689345773008e-01
9.279279279279277262e+02 9.996673142070190421e-01
9.297297297297296836e+02 9.996323263388577907e-01
9.315315315315315274e+02 9.995973169270316872e-01
9.333333333333333712e+02 9.995625970891881540e-01
9.351351351351349876e+02 9.995284747062125330e-01
9.369369369369368314e+02 9.994952517169803929e-01
9.387387387387387889e+02 9.994632214881613574e-01
9.405405405405404053e+02 9.994326662804697836e-01
9.423423423423422491e+02 9.994038548311940939e-01
9.441441441441440929e+02 9.993770400711742274e-01
9.459459459459460504e+02 9.993524569927438872e-01
9.477477477477476668e+02 9.993303206834311947e-01
9.495495495495493969e+02 9.993108245385482480e-01
9.513513513513513544e+02 9.992941386641421841e-01
9.531531531531530845e+02 9.992804084801988340e-01
9.549549549549550420e+02 9.992697535324555069e-01
9.567567567567566584e+02 9.992622665197030685e-01
9.585585585585585022e+02 9.992580125420759130e-01
9.603603603603603460e+02 9.992570285744732939e-01
9.621621621621619624e+02 9.992593231679676169e-01
9.639639639639639199e+02 9.992648763807958634e-01
9.657657657657656500e+02 9.992736399393180591e-01
9.675675675675676075e+02 9.992855376280618263e-01
9.693693693693692239e+02 9.993004659067702411e-01
9.711711711711710677e+02 9.993182947510790282e-01
9.729729729729729115e+02 9.993388687121412817e-01
9.747747747747746416e+02 9.993620081891727569e-01
9.765765765765764854e+02 9.993875109074309426e-01
9.783783783783783292e+02 9.994151535926814045e-01
9.801801801801801730e+02 9.994446938316393636e-01
9.819819819819819031e+02 9.994758721062342310e-01
9.837837837837836332e+02 9.995084139879286678e-01
9.855855855855855907e+02 9.995420324765910136e-01
9.873873873873872071e+02 9.995764304667578148e-01
9.891891891891891646e+02 9.996113033224273137e-01
9.909909909909908947e+02 9.996463415399298169e-01
9.927927927927928522e+02 9.996812334768786501e-01
9.945945945945945823e+02 9.997156681238387188e-01
9.963963963963961987e+02 9.997493378941014752e-01
9.981981981981981562e+02 9.997819414059809784e-01
9.999999999999998863e+02 9.998131862312563678e-01
1.001801801801801844e+03 9.998427915829523061e-01
1.003603603603603460e+03 9.998704909154800813e-01
1.005405405405405304e+03 9.998960344103710041e-01
1.007207207207207148e+03 9.999191913214001692e-01
1.009009009009008878e+03 9.999397521538490041e-01
1.010810810810810722e+03 9.999575306539696395e-01
1.012612612612612565e+03 9.999723655864433125e-01
1.014414414414414409e+03 9.999841222796747031e-01
1.016216216216216139e+03 9.999926939211674082e-01
1.018018018018017870e+03 9.999980025879520174e-01
1.019819819819819827e+03 9.999999999999996669e-01
1.021621621621621443e+03 9.999986679877393980e-01
1.023423423423423401e+03 9.999940186681371967e-01
1.025225225225225131e+03 9.999860943272638192e-01
1.027027027027027088e+03 9.999749670107309640e-01
1.028828828828828819e+03 9.999607378268523528e-01
1.030630630630630549e+03 9.999435359707576909e-01
1.032432432432432279e+03 9.999235174808834836e-01
1.034234234234234236e+03 9.999008637423363322e-01
1.036036036036036194e+03 9.998757797543204040e-01
1.037837837837837696e+03 9.998484921813621806e-01
1.039639639639639654e+03 9.998192472101401496e-01
1.041441441441441384e+03 9.997883082355519813e-01
1.043243243243243114e+03 9.997559534010268534e-01
1.045045045045045072e+03 9.997224730191434094e-01
1.046846846846846802e+03 9.996881668992178005e-01
1.048648648648648759e+03 9.996533416088366764e-01
1.050450450450450262e+03 9.996183076962079639e-01
1.052252252252252219e+03 9.995833768998003688e-01
1.054054054054053950e+03 9.995488593710560865e-01
1.055855855855855680e+03 9.995150609349811033e-01
1.057657657657657637e+03 9.994822804122527327e-01
1.059459459459459367e+03 9.994508070251237886e-01
1.061261261261261325e+03 9.994209179078963334e-01
1.063063063063062827e+03 9.993928757411369990e-01
1.064864864864864785e+03 9.993669265271627467e-01
1.066666666666666515e+03 9.993432975225992054e-01
1.068468468468468473e+03 9.993221953421567161e-01
1.070270270270270203e+03 9.993038042460773429e-01
1.072072072072071933e+03 9.992882846220887405e-01
1.073873873873873890e+03 9.992757716711312410e-01
1.075675675675675620e+03 9.992663743046197311e-01
1.077477477477477350e+03 9.992601742595597081e-01
1.079279279279279308e+03 9.992572254364643358e-01
1.081081081081081038e+03 9.992575534636987111e-01
1.082882882882882996e+03 9.992611554905983517e-01
1.084684684684684498e+03 9.992680002104739057e-01
1.086486486486486456e+03 9.992780281133745168e-01
1.088288288288288186e+03 9.992911519672552645e-01
1.090090090090089916e+03 9.993072575249549727e-01
1.091891891891891873e+03 9.993262044530871746e-01
1.093693693693693604e+03 9.993478274776382841e-01
1.095495495495495561e+03 9.993719377396604875e-01
1.097297297297297064e+03 9.993983243530132343e-01
1.099099099099099021e+03 9.994267561545659984e-01
1.100900900900900751e+03 9.994569836357158898e-01
1.102702702702702481e+03 9.994887410424284635e-01
1.104504504504504439e+03 9.995217486293268561e-01
1.106306306306306169e+03 9.995557150516783951e-01
1.108108108108108127e+03 9.995903398774199644e-01
1.109909909909909857e+03 9.996253161997311620e-01
1.111711711711711814e+03 9.996603333290502436e-01
1.113513513513513544e+03 9.996950795419952129e-01
1.115315315315315274e+03 9.997292448632840722e-01
1.117117117117117232e+03 9.997625238556399063e-01
1.118918918918918735e+03 9.997946183917443275e-01
1.120720720720720692e+03 9.998252403816441092e-01
1.122522522522522422e+03 9.998541144287131921e-01
1.124324324324324152e+03 9.998809803872196200e-01
1.126126126126126110e+03 9.999055957949110063e-01
1.127927927927927840e+03 9.999277381547641008e-01
1.129729729729729797e+03 9.999472070411067337e-01
1.131531531531531300e+03 9.999638260068425266e-01
1.133333333333333258e+03 9.999774442703326383e-01
1.135135135135134988e+03 9.999879381627069241e-01
1.136936936936936718e+03 9.999952123189044251e-01
1.138738738738738675e+03 9.999992005985690602e-01
1.140540540540540405e+03 9.999998667259863971e-01
1.142342342342342363e+03 9.999972046414973281e-01
1.144144144144143866e+03 9.999912385602305331e-01
1.145945945945945823e+03 9.999820227374529580e-01
1.147747747747747781e+03 9.999696409433249666e-01
1.149549549549549511e+03 9.999542056532696455e-01
1.151351351351351468e+03 9.999358569634889671e-01
1.153153153153152971e+03 9.999147612443125555e-01
1.154954954954954928e+03 9.998911095469661392e-01
1.156756756756756658e+03 9.998651157820329649e-01
1.158558558558558616e+03 9.998370146901891520e-01
1.160360360360360346e+03 9.998070596278080258e-01
1.162162162162162076e+03 9.997755201916576073e-01
1.163963963963964034e+03 9.997426797081645500e-01
1.165765765765765536e+03 9.997088326135953329e-01
1.167567567567567494e+03 9.996742817519839175e-01
1.169369369369369224e+03 9.996393356177825096e-01
1.171171171171170954e+03 9.996043055699821434e-01
1.172972972972972912e+03 9.995695030439393225e-01
1.174774774774774642e+03 9.995352367863201692e-01
1.176576576576576599e+03 9.995018101375374719e-01
1.178378378378378102e+03 9.994695183847832620e-01
1.180180180180180059e+03 9.994386462073552302e-01
1.181981981981982017e+03 9.994094652344185370e-01
1.183783783783783520e+03 9.993822317337223149e-01
1.185585585585585477e+03 9.993571844481102806e-01
1.187387387387387207e+03 9.993345425949629046e-01
1.189189189189189165e+03 9.993145040420444714e-01
1.190990990990990895e+03 9.992972436715360507e-01
1.192792792792792852e+03 9.992829119424750939e-01
1.194594594594594582e+03 9.992716336602470717e-01
1.196396396396396312e+03 9.992635069603094111e-01
1.198198198198198270e+03 9.992586025119073456e-01
1.199999999999999773e+03 9.992569629462008107e-01
1.201801801801801730e+03 9.992586025119073456e-01
1.203603603603603460e+03 9.992635069603096332e-01
1.205405405405405418e+03 9.992716336602474048e-01
1.207207207207207148e+03 9.992829119424750939e-01
1.209009009009008878e+03 9.992972436715357176e-01
1.210810810810810835e+03 9.993145040420444714e-01
1.212612612612612338e+03 9.993345425949629046e-01
1.214414414414414296e+03 9.993571844481102806e-01
1.216216216216216026e+03 9.993822317337226480e-01
1.218018018018017983e+03 9.994094652344183149e-01
1.219819819819819713e+03 9.994386462073555633e-01
1.221621621621621443e+03 9.994695183847835951e-01
1.223423423423423401e+03 9.995018101375378050e-01
1.225225225225225131e+03 9.995352367863205023e-01
1.227027027027026861e+03 9.995695030439393225e-01
1.228828828828828819e+03 9.996043055699823654e-01
1.230630630630630549e+03 9.996393356177825096e-01
1.232432432432432506e+03 9.996742817519845836e-01
1.234234234234234009e+03 9.997088326135953329e-01
1.236036036036035966e+03 9.997426797081647720e-01
1.237837837837837696e+03 9.997755201916576073e-01
1.239639639639639654e+03 9.998070596278085809e-01
1.241441441441441384e+03 9.998370146901894850e-01
1.243243243243243114e+03 9.998651157820335200e-01
1.245045045045045072e+03 9.998911095469666943e-01
1.246846846846846574e+03 9.999147612443125555e-01
1.248648648648648532e+03 9.999358569634895222e-01
1.250450450450450262e+03 9.999542056532696455e-01
1.252252252252252219e+03 9.999696409433255218e-01
1.254054054054053950e+03 9.999820227374532911e-01
1.255855855855855680e+03 9.999912385602305331e-01
1.257657657657657637e+03 9.999972046414973281e-01
1.259459459459459367e+03 9.999998667259863971e-01
1.261261261261261097e+03 9.999992005985693933e-01
1.263063063063063055e+03 9.999952123189044251e-01
1.264864864864864785e+03 9.999879381627075903e-01
1.266666666666666515e+03 9.999774442703333044e-01
1.268468468468468245e+03 9.999638260068428597e-01
1.270270270270270203e+03 9.999472070411070668e-01
1.272072072072071933e+03 9.999277381547643229e-01
1.273873873873873890e+03 9.999055957949112283e-01
1.275675675675675620e+03 9.998809803872198421e-01
1.277477477477477350e+03 9.998541144287131921e-01
1.279279279279279308e+03 9.998252403816443312e-01
1.281081081081080811e+03 9.997946183917446605e-01
1.282882882882882768e+03 9.997625238556399063e-01
1.284684684684684498e+03 9.997292448632840722e-01
1.286486486486486456e+03 9.996950795419954350e-01
1.288288288288288186e+03 9.996603333290502436e-01
1.290090090090089916e+03 9.996253161997311620e-01
1.291891891891891873e+03 9.995903398774199644e-01
1.293693693693693376e+03 9.995557150516783951e-01
1.295495495495495334e+03 9.995217486293268561e-01
1.297297297297297291e+03 9.994887410424284635e-01
1.299099099099099021e+03 9.994569836357161119e-01
1.300900900900900751e+03 9.994267561545659984e-01
1.302702702702702481e+03 9.993983243530132343e-01
1.304504504504504212e+03 9.993719377396601544e-01
1.306306306306306169e+03 9.993478274776379511e-01
1.308108108108108127e+03 9.993262044530868415e-01
1.309909909909909857e+03 9.993072575249546396e-01
1.311711711711711814e+03 9.992911519672552645e-01
1.313513513513513317e+03 9.992780281133738507e-01
1.315315315315315274e+03 9.992680002104739057e-01
1.317117117117117232e+03 9.992611554905985738e-01
1.318918918918918735e+03 9.992575534636987111e-01
1.320720720720720692e+03 9.992572254364643358e-01
1.322522522522522422e+03 9.992601742595597081e-01
1.324324324324324380e+03 9.992663743046193980e-01
1.326126126126125882e+03 9.992757716711312410e-01
1.327927927927927840e+03 9.992882846220881854e-01
1.329729729729729797e+03 9.993038042460766768e-01
1.331531531531531527e+03 9.993221953421563830e-01
1.333333333333333258e+03 9.993432975225986503e-01
1.335135135135134988e+03 9.993669265271624136e-01
1.336936936936936718e+03 9.993928757411369990e-01
1.338738738738738448e+03 9.994209179078961114e-01
1.340540540540540405e+03 9.994508070251232335e-01
1.342342342342342363e+03 9.994822804122527327e-01
1.344144144144144093e+03 9.995150609349804371e-01
1.345945945945946050e+03 9.995488593710558645e-01
1.347747747747747553e+03 9.995833768998003688e-01
1.349549549549549511e+03 9.996183076962077418e-01
1.351351351351351468e+03 9.996533416088364543e-01
1.353153153153152971e+03 9.996881668992174674e-01
1.354954954954954928e+03 9.997224730191434094e-01
1.356756756756756658e+03 9.997559534010268534e-01
1.358558558558558616e+03 9.997883082355516482e-01
1.360360360360360119e+03 9.998192472101404826e-01
1.362162162162162076e+03 9.998484921813621806e-01
1.363963963963964034e+03 9.998757797543200709e-01
1.365765765765765764e+03 9.999008637423363322e-01
1.367567567567567494e+03 9.999235174808834836e-01
1.369369369369369224e+03 9.999435359707573578e-01
1.371171171171171181e+03 9.999607378268526858e-01
1.372972972972972684e+03 9.999749670107309640e-01
1.374774774774774642e+03 9.999860943272638192e-01
1.376576576576576599e+03 9.999940186681368637e-01
1.378378378378378329e+03 9.999986679877393980e-01
1.380180180180180059e+03 1.000000000000000000e+00
1.381981981981981789e+03 9.999980025879517953e-01
1.383783783783783747e+03 9.999926939211677412e-01
1.385585585585585250e+03 9.999841222796750362e-01
1.387387387387387207e+03 9.999723655864435345e-01
1.389189189189189165e+03 9.999575306539693065e-01
1.390990990990990895e+03 9.999397521538493372e-01
1.392792792792792852e+03 9.999191913213999472e-01
1.394594594594594355e+03 9.998960344103710041e-01
1.396396396396396312e+03 9.998704909154800813e-01
1.398198198198198270e+03 9.998427915829523061e-01
1.399999999999999773e+03 9.998131862312563678e-01
1.401801801801801730e+03 9.997819414059813115e-01
1.403603603603603460e+03 9.997493378941018083e-01
1.405405405405405418e+03 9.997156681238387188e-01
1.407207207207206920e+03 9.996812334768789832e-01
1.409009009009008878e+03 9.996463415399298169e-01
1.410810810810810835e+03 9.996113033224273137e-01
1.412612612612612565e+03 9.995764304667578148e-01
1.414414414414414296e+03 9.995420324765910136e-01
1.416216216216216026e+03 9.995084139879290008e-01
1.418018018018017983e+03 9.994758721062347862e-01
1.419819819819819486e+03 9.994446938316396967e-01
1.421621621621621443e+03 9.994151535926819596e-01
1.423423423423423401e+03 9.993875109074311647e-01
1.425225225225225131e+03 9.993620081891733120e-01
1.427027027027027088e+03 9.993388687121415037e-01
1.428828828828828591e+03 9.993182947510790282e-01
1.430630630630630549e+03 9.993004659067702411e-01
1.432432432432432506e+03 9.992855376280618263e-01
1.434234234234234009e+03 9.992736399393183921e-01
1.436036036036035966e+03 9.992648763807958634e-01
1.437837837837837696e+03 9.992593231679676169e-01
1.439639639639639654e+03 9.992570285744735159e-01
1.441441441441441157e+03 9.992580125420755799e-01
1.443243243243243114e+03 9.992622665197030685e-01
1.445045045045045072e+03 9.992697535324558400e-01
1.446846846846846802e+03 9.992804084801991671e-01
1.448648648648648532e+03 9.992941386641425172e-01
1.450450450450450262e+03 9.993108245385488031e-01
1.452252252252252219e+03 9.993303206834311947e-01
1.454054054054053722e+03 9.993524569927438872e-01
1.455855855855855680e+03 9.993770400711740054e-01
1.457657657657657637e+03 9.994038548311940939e-01
1.459459459459459367e+03 9.994326662804697836e-01
1.461261261261261325e+03 9.994632214881613574e-01
1.463063063063062827e+03 9.994952517169807260e-01
1.464864864864864785e+03 9.995284747062125330e-01
1.466666666666666742e+03 9.995625970891884871e-01
1.468468468468468245e+03 9.995973169270316872e-01
1.470270270270270203e+03 9.996323263388581237e-01
1.472072072072071933e+03 9.996673142070190421e-01
1.473873873873873890e+03 9.997019689345773008e-01
1.475675675675675393e+03 9.997359812308557192e-01
1.477477477477477350e+03 9.997690468998542412e-01
1.479279279279279308e+03 9.998008696054285771e-01
1.481081081081081038e+03 9.998311635865788638e-01
1.482882882882882768e+03 9.998596562958713685e-01
1.484684684684684498e+03 9.998860909341232839e-01
1.486486486486486456e+03 9.999102288548605832e-01
1.488288288288287958e+03 9.999318518128792466e-01
1.490090090090089916e+03 9.999507640324002411e-01
1.491891891891891873e+03 9.999667940718728332e-01
1.493693693693693604e+03 9.999797964644041581e-01
1.495495495495495561e+03 9.999896531150658241e-01
1.497297297297297064e+03 9.999962744389210290e-01
1.499099099099099021e+03 9.999996002264934791e-01
1.500900900900900751e+03 9.999996002264934791e-01
1.502702702702702481e+03 9.999962744389210290e-01
1.504504504504504439e+03 9.999896531150658241e-01
1.506306306306306169e+03 9.999797964644041581e-01
1.508108108108108127e+03 9.999667940718728332e-01
1.509909909909909629e+03 9.999507640323996860e-01
1.511711711711711587e+03 9.999318518128792466e-01
1.513513513513513544e+03 9.999102288548605832e-01
1.515315315315315274e+03 9.998860909341230618e-01
1.517117117117117004e+03 9.998596562958713685e-01
1.518918918918918735e+03 9.998311635865785307e-01
1.520720720720720692e+03 9.998008696054285771e-01
1.522522522522522195e+03 9.997690468998539082e-01
1.524324324324324152e+03 9.997359812308557192e-01
1.526126126126126110e+03 9.997019689345773008e-01
1.527927927927927840e+03 9.996673142070187090e-01
1.529729729729729797e+03 9.996323263388575686e-01
1.531531531531531300e+03 9.995973169270313541e-01
1.533333333333333258e+03 9.995625970891881540e-01
1.535135135135134988e+03 9.995284747062121999e-01
1.536936936936936718e+03 9.994952517169800599e-01
1.538738738738738675e+03 9.994632214881613574e-01
1.540540540540540405e+03 9.994326662804697836e-01
1.542342342342342363e+03 9.994038548311940939e-01
1.544144144144143866e+03 9.993770400711740054e-01
1.545945945945945823e+03 9.993524569927433321e-01
1.547747747747747781e+03 9.993303206834311947e-01
1.549549549549549511e+03 9.993108245385482480e-01
1.551351351351351241e+03 9.992941386641421841e-01
1.553153153153152971e+03 9.992804084801988340e-01
1.554954954954954928e+03 9.992697535324555069e-01
1.556756756756756431e+03 9.992622665197024023e-01
1.558558558558558389e+03 9.992580125420755799e-01
1.560360360360360346e+03 9.992570285744735159e-01
1.562162162162162076e+03 9.992593231679676169e-01
1.563963963963963806e+03 9.992648763807958634e-01
1.565765765765765536e+03 9.992736399393180591e-01
1.567567567567567494e+03 9.992855376280618263e-01
1.569369369369368997e+03 9.993004659067702411e-01
1.571171171171170954e+03 9.993182947510790282e-01
1.572972972972972912e+03 9.993388687121415037e-01
1.574774774774774642e+03 9.993620081891727569e-01
1.576576576576576599e+03 9.993875109074309426e-01
1.578378378378378102e+03 9.994151535926817376e-01
1.580180180180180059e+03 9.994446938316393636e-01
1.581981981981981789e+03 9.994758721062342310e-01
1.583783783783783520e+03 9.995084139879286678e-01
1.585585585585585477e+03 9.995420324765912357e-01
1.587387387387387207e+03 9.995764304667578148e-01
1.589189189189189165e+03 9.996113033224273137e-01
1.590990990990990667e+03 9.996463415399298169e-01
1.592792792792792625e+03 9.996812334768789832e-01
1.594594594594594582e+03 9.997156681238387188e-01
1.596396396396396540e+03 9.997493378941014752e-01
1.598198198198198043e+03 9.997819414059813115e-01
1.599999999999999773e+03 9.998131862312572560e-01
1.601801801801801730e+03 9.998427915829523061e-01
1.603603603603603233e+03 9.998704909154800813e-01
1.605405405405405190e+03 9.998960344103710041e-01
1.607207207207207148e+03 9.999191913214005023e-01
1.609009009009008878e+03 9.999397521538496703e-01
1.610810810810810835e+03 9.999575306539696395e-01
1.612612612612612338e+03 9.999723655864435345e-01
1.614414414414414296e+03 9.999841222796750362e-01
1.616216216216216026e+03 9.999926939211677412e-01
1.618018018018017756e+03 9.999980025879517953e-01
1.619819819819819713e+03 1.000000000000000000e+00
1.621621621621621443e+03 9.999986679877393980e-01
1.623423423423423401e+03 9.999940186681371967e-01
1.625225225225224904e+03 9.999860943272634861e-01
1.627027027027026861e+03 9.999749670107309640e-01
1.628828828828828819e+03 9.999607378268530189e-01
1.630630630630630776e+03 9.999435359707576909e-01
1.632432432432432279e+03 9.999235174808838167e-01
1.634234234234234009e+03 9.999008637423363322e-01
1.636036036036035966e+03 9.998757797543206260e-01
1.637837837837837469e+03 9.998484921813621806e-01
1.639639639639639427e+03 9.998192472101404826e-01
1.641441441441441384e+03 9.997883082355519813e-01
1.643243243243243342e+03 9.997559534010268534e-01
1.645045045045045072e+03 9.997224730191434094e-01
1.646846846846846574e+03 9.996881668992178005e-01
1.648648648648648532e+03 9.996533416088366764e-01
1.650450450450450262e+03 9.996183076962077418e-01
1.652252252252251992e+03 9.995833768998007018e-01
1.654054054054053950e+03 9.995488593710558645e-01
1.655855855855855680e+03 9.995150609349807702e-01
1.657657657657657637e+03 9.994822804122527327e-01
1.659459459459459140e+03 9.994508070251237886e-01
1.661261261261261097e+03 9.994209179078961114e-01
1.663063063063063055e+03 9.993928757411369990e-01
1.664864864864865012e+03 9.993669265271624136e-01
1.666666666666666515e+03 9.993432975225992054e-01
1.668468468468468245e+03 9.993221953421567161e-01
1.670270270270270203e+03 9.993038042460773429e-01
1.672072072072071705e+03 9.992882846220884074e-01
1.673873873873873663e+03 9.992757716711312410e-01
1.675675675675675620e+03 9.992663743046197311e-01
1.677477477477477578e+03 9.992601742595597081e-01
1.679279279279279308e+03 9.992572254364643358e-01
1.681081081081080811e+03 9.992575534636987111e-01
1.682882882882882768e+03 9.992611554905983517e-01
1.684684684684684498e+03 9.992680002104739057e-01
1.686486486486486228e+03 9.992780281133741838e-01
1.688288288288288186e+03 9.992911519672550424e-01
1.690090090090090143e+03 9.993072575249546396e-01
1.691891891891891873e+03 9.993262044530871746e-01
1.693693693693693376e+03 9.993478274776377290e-01
1.695495495495495334e+03 9.993719377396601544e-01
1.697297297297297064e+03 9.993983243530125682e-01
1.699099099099099021e+03 9.994267561545656653e-01
1.700900900900900751e+03 9.994569836357161119e-01
1.702702702702702709e+03 9.994887410424284635e-01
1.704504504504504439e+03 9.995217486293268561e-01
1.706306306306305942e+03 9.995557150516783951e-01
1.708108108108107899e+03 9.995903398774199644e-01
1.709909909909909857e+03 9.996253161997311620e-01
1.711711711711711814e+03 9.996603333290500215e-01
1.713513513513513544e+03 9.996950795419952129e-01
1.715315315315315047e+03 9.997292448632837392e-01
1.717117117117117004e+03 9.997625238556393512e-01
1.718918918918918735e+03 9.997946183917443275e-01
1.720720720720720465e+03 9.998252403816437761e-01
1.722522522522522422e+03 9.998541144287128590e-01
1.724324324324324380e+03 9.998809803872192870e-01
1.726126126126126110e+03 9.999055957949110063e-01
1.727927927927927612e+03 9.999277381547637678e-01
1.729729729729729570e+03 9.999472070411065117e-01
1.731531531531531300e+03 9.999638260068425266e-01
1.733333333333333258e+03 9.999774442703326383e-01
1.735135135135134988e+03 9.999879381627072572e-01
1.736936936936936945e+03 9.999952123189044251e-01
1.738738738738738675e+03 9.999992005985687271e-01
1.740540540540540178e+03 9.999998667259863971e-01
1.742342342342342135e+03 9.999972046414973281e-01
1.744144144144144093e+03 9.999912385602305331e-01
1.745945945945946050e+03 9.999820227374532911e-01
1.747747747747747553e+03 9.999696409433249666e-01
1.749549549549549511e+03 9.999542056532696455e-01
1.751351351351351241e+03 9.999358569634895222e-01
1.753153153153152971e+03 9.999147612443125555e-01
1.754954954954954701e+03 9.998911095469661392e-01
1.756756756756756658e+03 9.998651157820332980e-01
1.758558558558558616e+03 9.998370146901894850e-01
1.760360360360360346e+03 9.998070596278082478e-01
1.762162162162162076e+03 9.997755201916576073e-01
1.763963963963963806e+03 9.997426797081642169e-01
1.765765765765765536e+03 9.997088326135956660e-01
1.767567567567567266e+03 9.996742817519845836e-01
1.769369369369369224e+03 9.996393356177828426e-01
1.771171171171171181e+03 9.996043055699823654e-01
1.772972972972972912e+03 9.995695030439395445e-01
1.774774774774774414e+03 9.995352367863205023e-01
1.776576576576576372e+03 9.995018101375378050e-01
1.778378378378378102e+03 9.994695183847838171e-01
1.780180180180180059e+03 9.994386462073558963e-01
1.781981981981981789e+03 9.994094652344185370e-01
1.783783783783783747e+03 9.993822317337229810e-01
1.785585585585585477e+03 9.993571844481102806e-01
1.787387387387386980e+03 9.993345425949629046e-01
1.789189189189188937e+03 9.993145040420446934e-01
1.790990990990990895e+03 9.992972436715360507e-01
1.792792792792792852e+03 9.992829119424757600e-01
1.794594594594594582e+03 9.992716336602474048e-01
1.796396396396396312e+03 9.992635069603096332e-01
1.798198198198198043e+03 9.992586025119073456e-01
1.800000000000000000e+03 9.992569629462008107e-01
