Theta (degrees)	Normalized Energy
0.000000000000000000e+00 2.926924182299651123e-01
1.801801801801801606e+00 2.920163511334043505e-01
3.603603603603603212e+00 2.900772121956091132e-01
5.405405405405405261e+00 2.870899692831228589e-01
7.207207207207206423e+00 2.832972624516024718e-01
9.009009009009007585e+00 2.789061828105541263e-01
1.081081081081081052e+01 2.740721890722003784e-01
1.261261261261261168e+01 2.689062437957031038e-01
1.441441441441441285e+01 2.634869244889289641e-01
1.621621621621621401e+01 2.578707141004836223e-01
1.801801801801801517e+01 2.520993292439374645e-01
1.981981981981981633e+01 2.462046258659029707e-01
2.162162162162162105e+01 2.402118275402357894e-01
2.342342342342342221e+01 2.341416588693100431e-01
2.522522522522522337e+01 2.280117786685101899e-01
2.702702702702702453e+01 2.218377682345343826e-01
2.882882882882882569e+01 2.156338388618289637e-01
3.063063063063063041e+01 2.094133663767414055e-01
3.243243243243242802e+01 2.031893270756735259e-01
3.423423423423423628e+01 1.969746913956782197e-01
3.603603603603603034e+01 1.907828247038627634e-01
3.783783783783783861e+01 1.846279473186348274e-01
3.963963963963963266e+01 1.785257193859178249e-01
4.144144144144143382e+01 1.724940447370325869e-01
4.324324324324324209e+01 1.665542401991004506e-01
4.504504504504503615e+01 1.607328094566953247e-01
4.684684684684684441e+01 1.550642219747306316e-01
4.864864864864863847e+01 1.495953712481734588e-01
5.045045045045044674e+01 1.443928148488757279e-01
5.225225225225224079e+01 1.395544060730541380e-01
5.405405405405404906e+01 1.352268162628509629e-01
5.585585585585584312e+01 1.316267895682620981e-01
5.765765765765765138e+01 1.290491811334520122e-01
5.945945945945945965e+01 1.278159370580801146e-01
6.126126126126126081e+01 1.281300801243442644e-01
6.306306306306305487e+01 1.299362453824891850e-01
6.486486486486485603e+01 1.329622031719640274e-01
6.666666666666665719e+01 1.368844837655784075e-01
6.846846846846847257e+01 1.414380252188101039e-01
7.027027027027025952e+01 1.464364952042903067e-01
7.207207207207206068e+01 1.517552344911130280e-01
7.387387387387387605e+01 1.573106608909734527e-01
7.567567567567567721e+01 1.630451912726394170e-01
7.747747747747747837e+01 1.689175839736011819e-01
7.927927927927926532e+01 1.748969774733802607e-01
8.108108108108108070e+01 1.809592085044150200e-01
8.288288288288286765e+01 1.870844976201909982e-01
8.468468468468468302e+01 1.932559541966334393e-01
8.648648648648648418e+01 1.994585756413675692e-01
8.828828828828828534e+01 2.056785450929770609e-01
9.009009009009007229e+01 2.119027057738947228e-01
9.189189189189188767e+01 2.181181315064122384e-01
9.369369369369368883e+01 2.243117346544709900e-01
9.549549549549548999e+01 2.304698616407567235e-01
9.729729729729727694e+01 2.365778250606528355e-01
9.909909909909909231e+01 2.426193103432693066e-01
1.009009009009008935e+02 2.485755714020756457e-01
1.027027027027027088e+02 2.544242882756411750e-01
1.045045045045044816e+02 2.601378910886836815e-01
1.063063063063062970e+02 2.656810456968946021e-01
1.081081081081080981e+02 2.710068357249753035e-01
1.099099099099099135e+02 2.760509807632055557e-01
1.117117117117116862e+02 2.807233464033854209e-01
1.135135135135135016e+02 2.848965965228980046e-01
1.153153153153153028e+02 2.883947320892883970e-01
1.171171171171171039e+02 2.909923127986130398e-01
1.189189189189189193e+02 2.924471703887605023e-01
1.207207207207207063e+02 2.925831548208226440e-01
1.225225225225225216e+02 2.913819617115392391e-01
1.243243243243243228e+02 2.889941783697599909e-01
1.261261261261261097e+02 2.856568048542402760e-01
1.279279279279279251e+02 2.816027972128662960e-01
1.297297297297297121e+02 2.770186556261486910e-01
1.315315315315315274e+02 2.720406441122229513e-01
1.333333333333333144e+02 2.667653549543311797e-01
1.351351351351351298e+02 2.612614626085300040e-01
1.369369369369369451e+02 2.555788172792005652e-01
1.387387387387387321e+02 2.497547120059732673e-01
1.405405405405405190e+02 2.438180345539551486e-01
1.423423423423423344e+02 2.377919992009550343e-01
1.441441441441441214e+02 2.316959617111995773e-01
1.459459459459459367e+02 2.255466499622488241e-01
1.477477477477477521e+02 2.193590240042219419e-01
1.495495495495495391e+02 2.131469037349200957e-01
1.513513513513513544e+02 2.069234563642854408e-01
1.531531531531531414e+02 2.007016092965393517e-01
1.549549549549549567e+02 1.944944407855157820e-01
1.567567567567567437e+02 1.883155976767837692e-01
1.585585585585585306e+02 1.821797963042504076e-01
1.603603603603603460e+02 1.761034813992148895e-01
1.621621621621621614e+02 1.701057545067565235e-01
1.639639639639639768e+02 1.642097493254431051e-01
1.657657657657657353e+02 1.584447472690026226e-01
1.675675675675675507e+02 1.528495269325457762e-01
1.693693693693693660e+02 1.474777735542316393e-01
1.711711711711711530e+02 1.424068595535654125e-01
1.729729729729729684e+02 1.377517220962300726e-01
1.747747747747747837e+02 1.336846040755616249e-01
1.765765765765765707e+02 1.304544862607179556e-01
1.783783783783783861e+02 1.283785145983578069e-01
1.801801801801801446e+02 1.277526153621082461e-01
1.819819819819819600e+02 1.286855884199861189e-01
1.837837837837837753e+02 1.310189120375249150e-01
1.855855855855855623e+02 1.344402307600452984e-01
1.873873873873873777e+02 1.386422265682236421e-01
1.891891891891891930e+02 1.433921428261515085e-01
1.909909909909909800e+02 1.485309680895199325e-01
1.927927927927927954e+02 1.539526844249209658e-01
1.945945945945945539e+02 1.595855785997167819e-01
1.963963963963963693e+02 1.653795179484007782e-01
1.981981981981981846e+02 1.712979747349764326e-01
1.999999999999999716e+02 1.773131162424046448e-01
2.018018018018017870e+02 1.834027552423364849e-01
2.036036036036036023e+02 1.895484139815730440e-01
2.054054054054054177e+02 1.957340570325240281e-01
2.072072072072072046e+02 2.019452283084053335e-01
2.090090090090089632e+02 2.081684311760000350e-01
2.108108108108107785e+02 2.143906493700818428e-01
2.126126126126125939e+02 2.205989387875395558e-01
2.144144144144143809e+02 2.267800362926478963e-01
2.162162162162161962e+02 2.329199363731518924e-01
2.180180180180180116e+02 2.390033815134327000e-01
2.198198198198198270e+02 2.450131965568715098e-01
2.216216216216216139e+02 2.509293675023131498e-01
2.234234234234233725e+02 2.567277141966499698e-01
2.252252252252251878e+02 2.623779233064911232e-01
2.270270270270270032e+02 2.678405790898407135e-01
2.288288288288288186e+02 2.730626494023340456e-01
2.306306306306306055e+02 2.779707025249273933e-01
2.324324324324324209e+02 2.824612084099361042e-01
2.342342342342342079e+02 2.863885130983349625e-01
2.360360360360360232e+02 2.895556797609899480e-01
2.378378378378378386e+02 2.917238716511958985e-01
2.396396396396396256e+02 2.926650623970312726e-01
2.414414414414414125e+02 2.922578846573195555e-01
2.432432432432432279e+02 2.905567536430367914e-01
2.450450450450450433e+02 2.877593426264863918e-01
2.468468468468468018e+02 2.841095556860846472e-01
2.486486486486486456e+02 2.798240901776265499e-01
2.504504504504504609e+02 2.750685532080132112e-01
2.522522522522522195e+02 2.699618429083970317e-01
2.540540540540540349e+02 2.645880962543674109e-01
2.558558558558558502e+02 2.590075378852673693e-01
2.576576576576576372e+02 2.532643790190272637e-01
2.594594594594594241e+02 2.473921454872817227e-01
2.612612612612612679e+02 2.414171883817892716e-01
2.630630630630630549e+02 2.353609994374121217e-01
2.648648648648648418e+02 2.292417601481514799e-01
2.666666666666666288e+02 2.230754035570031435e-01
2.684684684684684726e+02 2.168763678901750036e-01
2.702702702702702595e+02 2.106581589264287790e-01
2.720720720720720465e+02 2.044338007481617536e-01
2.738738738738738903e+02 1.982162338334274576e-01
2.756756756756756204e+02 1.920187104801144851e-01
2.774774774774774642e+02 1.858552383416773590e-01
2.792792792792793080e+02 1.797411339841859523e-01
2.810810810810810381e+02 1.736937733522873895e-01
2.828828828828828250e+02 1.677336725914511939e-01
2.846846846846846688e+02 1.618861154226997889e-01
2.864864864864864558e+02 1.561836879051634874e-01
2.882882882882882427e+02 1.506703286776398532e-01
2.900900900900900865e+02 1.454078989855059900e-01
2.918918918918918735e+02 1.404867908803428267e-01
2.936936936936936604e+02 1.360422308196845287e-01
2.954954954954955042e+02 1.322754259573621360e-01
2.972972972972972912e+02 1.294669191183027979e-01
2.990990990990990781e+02 1.279420833479973096e-01
3.009009009009008651e+02 1.279420833479969488e-01
3.027027027027027088e+02 1.294669191183024370e-01
3.045045045045044958e+02 1.322754259573619695e-01
3.063063063063062827e+02 1.360422308196840291e-01
3.081081081081081265e+02 1.404867908803426602e-01
3.099099099099099135e+02 1.454078989855058235e-01
3.117117117117116436e+02 1.506703286776389095e-01
3.135135135135134874e+02 1.561836879051631821e-01
3.153153153153152743e+02 1.618861154226990673e-01
3.171171171171170613e+02 1.677336725914507498e-01
3.189189189189189051e+02 1.736937733522868899e-01
3.207207207207206920e+02 1.797411339841857303e-01
3.225225225225224790e+02 1.858552383416768039e-01
3.243243243243243228e+02 1.920187104801144851e-01
3.261261261261260529e+02 1.982162338334272633e-01
3.279279279279279535e+02 2.044338007481616148e-01
3.297297297297296836e+02 2.106581589264282517e-01
3.315315315315314706e+02 2.168763678901746428e-01
3.333333333333333144e+02 2.230754035570030602e-01
3.351351351351351013e+02 2.292417601481508416e-01
3.369369369369368883e+02 2.353609994374118164e-01
3.387387387387387321e+02 2.414171883817894104e-01
3.405405405405405190e+02 2.473921454872814452e-01
3.423423423423423060e+02 2.532643790190267086e-01
3.441441441441441498e+02 2.590075378852670362e-01
3.459459459459459367e+02 2.645880962543670223e-01
3.477477477477477237e+02 2.699618429083966431e-01
3.495495495495495675e+02 2.750685532080129336e-01
3.513513513513513544e+02 2.798240901776265499e-01
3.531531531531531414e+02 2.841095556860840365e-01
3.549549549549548715e+02 2.877593426264863918e-01
3.567567567567567721e+02 2.905567536430366804e-01
3.585585585585585022e+02 2.922578846573195555e-01
3.603603603603602892e+02 2.926650623970312726e-01
3.621621621621621330e+02 2.917238716511957874e-01
3.639639639639639199e+02 2.895556797609901145e-01
3.657657657657657069e+02 2.863885130983352401e-01
3.675675675675675507e+02 2.824612084099361042e-01
3.693693693693693376e+02 2.779707025249278374e-01
3.711711711711711246e+02 2.730626494023342676e-01
3.729729729729729684e+02 2.678405790898404359e-01
3.747747747747747553e+02 2.623779233064912897e-01
3.765765765765765423e+02 2.567277141966503584e-01
3.783783783783783861e+02 2.509293675023133718e-01
3.801801801801801730e+02 2.450131965568715098e-01
3.819819819819819600e+02 2.390033815134329220e-01
3.837837837837837469e+02 2.329199363731523365e-01
3.855855855855855907e+02 2.267800362926484237e-01
3.873873873873873777e+02 2.205989387875397778e-01
3.891891891891891078e+02 2.143906493700822868e-01
3.909909909909909516e+02 2.081684311760000350e-01
3.927927927927927385e+02 2.019452283084056110e-01
3.945945945945945255e+02 1.957340570325240836e-01
3.963963963963963693e+02 1.895484139815732105e-01
3.981981981981981562e+02 1.834027552423364293e-01
3.999999999999999432e+02 1.773131162424050056e-01
4.018018018018017870e+02 1.712979747349766546e-01
4.036036036036035739e+02 1.653795179484008337e-01
4.054054054054053609e+02 1.595855785997169207e-01
4.072072072072072046e+02 1.539526844249210491e-01
4.090090090090089916e+02 1.485309680895197104e-01
4.108108108108108354e+02 1.433921428261514530e-01
4.126126126126125655e+02 1.386422265682234756e-01
4.144144144144144093e+02 1.344402307600453539e-01
4.162162162162162531e+02 1.310189120375246929e-01
4.180180180180179264e+02 1.286855884199858968e-01
4.198198198198198270e+02 1.277526153621078020e-01
4.216216216216215571e+02 1.283785145983575848e-01
4.234234234234233440e+02 1.304544862607176503e-01
4.252252252252251878e+02 1.336846040755612641e-01
4.270270270270269748e+02 1.377517220962297118e-01
4.288288288288287617e+02 1.424068595535647741e-01
4.306306306306306055e+02 1.474777735542312229e-01
4.324324324324323925e+02 1.528495269325452766e-01
4.342342342342342363e+02 1.584447472690022618e-01
4.360360360360360232e+02 1.642097493254430496e-01
4.378378378378378102e+02 1.701057545067562182e-01
4.396396396396396540e+02 1.761034813992148895e-01
4.414414414414413841e+02 1.821797963042500468e-01
4.432432432432432279e+02 1.883155976767836304e-01
4.450450450450450148e+02 1.944944407855158652e-01
4.468468468468467449e+02 2.007016092965388521e-01
4.486486486486486456e+02 2.069234563642850522e-01
4.504504504504503757e+02 2.131469037349198736e-01
4.522522522522522763e+02 2.193590240042215811e-01
4.540540540540540064e+02 2.255466499622488796e-01
4.558558558558557934e+02 2.316959617111993552e-01
4.576576576576576372e+02 2.377919992009548955e-01
4.594594594594594241e+02 2.438180345539551486e-01
4.612612612612612111e+02 2.497547120059732673e-01
4.630630630630630549e+02 2.555788172792004542e-01
4.648648648648648418e+02 2.612614626085300040e-01
4.666666666666666856e+02 2.667653549543310132e-01
4.684684684684684157e+02 2.720406441122229513e-01
4.702702702702702027e+02 2.770186556261486910e-01
4.720720720720720465e+02 2.816027972128665735e-01
4.738738738738738334e+02 2.856568048542403870e-01
4.756756756756756772e+02 2.889941783697601574e-01
4.774774774774775210e+02 2.913819617115393501e-01
4.792792792792792511e+02 2.925831548208229216e-01
4.810810810810809812e+02 2.924471703887603358e-01
4.828828828828828250e+02 2.909923127986130398e-01
4.846846846846846120e+02 2.883947320892881194e-01
4.864864864864864558e+02 2.848965965228985597e-01
4.882882882882882427e+02 2.807233464033854209e-01
4.900900900900900865e+02 2.760509807632059998e-01
4.918918918918918166e+02 2.710068357249754145e-01
4.936936936936936036e+02 2.656810456968940470e-01
4.954954954954954474e+02 2.601378910886837370e-01
4.972972972972972912e+02 2.544242882756409529e-01
4.990990990990990781e+02 2.485755714020754792e-01
5.009009009009009219e+02 2.426193103432694453e-01
5.027027027027026520e+02 2.365778250606531963e-01
5.045045045045044390e+02 2.304698616407570844e-01
5.063063063063062827e+02 2.243117346544709900e-01
5.081081081081080697e+02 2.181181315064124604e-01
5.099099099099099135e+02 2.119027057738948616e-01
5.117117117117117004e+02 2.056785450929772829e-01
5.135135135135135442e+02 1.994585756413672917e-01
5.153153153153152743e+02 1.932559541966339389e-01
5.171171171171171181e+02 1.870844976201913590e-01
5.189189189189188482e+02 1.809592085044151588e-01
5.207207207207206920e+02 1.748969774733801219e-01
5.225225225225225358e+02 1.689175839736014040e-01
5.243243243243243796e+02 1.630451912726395836e-01
5.261261261261261097e+02 1.573106608909735082e-01
5.279279279279278398e+02 1.517552344911131668e-01
5.297297297297296836e+02 1.464364952042908063e-01
5.315315315315314137e+02 1.414380252188105480e-01
5.333333333333332575e+02 1.368844837655782687e-01
5.351351351351351013e+02 1.329622031719640274e-01
5.369369369369369451e+02 1.299362453824892683e-01
5.387387387387386752e+02 1.281300801243448473e-01
5.405405405405405190e+02 1.278159370580802812e-01
5.423423423423422491e+02 1.290491811334520678e-01
5.441441441441440929e+02 1.316267895682619593e-01
5.459459459459459367e+02 1.352268162628512682e-01
5.477477477477477805e+02 1.395544060730541935e-01
5.495495495495495106e+02 1.443928148488756447e-01
5.513513513513512407e+02 1.495953712481733200e-01
5.531531531531530845e+02 1.550642219747302708e-01
5.549549549549549283e+02 1.607328094566954080e-01
5.567567567567567721e+02 1.665542401991005339e-01
5.585585585585586159e+02 1.724940447370323093e-01
5.603603603603603460e+02 1.785257193859178249e-01
5.621621621621620761e+02 1.846279473186343278e-01
5.639639639639639199e+02 1.907828247038624858e-01
5.657657657657656500e+02 1.969746913956779144e-01
5.675675675675674938e+02 2.031893270756732484e-01
5.693693693693693376e+02 2.094133663767411002e-01
5.711711711711711814e+02 2.156338388618287416e-01
5.729729729729729115e+02 2.218377682345345214e-01
5.747747747747747553e+02 2.280117786685098291e-01
5.765765765765764854e+02 2.341416588693097656e-01
5.783783783783783292e+02 2.402118275402356506e-01
5.801801801801801730e+02 2.462046258659029152e-01
5.819819819819820168e+02 2.520993292439372979e-01
5.837837837837837469e+02 2.578707141004834558e-01
5.855855855855854770e+02 2.634869244889285755e-01
5.873873873873873208e+02 2.689062437957026597e-01
5.891891891891890509e+02 2.740721890722000453e-01
5.909909909909910084e+02 2.789061828105537932e-01
5.927927927927927385e+02 2.832972624516027493e-01
5.945945945945945823e+02 2.870899692831225813e-01
5.963963963963964261e+02 2.900772121956092797e-01
5.981981981981981562e+02 2.920163511334041839e-01
5.999999999999998863e+02 2.926924182299651123e-01
6.018018018018017301e+02 2.920163511334047945e-01
6.036036036036035739e+02 2.900772121956091132e-01
6.054054054054054177e+02 2.870899692831226924e-01
6.072072072072071478e+02 2.832972624516024718e-01
6.090090090090089916e+02 2.789061828105539598e-01
6.108108108108107217e+02 2.740721890722006560e-01
6.126126126126125655e+02 2.689062437957037699e-01
6.144144144144144093e+02 2.634869244889294637e-01
6.162162162162162531e+02 2.578707141004836778e-01
6.180180180180179832e+02 2.520993292439378530e-01
6.198198198198198270e+02 2.462046258659031372e-01
6.216216216216215571e+02 2.402118275402360947e-01
6.234234234234232872e+02 2.341416588693104039e-01
6.252252252252251310e+02 2.280117786685101899e-01
6.270270270270269748e+02 2.218377682345347435e-01
6.288288288288288186e+02 2.156338388618287416e-01
6.306306306306305487e+02 2.094133663767417664e-01
6.324324324324323925e+02 2.031893270756738867e-01
6.342342342342341226e+02 1.969746913956786638e-01
6.360360360360359664e+02 1.907828247038632907e-01
6.378378378378378102e+02 1.846279473186349662e-01
6.396396396396396540e+02 1.785257193859181024e-01
6.414414414414413841e+02 1.724940447370329477e-01
6.432432432432432279e+02 1.665542401991004506e-01
6.450450450450449580e+02 1.607328094566960464e-01
6.468468468468466881e+02 1.550642219747310757e-01
6.486486486486486456e+02 1.495953712481741249e-01
6.504504504504503757e+02 1.443928148488758667e-01
6.522522522522521058e+02 1.395544060730542768e-01
6.540540540540540633e+02 1.352268162628511849e-01
6.558558558558559071e+02 1.316267895682623201e-01
6.576576576576576372e+02 1.290491811334520678e-01
6.594594594594593673e+02 1.278159370580801979e-01
6.612612612612612111e+02 1.281300801243441256e-01
6.630630630630629412e+02 1.299362453824890462e-01
6.648648648648648987e+02 1.329622031719640274e-01
6.666666666666666288e+02 1.368844837655781022e-01
6.684684684684683589e+02 1.414380252188097986e-01
6.702702702702702027e+02 1.464364952042902235e-01
6.720720720720720465e+02 1.517552344911126672e-01
6.738738738738737766e+02 1.573106608909727033e-01
6.756756756756757341e+02 1.630451912726394170e-01
6.774774774774774642e+02 1.689175839736010432e-01
6.792792792792793080e+02 1.748969774733797611e-01
6.810810810810810381e+02 1.809592085044145204e-01
6.828828828828828819e+02 1.870844976201905541e-01
6.846846846846846120e+02 1.932559541966333561e-01
6.864864864864863421e+02 1.994585756413672917e-01
6.882882882882882996e+02 2.056785450929771164e-01
6.900900900900900297e+02 2.119027057738942788e-01
6.918918918918918735e+02 2.181181315064121828e-01
6.936936936936936036e+02 2.243117346544708512e-01
6.954954954954954474e+02 2.304698616407566680e-01
6.972972972972971775e+02 2.365778250606526134e-01
6.990990990990991349e+02 2.426193103432690845e-01
7.009009009009008651e+02 2.485755714020754237e-01
7.027027027027027088e+02 2.544242882756408974e-01
7.045045045045044390e+02 2.601378910886834595e-01
7.063063063063062827e+02 2.656810456968943801e-01
7.081081081081080129e+02 2.710068357249751925e-01
7.099099099099097430e+02 2.760509807632057222e-01
7.117117117117117004e+02 2.807233464033849768e-01
7.135135135135135442e+02 2.848965965228981156e-01
7.153153153153152743e+02 2.883947320892880084e-01
7.171171171171170045e+02 2.909923127986123181e-01
7.189189189189188482e+02 2.924471703887606688e-01
7.207207207207205784e+02 2.925831548208224775e-01
7.225225225225225358e+02 2.913819617115392391e-01
7.243243243243242659e+02 2.889941783697601574e-01
7.261261261261261097e+02 2.856568048542403870e-01
7.279279279279278398e+02 2.816027972128668511e-01
7.297297297297296836e+02 2.770186556261490796e-01
7.315315315315314137e+02 2.720406441122234509e-01
7.333333333333333712e+02 2.667653549543312352e-01
7.351351351351351013e+02 2.612614626085303371e-01
7.369369369369369451e+02 2.555788172792005652e-01
7.387387387387386752e+02 2.497547120059734893e-01
7.405405405405405190e+02 2.438180345539556482e-01
7.423423423423422491e+02 2.377919992009551176e-01
7.441441441441439792e+02 2.316959617111997993e-01
7.459459459459459367e+02 2.255466499622491017e-01
7.477477477477477805e+02 2.193590240042219419e-01
7.495495495495495106e+02 2.131469037349200957e-01
7.513513513513512407e+02 2.069234563642858016e-01
7.531531531531530845e+02 2.007016092965394349e-01
7.549549549549548146e+02 1.944944407855160595e-01
7.567567567567567721e+02 1.883155976767838524e-01
7.585585585585585022e+02 1.821797963042505464e-01
7.603603603603603460e+02 1.761034813992148895e-01
7.621621621621620761e+02 1.701057545067564403e-01
7.639639639639639199e+02 1.642097493254434104e-01
7.657657657657656500e+02 1.584447472690027614e-01
7.675675675675674938e+02 1.528495269325456374e-01
7.693693693693693376e+02 1.474777735542312784e-01
7.711711711711711814e+02 1.424068595535652737e-01
7.729729729729729115e+02 1.377517220962300726e-01
7.747747747747747553e+02 1.336846040755615694e-01
7.765765765765764854e+02 1.304544862607177891e-01
7.783783783783782155e+02 1.283785145983578069e-01
7.801801801801801730e+02 1.277526153621078853e-01
7.819819819819819031e+02 1.286855884199858135e-01
7.837837837837837469e+02 1.310189120375246929e-01
7.855855855855854770e+02 1.344402307600450763e-01
7.873873873873873208e+02 1.386422265682230592e-01
7.891891891891890509e+02 1.433921428261508701e-01
7.909909909909908947e+02 1.485309680895194051e-01
7.927927927927927385e+02 1.539526844249207438e-01
7.945945945945945823e+02 1.595855785997166432e-01
7.963963963963963124e+02 1.653795179484006950e-01
7.981981981981982699e+02 1.712979747349762938e-01
7.999999999999998863e+02 1.773131162424045615e-01
8.018018018018016164e+02 1.834027552423360408e-01
8.036036036036035739e+02 1.895484139815727664e-01
8.054054054054054177e+02 1.957340570325239448e-01
8.072072072072071478e+02 2.019452283084056110e-01
8.090090090090088779e+02 2.081684311759998962e-01
8.108108108108107217e+02 2.143906493700819815e-01
8.126126126126124518e+02 2.205989387875391949e-01
8.144144144144144093e+02 2.267800362926482016e-01
8.162162162162161394e+02 2.329199363731517536e-01
8.180180180180179832e+02 2.390033815134326445e-01
8.198198198198197133e+02 2.450131965568715930e-01
8.216216216216216708e+02 2.509293675023131498e-01
8.234234234234232872e+02 2.567277141966499143e-01
8.252252252252251310e+02 2.623779233064909011e-01
8.270270270270269748e+02 2.678405790898405470e-01
8.288288288288288186e+02 2.730626494023340456e-01
8.306306306306305487e+02 2.779707025249273933e-01
8.324324324324325062e+02 2.824612084099359932e-01
8.342342342342341226e+02 2.863885130983349625e-01
8.360360360360358527e+02 2.895556797609902255e-01
8.378378378378378102e+02 2.917238716511960650e-01
8.396396396396396540e+02 2.926650623970316611e-01
8.414414414414413841e+02 2.922578846573198885e-01
8.432432432432431142e+02 2.905567536430370690e-01
8.450450450450450717e+02 2.877593426264863918e-01
8.468468468468466881e+02 2.841095556860844806e-01
8.486486486486485319e+02 2.798240901776271605e-01
8.504504504504503757e+02 2.750685532080131002e-01
8.522522522522522195e+02 2.699618429083971427e-01
8.540540540540539496e+02 2.645880962543672998e-01
8.558558558558559071e+02 2.590075378852674803e-01
8.576576576576575235e+02 2.532643790190272637e-01
8.594594594594593673e+02 2.473921454872818615e-01
8.612612612612612111e+02 2.414171883817897157e-01
8.630630630630630549e+02 2.353609994374125380e-01
8.648648648648647850e+02 2.292417601481512857e-01
8.666666666666666288e+02 2.230754035570034211e-01
8.684684684684684726e+02 2.168763678901747260e-01
8.702702702702700890e+02 2.106581589264291399e-01
8.720720720720720465e+02 2.044338007481624198e-01
8.738738738738737766e+02 1.982162338334278184e-01
8.756756756756756204e+02 1.920187104801149847e-01
8.774774774774773505e+02 1.858552383416772202e-01
8.792792792792793080e+02 1.797411339841861189e-01
8.810810810810810381e+02 1.736937733522873062e-01
8.828828828828827682e+02 1.677336725914516380e-01
8.846846846846846120e+02 1.618861154226997334e-01
8.864864864864864558e+02 1.561836879051639315e-01
8.882882882882881859e+02 1.506703286776396866e-01
8.900900900900900297e+02 1.454078989855061843e-01
8.918918918918918735e+02 1.404867908803428267e-01
8.936936936936934899e+02 1.360422308196846952e-01
8.954954954954954474e+02 1.322754259573621916e-01
8.972972972972972912e+02 1.294669191183028811e-01
8.990990990990990213e+02 1.279420833479973096e-01
9.009009009009007514e+02 1.279420833479972541e-01
9.027027027027027088e+02 1.294669191183027979e-01
9.045045045045045526e+02 1.322754259573620528e-01
9.063063063063061691e+02 1.360422308196839458e-01
9.081081081081080129e+02 1.404867908803425214e-01
9.099099099099098567e+02 1.454078989855056847e-01
9.117117117117115868e+02 1.506703286776389650e-01
9.135135135135135442e+02 1.561836879051632654e-01
9.153153153153152743e+02 1.618861154226990673e-01
9.171171171171171181e+02 1.677336725914509719e-01
9.189189189189188482e+02 1.736937733522867233e-01
9.207207207207208057e+02 1.797411339841861189e-01
9.225225225225224222e+02 1.858552383416764986e-01
9.243243243243242659e+02 1.920187104801139022e-01
9.261261261261261097e+02 1.982162338334273188e-01
9.279279279279277262e+02 2.044338007481612540e-01
9.297297297297296836e+02 2.106581589264281962e-01
9.315315315315315274e+02 2.168763678901743652e-01
9.333333333333333712e+02 2.230754035570030602e-01
9.351351351351349876e+02 2.292417601481504807e-01
9.369369369369368314e+02 2.353609994374115943e-01
9.387387387387387889e+02 2.414171883817890496e-01
9.405405405405404053e+02 2.473921454872806958e-01
9.423423423423422491e+02 2.532643790190265976e-01
9.441441441441440929e+02 2.590075378852665922e-01
9.459459459459460504e+02 2.645880962543670778e-01
9.477477477477476668e+02 2.699618429083965321e-01
9.495495495495493969e+02 2.750685532080122120e-01
9.513513513513513544e+02 2.798240901776262723e-01
9.531531531531530845e+02 2.841095556860837590e-01
9.549549549549550420e+02 2.877593426264862253e-01
9.567567567567566584e+02 2.905567536430365139e-01
9.585585585585585022e+02 2.922578846573197220e-01
9.603603603603603460e+02 2.926650623970311060e-01
9.621621621621619624e+02 2.917238716511960650e-01
9.639639639639639199e+02 2.895556797609906696e-01
9.657657657657656500e+02 2.863885130983358507e-01
9.675675675675676075e+02 2.824612084099362708e-01
9.693693693693692239e+02 2.779707025249280039e-01
9.711711711711710677e+02 2.730626494023347117e-01
9.729729729729729115e+02 2.678405790898405470e-01
9.747747747747746416e+02 2.623779233064920113e-01
9.765765765765764854e+02 2.567277141966504139e-01
9.783783783783783292e+02 2.509293675023138714e-01
9.801801801801801730e+02 2.450131965568717873e-01
9.819819819819819031e+02 2.390033815134328665e-01
9.837837837837836332e+02 2.329199363731529193e-01
9.855855855855855907e+02 2.267800362926485624e-01
9.873873873873872071e+02 2.205989387875399166e-01
9.891891891891891646e+02 2.143906493700821481e-01
9.909909909909908947e+02 2.081684311760007011e-01
9.927927927927928522e+02 2.019452283084058331e-01
9.945945945945945823e+02 1.957340570325244722e-01
9.963963963963961987e+02 1.895484139815738489e-01
9.981981981981981562e+02 1.834027552423368457e-01
9.999999999999998863e+02 1.773131162424053664e-01
1.001801801801801844e+03 1.712979747349767379e-01
1.003603603603603460e+03 1.653795179484010558e-01
1.005405405405405304e+03 1.595855785997175036e-01
1.007207207207207148e+03 1.539526844249212711e-01
1.009009009009008878e+03 1.485309680895205708e-01
1.010810810810810722e+03 1.433921428261518138e-01
1.012612612612612565e+03 1.386422265682239197e-01
1.014414414414414409e+03 1.344402307600454372e-01
1.016216216216216139e+03 1.310189120375249150e-01
1.018018018018017870e+03 1.286855884199864797e-01
1.019819819819819827e+03 1.277526153621077465e-01
1.021621621621621443e+03 1.283785145983578069e-01
1.023423423423423401e+03 1.304544862607175948e-01
1.025225225225225131e+03 1.336846040755611253e-01
1.027027027027027088e+03 1.377517220962297673e-01
1.028828828828828819e+03 1.424068595535647741e-01
1.030630630630630549e+03 1.474777735542306401e-01
1.032432432432432279e+03 1.528495269325450545e-01
1.034234234234234236e+03 1.584447472690018177e-01
1.036036036036036194e+03 1.642097493254427443e-01
1.037837837837837696e+03 1.701057545067558574e-01
1.039639639639639654e+03 1.761034813992143899e-01
1.041441441441441384e+03 1.821797963042499635e-01
1.043243243243243114e+03 1.883155976767830475e-01
1.045045045045045072e+03 1.944944407855155599e-01
1.046846846846846802e+03 2.007016092965383525e-01
1.048648648648648759e+03 2.069234563642852742e-01
1.050450450450450262e+03 2.131469037349196793e-01
1.052252252252252219e+03 2.193590240042216366e-01
1.054054054054053950e+03 2.255466499622482968e-01
1.055855855855855680e+03 2.316959617111991609e-01
1.057657657657657637e+03 2.377919992009549788e-01
1.059459459459459367e+03 2.438180345539547045e-01
1.061261261261261325e+03 2.497547120059731840e-01
1.063063063063062827e+03 2.555788172792002322e-01
1.064864864864864785e+03 2.612614626085292824e-01
1.066666666666666515e+03 2.667653549543310132e-01
1.068468468468468473e+03 2.720406441122223962e-01
1.070270270270270203e+03 2.770186556261486910e-01
1.072072072072071933e+03 2.816027972128664070e-01
1.073873873873873890e+03 2.856568048542399429e-01
1.075675675675675620e+03 2.889941783697599909e-01
1.077477477477477350e+03 2.913819617115389615e-01
1.079279279279279308e+03 2.925831548208223110e-01
1.081081081081081038e+03 2.924471703887607799e-01
1.082882882882882996e+03 2.909923127986129288e-01
1.084684684684684498e+03 2.883947320892887300e-01
1.086486486486486456e+03 2.848965965228983932e-01
1.088288288288288186e+03 2.807233464033855319e-01
1.090090090090089916e+03 2.760509807632064438e-01
1.091891891891891873e+03 2.710068357249758586e-01
1.093693693693693604e+03 2.656810456968947687e-01
1.095495495495495561e+03 2.601378910886840701e-01
1.097297297297297064e+03 2.544242882756413970e-01
1.099099099099099021e+03 2.485755714020754792e-01
1.100900900900900751e+03 2.426193103432698062e-01
1.102702702702702481e+03 2.365778250606536404e-01
1.104504504504504439e+03 2.304698616407571676e-01
1.106306306306306169e+03 2.243117346544715729e-01
1.108108108108108127e+03 2.181181315064124604e-01
1.109909909909909857e+03 2.119027057738950837e-01
1.111711711711711814e+03 2.056785450929771997e-01
1.113513513513513544e+03 1.994585756413678745e-01
1.115315315315315274e+03 1.932559541966341610e-01
1.117117117117117232e+03 1.870844976201912757e-01
1.118918918918918735e+03 1.809592085044156029e-01
1.120720720720720692e+03 1.748969774733801774e-01
1.122522522522522422e+03 1.689175839736015428e-01
1.124324324324324152e+03 1.630451912726403052e-01
1.126126126126126110e+03 1.573106608909735082e-01
1.127927927927927840e+03 1.517552344911133055e-01
1.129729729729729797e+03 1.464364952042904455e-01
1.131531531531531300e+03 1.414380252188104647e-01
1.133333333333333258e+03 1.368844837655781022e-01
1.135135135135134988e+03 1.329622031719641106e-01
1.136936936936936718e+03 1.299362453824894070e-01
1.138738738738738675e+03 1.281300801243443199e-01
1.140540540540540405e+03 1.278159370580801146e-01
1.142342342342342363e+03 1.290491811334517069e-01
1.144144144144143866e+03 1.316267895682618760e-01
1.145945945945945823e+03 1.352268162628510462e-01
1.147747747747747781e+03 1.395544060730539992e-01
1.149549549549549511e+03 1.443928148488752838e-01
1.151351351351351468e+03 1.495953712481730147e-01
1.153153153153152971e+03 1.550642219747301320e-01
1.154954954954954928e+03 1.607328094566955468e-01
1.156756756756756658e+03 1.665542401991000898e-01
1.158558558558558616e+03 1.724940447370320873e-01
1.160360360360360346e+03 1.785257193859173253e-01
1.162162162162162076e+03 1.846279473186342446e-01
1.163963963963964034e+03 1.907828247038625413e-01
1.165765765765765536e+03 1.969746913956780809e-01
1.167567567567567494e+03 2.031893270756735259e-01
1.169369369369369224e+03 2.094133663767408782e-01
1.171171171171170954e+03 2.156338388618281032e-01
1.172972972972972912e+03 2.218377682345340218e-01
1.174774774774774642e+03 2.280117786685093850e-01
1.176576576576576599e+03 2.341416588693095435e-01
1.178378378378378102e+03 2.402118275402352066e-01
1.180180180180180059e+03 2.462046258659026932e-01
1.181981981981982017e+03 2.520993292439372424e-01
1.183783783783783520e+03 2.578707141004827341e-01
1.185585585585585477e+03 2.634869244889285755e-01
1.187387387387387207e+03 2.689062437957029372e-01
1.189189189189189165e+03 2.740721890722004339e-01
1.190990990990990895e+03 2.789061828105537932e-01
1.192792792792792852e+03 2.832972624516030824e-01
1.194594594594594582e+03 2.870899692831228589e-01
1.196396396396396312e+03 2.900772121956088356e-01
1.198198198198198270e+03 2.920163511334047945e-01
1.199999999999999773e+03 2.926924182299651123e-01
1.201801801801801730e+03 2.920163511334043505e-01
1.203603603603603460e+03 2.900772121956092797e-01
1.205405405405405418e+03 2.870899692831229699e-01
1.207207207207207148e+03 2.832972624516031934e-01
1.209009009009008878e+03 2.789061828105541263e-01
1.210810810810810835e+03 2.740721890722006004e-01
1.212612612612612338e+03 2.689062437957034368e-01
1.214414414414414296e+03 2.634869244889290196e-01
1.216216216216216026e+03 2.578707141004837888e-01
1.218018018018017983e+03 2.520993292439376865e-01
1.219819819819819713e+03 2.462046258659031928e-01
1.221621621621621443e+03 2.402118275402363723e-01
1.223423423423423401e+03 2.341416588693104039e-01
1.225225225225225131e+03 2.280117786685106340e-01
1.227027027027026861e+03 2.218377682345347990e-01
1.228828828828828819e+03 2.156338388618291857e-01
1.230630630630630549e+03 2.094133663767423492e-01
1.232432432432432506e+03 2.031893270756738867e-01
1.234234234234234009e+03 1.969746913956787193e-01
1.236036036036035966e+03 1.907828247038632075e-01
1.237837837837837696e+03 1.846279473186354103e-01
1.239639639639639654e+03 1.785257193859178249e-01
1.241441441441441384e+03 1.724940447370328089e-01
1.243243243243243114e+03 1.665542401991013388e-01
1.245045045045045072e+03 1.607328094566961851e-01
1.246846846846846574e+03 1.550642219747312145e-01
1.248648648648648532e+03 1.495953712481739029e-01
1.250450450450450262e+03 1.443928148488762275e-01
1.252252252252252219e+03 1.395544060730544156e-01
1.254054054054053950e+03 1.352268162628514903e-01
1.255855855855855680e+03 1.316267895682625422e-01
1.257657657657657637e+03 1.290491811334521510e-01
1.259459459459459367e+03 1.278159370580804199e-01
1.261261261261261097e+03 1.281300801243444032e-01
1.263063063063063055e+03 1.299362453824891850e-01
1.264864864864864785e+03 1.329622031719641106e-01
1.266666666666666515e+03 1.368844837655780466e-01
1.268468468468468245e+03 1.414380252188096598e-01
1.270270270270270203e+03 1.464364952042901402e-01
1.272072072072071933e+03 1.517552344911122786e-01
1.273873873873873890e+03 1.573106608909732307e-01
1.275675675675675620e+03 1.630451912726393615e-01
1.277477477477477350e+03 1.689175839736003770e-01
1.279279279279279308e+03 1.748969774733797611e-01
1.281081081081080811e+03 1.809592085044144372e-01
1.282882882882882768e+03 1.870844976201906928e-01
1.284684684684684498e+03 1.932559541966331340e-01
1.286486486486486456e+03 1.994585756413674305e-01
1.288288288288288186e+03 2.056785450929769221e-01
1.290090090090089916e+03 2.119027057738939734e-01
1.291891891891891873e+03 2.181181315064118775e-01
1.293693693693693376e+03 2.243117346544702129e-01
1.295495495495495334e+03 2.304698616407566680e-01
1.297297297297297291e+03 2.365778250606524746e-01
1.299099099099099021e+03 2.426193103432690845e-01
1.300900900900900751e+03 2.485755714020752571e-01
1.302702702702702481e+03 2.544242882756401203e-01
1.304504504504504212e+03 2.601378910886836260e-01
1.306306306306306169e+03 2.656810456968936029e-01
1.308108108108108127e+03 2.710068357249752480e-01
1.309909909909909857e+03 2.760509807632052781e-01
1.311711711711711814e+03 2.807233464033852544e-01
1.313513513513513317e+03 2.848965965228980046e-01
1.315315315315315274e+03 2.883947320892876753e-01
1.317117117117117232e+03 2.909923127986126512e-01
1.318918918918918735e+03 2.924471703887607799e-01
1.320720720720720692e+03 2.925831548208224775e-01
1.322522522522522422e+03 2.913819617115390725e-01
1.324324324324324380e+03 2.889941783697604349e-01
1.326126126126125882e+03 2.856568048542402760e-01
1.327927927927927840e+03 2.816027972128671841e-01
1.329729729729729797e+03 2.770186556261485245e-01
1.331531531531531527e+03 2.720406441122237839e-01
1.333333333333333258e+03 2.667653549543312352e-01
1.335135135135134988e+03 2.612614626085305036e-01
1.336936936936936718e+03 2.555788172792019530e-01
1.338738738738738448e+03 2.497547120059742110e-01
1.340540540540540405e+03 2.438180345539558702e-01
1.342342342342342363e+03 2.377919992009555616e-01
1.344144144144144093e+03 2.316959617111998826e-01
1.345945945945946050e+03 2.255466499622492405e-01
1.347747747747747553e+03 2.193590240042223860e-01
1.349549549549549511e+03 2.131469037349208173e-01
1.351351351351351468e+03 2.069234563642860236e-01
1.353153153153152971e+03 2.007016092965398790e-01
1.354954954954954928e+03 1.944944407855161428e-01
1.356756756756756658e+03 1.883155976767843520e-01
1.358558558558558616e+03 1.821797963042504631e-01
1.360360360360360119e+03 1.761034813992152503e-01
1.362162162162162076e+03 1.701057545067573840e-01
1.363963963963964034e+03 1.642097493254434659e-01
1.365765765765765764e+03 1.584447472690030667e-01
1.367567567567567494e+03 1.528495269325457206e-01
1.369369369369369224e+03 1.474777735542316393e-01
1.371171171171171181e+03 1.424068595535655790e-01
1.372972972972972684e+03 1.377517220962303501e-01
1.374774774774774642e+03 1.336846040755618470e-01
1.376576576576576599e+03 1.304544862607180111e-01
1.378378378378378329e+03 1.283785145983577236e-01
1.380180180180180059e+03 1.277526153621079408e-01
1.381981981981981789e+03 1.286855884199855360e-01
1.383783783783783747e+03 1.310189120375246929e-01
1.385585585585585250e+03 1.344402307600450763e-01
1.387387387387387207e+03 1.386422265682231980e-01
1.389189189189189165e+03 1.433921428261510922e-01
1.390990990990990895e+03 1.485309680895189055e-01
1.392792792792792852e+03 1.539526844249209103e-01
1.394594594594594355e+03 1.595855785997165599e-01
1.396396396396396312e+03 1.653795179483998901e-01
1.398198198198198270e+03 1.712979747349762938e-01
1.399999999999999773e+03 1.773131162424039786e-01
1.401801801801801730e+03 1.834027552423358465e-01
1.403603603603603460e+03 1.895484139815724056e-01
1.405405405405405418e+03 1.957340570325239448e-01
1.407207207207206920e+03 2.019452283084051669e-01
1.409009009009008878e+03 2.081684311759993966e-01
1.410810810810810835e+03 2.143906493700817872e-01
1.412612612612612565e+03 2.205989387875388341e-01
1.414414414414414296e+03 2.267800362926478408e-01
1.416216216216216026e+03 2.329199363731516148e-01
1.418018018018017983e+03 2.390033815134325057e-01
1.419819819819819486e+03 2.450131965568711490e-01
1.421621621621621443e+03 2.509293675023130388e-01
1.423423423423423401e+03 2.567277141966499698e-01
1.425225225225225131e+03 2.623779233064907901e-01
1.427027027027027088e+03 2.678405790898403249e-01
1.428828828828828591e+03 2.730626494023337125e-01
1.430630630630630549e+03 2.779707025249273933e-01
1.432432432432432506e+03 2.824612084099359932e-01
1.434234234234234009e+03 2.863885130983349625e-01
1.436036036036035966e+03 2.895556797609902255e-01
1.437837837837837696e+03 2.917238716511956209e-01
1.439639639639639654e+03 2.926650623970312726e-01
1.441441441441441157e+03 2.922578846573194444e-01
1.443243243243243114e+03 2.905567536430372355e-01
1.445045045045045072e+03 2.877593426264866694e-01
1.446846846846846802e+03 2.841095556860849247e-01
1.448648648648648532e+03 2.798240901776268275e-01
1.450450450450450262e+03 2.750685532080136553e-01
1.452252252252252219e+03 2.699618429083969207e-01
1.454054054054053722e+03 2.645880962543679660e-01
1.455855855855855680e+03 2.590075378852677024e-01
1.457657657657657637e+03 2.532643790190273192e-01
1.459459459459459367e+03 2.473921454872820280e-01
1.461261261261261325e+03 2.414171883817894937e-01
1.463063063063062827e+03 2.353609994374127601e-01
1.464864864864864785e+03 2.292417601481512024e-01
1.466666666666666742e+03 2.230754035570036431e-01
1.468468468468468245e+03 2.168763678901753644e-01
1.470270270270270203e+03 2.106581589264289178e-01
1.472072072072071933e+03 2.044338007481624198e-01
1.473873873873873890e+03 1.982162338334278184e-01
1.475675675675675393e+03 1.920187104801150679e-01
1.477477477477477350e+03 1.858552383416770815e-01
1.479279279279279308e+03 1.797411339841864797e-01
1.481081081081081038e+03 1.736937733522879723e-01
1.482882882882882768e+03 1.677336725914513327e-01
1.484684684684684498e+03 1.618861154226998722e-01
1.486486486486486456e+03 1.561836879051637650e-01
1.488288288288287958e+03 1.506703286776399919e-01
1.490090090090089916e+03 1.454078989855060455e-01
1.491891891891891873e+03 1.404867908803431875e-01
1.493693693693693604e+03 1.360422308196846120e-01
1.495495495495495561e+03 1.322754259573621916e-01
1.497297297297297064e+03 1.294669191183028811e-01
1.499099099099099021e+03 1.279420833479971709e-01
1.500900900900900751e+03 1.279420833479971709e-01
1.502702702702702481e+03 1.294669191183024370e-01
1.504504504504504439e+03 1.322754259573619695e-01
1.506306306306306169e+03 1.360422308196837238e-01
1.508108108108108127e+03 1.404867908803426602e-01
1.509909909909909629e+03 1.454078989855054072e-01
1.511711711711711587e+03 1.506703286776390482e-01
1.513513513513513544e+03 1.561836879051630433e-01
1.515315315315315274e+03 1.618861154226983456e-01
1.517117117117117004e+03 1.677336725914508331e-01
1.518918918918918735e+03 1.736937733522864458e-01
1.520720720720720692e+03 1.797411339841857303e-01
1.522522522522522195e+03 1.858552383416759157e-01
1.524324324324324152e+03 1.920187104801143463e-01
1.526126126126126110e+03 1.982162338334270413e-01
1.527927927927927840e+03 2.044338007481607267e-01
1.529729729729729797e+03 2.106581589264281962e-01
1.531531531531531300e+03 2.168763678901741987e-01
1.533333333333333258e+03 2.230754035570028382e-01
1.535135135135134988e+03 2.292417601481505363e-01
1.536936936936936718e+03 2.353609994374121217e-01
1.538738738738738675e+03 2.414171883817889663e-01
1.540540540540540405e+03 2.473921454872806958e-01
1.542342342342342363e+03 2.532643790190267086e-01
1.544144144144143866e+03 2.590075378852664256e-01
1.545945945945945823e+03 2.645880962543669113e-01
1.547747747747747781e+03 2.699618429083966431e-01
1.549549549549549511e+03 2.750685532080122120e-01
1.551351351351351241e+03 2.798240901776265499e-01
1.553153153153152971e+03 2.841095556860838700e-01
1.554954954954954928e+03 2.877593426264865584e-01
1.556756756756756431e+03 2.905567536430365139e-01
1.558558558558558389e+03 2.922578846573195555e-01
1.560360360360360346e+03 2.926650623970315501e-01
1.562162162162162076e+03 2.917238716511960650e-01
1.563963963963963806e+03 2.895556797609901145e-01
1.565765765765765536e+03 2.863885130983352401e-01
1.567567567567567494e+03 2.824612084099361042e-01
1.569369369369368997e+03 2.779707025249281704e-01
1.571171171171170954e+03 2.730626494023344342e-01
1.572972972972972912e+03 2.678405790898407690e-01
1.574774774774774642e+03 2.623779233064921779e-01
1.576576576576576599e+03 2.567277141966505805e-01
1.578378378378378102e+03 2.509293675023142045e-01
1.580180180180180059e+03 2.450131965568718706e-01
1.581981981981981789e+03 2.390033815134333661e-01
1.583783783783783520e+03 2.329199363731523365e-01
1.585585585585585477e+03 2.267800362926488678e-01
1.587387387387387207e+03 2.205989387875404995e-01
1.589189189189189165e+03 2.143906493700825644e-01
1.590990990990990667e+03 2.081684311760009232e-01
1.592792792792792625e+03 2.019452283084060551e-01
1.594594594594594582e+03 1.957340570325246110e-01
1.596396396396396540e+03 1.895484139815734881e-01
1.598198198198198043e+03 1.834027552423369289e-01
1.599999999999999773e+03 1.773131162424058105e-01
1.601801801801801730e+03 1.712979747349771542e-01
1.603603603603603233e+03 1.653795179484014999e-01
1.605405405405405190e+03 1.595855785997173648e-01
1.607207207207207148e+03 1.539526844249216320e-01
1.609009009009008878e+03 1.485309680895207374e-01
1.610810810810810835e+03 1.433921428261519526e-01
1.612612612612612338e+03 1.386422265682240584e-01
1.614414414414414296e+03 1.344402307600454927e-01
1.616216216216216026e+03 1.310189120375251370e-01
1.618018018018017756e+03 1.286855884199861744e-01
1.619819819819819713e+03 1.277526153621080240e-01
1.621621621621621443e+03 1.283785145983575016e-01
1.623423423423423401e+03 1.304544862607175948e-01
1.625225225225224904e+03 1.336846040755609866e-01
1.627027027027026861e+03 1.377517220962298505e-01
1.628828828828828819e+03 1.424068595535648296e-01
1.630630630630630776e+03 1.474777735542311397e-01
1.632432432432432279e+03 1.528495269325451378e-01
1.634234234234234009e+03 1.584447472690016789e-01
1.636036036036035966e+03 1.642097493254427443e-01
1.637837837837837469e+03 1.701057545067555521e-01
1.639639639639639427e+03 1.761034813992144454e-01
1.641441441441441384e+03 1.821797963042497415e-01
1.643243243243243342e+03 1.883155976767836304e-01
1.645045045045045072e+03 1.944944407855150603e-01
1.646846846846846574e+03 2.007016092965382692e-01
1.648648648648648532e+03 2.069234563642849134e-01
1.650450450450450262e+03 2.131469037349193740e-01
1.652252252252251992e+03 2.193590240042213590e-01
1.654054054054053950e+03 2.255466499622479359e-01
1.655855855855855680e+03 2.316959617111986336e-01
1.657657657657657637e+03 2.377919992009543959e-01
1.659459459459459140e+03 2.438180345539542049e-01
1.661261261261261097e+03 2.497547120059729064e-01
1.663063063063063055e+03 2.555788172792000101e-01
1.664864864864865012e+03 2.612614626085293934e-01
1.666666666666666515e+03 2.667653549543302915e-01
1.668468468468468245e+03 2.720406441122222851e-01
1.670270270270270203e+03 2.770186556261482469e-01
1.672072072072071705e+03 2.816027972128658519e-01
1.673873873873873663e+03 2.856568048542399429e-01
1.675675675675675620e+03 2.889941783697597133e-01
1.677477477477477578e+03 2.913819617115390725e-01
1.679279279279279308e+03 2.925831548208227550e-01
1.681081081081080811e+03 2.924471703887609464e-01
1.682882882882882768e+03 2.909923127986130398e-01
1.684684684684684498e+03 2.883947320892890076e-01
1.686486486486486228e+03 2.848965965228985597e-01
1.688288288288288186e+03 2.807233464033859760e-01
1.690090090090090143e+03 2.760509807632062773e-01
1.691891891891891873e+03 2.710068357249759141e-01
1.693693693693693376e+03 2.656810456968953793e-01
1.695495495495495334e+03 2.601378910886844031e-01
1.697297297297297064e+03 2.544242882756416746e-01
1.699099099099099021e+03 2.485755714020759233e-01
1.700900900900900751e+03 2.426193103432703890e-01
1.702702702702702709e+03 2.365778250606534183e-01
1.704504504504504439e+03 2.304698616407576117e-01
1.706306306306305942e+03 2.243117346544718782e-01
1.708108108108107899e+03 2.181181315064128212e-01
1.709909909909909857e+03 2.119027057738954445e-01
1.711711711711711814e+03 2.056785450929779213e-01
1.713513513513513544e+03 1.994585756413681521e-01
1.715315315315315047e+03 1.932559541966345218e-01
1.717117117117117004e+03 1.870844976201918031e-01
1.718918918918918735e+03 1.809592085044158805e-01
1.720720720720720465e+03 1.748969774733807603e-01
1.722522522522522422e+03 1.689175839736016260e-01
1.724324324324324380e+03 1.630451912726399999e-01
1.726126126126126110e+03 1.573106608909736470e-01
1.727927927927927612e+03 1.517552344911136664e-01
1.729729729729729570e+03 1.464364952042904455e-01
1.731531531531531300e+03 1.414380252188107423e-01
1.733333333333333258e+03 1.368844837655786295e-01
1.735135135135134988e+03 1.329622031719644715e-01
1.736936936936936945e+03 1.299362453824890462e-01
1.738738738738738675e+03 1.281300801243444032e-01
1.740540540540540178e+03 1.278159370580801146e-01
1.742342342342342135e+03 1.290491811334517069e-01
1.744144144144144093e+03 1.316267895682617928e-01
1.745945945945946050e+03 1.352268162628505466e-01
1.747747747747747553e+03 1.395544060730533331e-01
1.749549549549549511e+03 1.443928148488755059e-01
1.751351351351351241e+03 1.495953712481731535e-01
1.753153153153152971e+03 1.550642219747296879e-01
1.754954954954954701e+03 1.607328094566948806e-01
1.756756756756756658e+03 1.665542401990998678e-01
1.758558558558558616e+03 1.724940447370320040e-01
1.760360360360360346e+03 1.785257193859171032e-01
1.762162162162162076e+03 1.846279473186343278e-01
1.763963963963963806e+03 1.907828247038621250e-01
1.765765765765765536e+03 1.969746913956773315e-01
1.767567567567567266e+03 2.031893270756730818e-01
1.769369369369369224e+03 2.094133663767406839e-01
1.771171171171171181e+03 2.156338388618283808e-01
1.772972972972972912e+03 2.218377682345338553e-01
1.774774774774774414e+03 2.280117786685094683e-01
1.776576576576576372e+03 2.341416588693097656e-01
1.778378378378378102e+03 2.402118275402352898e-01
1.780180180180180059e+03 2.462046258659024156e-01
1.781981981981981789e+03 2.520993292439365763e-01
1.783783783783783747e+03 2.578707141004832892e-01
1.785585585585585477e+03 2.634869244889281870e-01
1.787387387387386980e+03 2.689062437957023821e-01
1.789189189189188937e+03 2.740721890722001008e-01
1.790990990990990895e+03 2.789061828105533491e-01
1.792792792792792852e+03 2.832972624516024718e-01
1.794594594594594582e+03 2.870899692831224148e-01
1.796396396396396312e+03 2.900772121956089467e-01
1.798198198198198043e+03 2.920163511334039064e-01
1.800000000000000000e+03 2.926924182299651123e-01
