Theta (degrees)	Normalized Energy
0.000000000000000000e+00 3.417830089666868965e-01
1.081081081081080919e+00 3.419911519119706034e-01
2.162162162162161838e+00 3.426031545337732132e-01
3.243243243243243423e+00 3.435848409404804182e-01
4.324324324324323676e+00 3.448879420776645999e-01
5.405405405405405261e+00 3.464587647538657222e-01
6.486486486486486847e+00 3.482450065309545817e-01
7.567567567567566655e+00 3.501997244064381509e-01
8.648648648648647352e+00 3.522828763055139700e-01
9.729729729729729826e+00 3.544613297048144762e-01
1.081081081081081052e+01 3.567081200229424431e-01
1.189189189189189122e+01 3.590014606565618549e-01
1.297297297297297369e+01 3.613237660721037026e-01
1.405405405405405439e+01 3.636607971122969851e-01
1.513513513513513331e+01 3.660009569824193565e-01
1.621621621621621401e+01 3.683347298348922938e-01
1.729729729729729470e+01 3.706542407286192997e-01
1.837837837837837540e+01 3.729529135888230984e-01
1.945945945945945965e+01 3.752252060990111104e-01
2.054054054054054035e+01 3.774664040947516286e-01
2.162162162162162105e+01 3.796724616534944419e-01
2.270270270270269819e+01 3.818398761983999301e-01
2.378378378378378244e+01 3.839655904522449870e-01
2.486486486486486314e+01 3.860469150376585890e-01
2.594594594594594739e+01 3.880814670171133796e-01
2.702702702702702453e+01 3.900671207982921995e-01
2.810810810810810878e+01 3.920019686828706273e-01
2.918918918918918592e+01 3.938842889778387812e-01
3.027027027027026662e+01 3.957125200713261792e-01
3.135135135135135087e+01 3.974852392394659928e-01
3.243243243243242802e+01 3.992011452272557492e-01
3.351351351351351582e+01 4.008590438568007674e-01
3.459459459459458941e+01 4.024578360773417574e-01
3.567567567567567721e+01 4.039965079952793636e-01
3.675675675675675080e+01 4.054741225181463515e-01
3.783783783783783861e+01 4.068898123208450901e-01
3.891891891891891930e+01 4.082427739005901057e-01
4.000000000000000000e+01 4.095322625326490162e-01
4.108108108108108070e+01 4.107575879749837955e-01
4.216216216216216139e+01 4.119181107985036561e-01
4.324324324324324209e+01 4.130132392424178400e-01
4.432432432432431568e+01 4.140424265124639236e-01
4.540540540540539638e+01 4.150051684544811548e-01
4.648648648648648418e+01 4.159010015477059286e-01
4.756756756756756488e+01 4.167295011718342712e-01
4.864864864864863847e+01 4.174902801098078209e-01
4.972972972972972627e+01 4.181829872547526694e-01
5.081081081081080697e+01 4.188073064948513169e-01
5.189189189189189477e+01 4.193629557543839814e-01
5.297297297297296836e+01 4.198496861728436835e-01
5.405405405405404906e+01 4.202672814071682916e-01
5.513513513513512976e+01 4.206155570447404624e-01
5.621621621621621756e+01 4.208943601170729854e-01
5.729729729729729115e+01 4.211035687060065147e-01
5.837837837837837185e+01 4.212430916359759525e-01
5.945945945945945965e+01 4.213128682473659126e-01
6.054054054054053324e+01 4.213128682473662456e-01
6.162162162162162815e+01 4.212430916359761190e-01
6.270270270270270174e+01 4.211035687060062371e-01
6.378378378378378244e+01 4.208943601170735405e-01
6.486486486486485603e+01 4.206155570447407399e-01
6.594594594594595094e+01 4.202672814071679586e-01
6.702702702702703164e+01 4.198496861728435725e-01
6.810810810810811233e+01 4.193629557543833708e-01
6.918918918918917882e+01 4.188073064948511504e-01
7.027027027027025952e+01 4.181829872547522253e-01
7.135135135135135442e+01 4.174902801098078209e-01
7.243243243243242091e+01 4.167295011718339937e-01
7.351351351351350161e+01 4.159010015477057620e-01
7.459459459459458230e+01 4.150051684544807107e-01
7.567567567567567721e+01 4.140424265124639236e-01
7.675675675675674370e+01 4.130132392424173959e-01
7.783783783783783861e+01 4.119181107985035450e-01
7.891891891891890509e+01 4.107575879749840730e-01
8.000000000000000000e+01 4.095322625326488497e-01
8.108108108108108070e+01 4.082427739005893841e-01
8.216216216216216139e+01 4.068898123208454232e-01
8.324324324324324209e+01 4.054741225181465181e-01
8.432432432432432279e+01 4.039965079952789195e-01
8.540540540540538927e+01 4.024578360773413133e-01
8.648648648648648418e+01 4.008590438568004899e-01
8.756756756756755067e+01 3.992011452272551386e-01
8.864864864864863137e+01 3.974852392394658263e-01
8.972972972972972627e+01 3.957125200713257351e-01
9.081081081081079276e+01 3.938842889778381706e-01
9.189189189189188767e+01 3.920019686828700722e-01
9.297297297297296836e+01 3.900671207982923661e-01
9.405405405405406327e+01 3.880814670171127689e-01
9.513513513513512976e+01 3.860469150376585890e-01
9.621621621621621046e+01 3.839655904522447094e-01
9.729729729729727694e+01 3.818398761983995415e-01
9.837837837837837185e+01 3.796724616534940533e-01
9.945945945945945255e+01 3.774664040947513510e-01
1.005405405405405475e+02 3.752252060990108329e-01
1.016216216216216139e+02 3.729529135888233760e-01
1.027027027027027088e+02 3.706542407286194662e-01
1.037837837837837895e+02 3.683347298348915722e-01
1.048648648648648560e+02 3.660009569824192455e-01
1.059459459459459367e+02 3.636607971122962635e-01
1.070270270270270032e+02 3.613237660721030919e-01
1.081081081081080981e+02 3.590014606565614108e-01
1.091891891891891788e+02 3.567081200229419990e-01
1.102702702702702595e+02 3.544613297048143097e-01
1.113513513513513402e+02 3.522828763055140811e-01
1.124324324324324351e+02 3.501997244064382619e-01
1.135135135135135016e+02 3.482450065309550258e-01
1.145945945945945823e+02 3.464587647538653337e-01
1.156756756756756630e+02 3.448879420776642668e-01
1.167567567567567437e+02 3.435848409404803072e-01
1.178378378378378386e+02 3.426031545337735462e-01
1.189189189189189193e+02 3.419911519119706034e-01
1.199999999999999858e+02 3.417830089666867299e-01
1.210810810810810665e+02 3.419911519119706034e-01
1.221621621621621330e+02 3.426031545337731021e-01
1.232432432432432563e+02 3.435848409404805848e-01
1.243243243243243228e+02 3.448879420776644333e-01
1.254054054054054035e+02 3.464587647538654447e-01
1.264864864864864700e+02 3.482450065309544152e-01
1.275675675675675649e+02 3.501997244064382619e-01
1.286486486486486456e+02 3.522828763055143586e-01
1.297297297297297121e+02 3.544613297048143097e-01
1.308108108108107785e+02 3.567081200229424431e-01
1.318918918918919019e+02 3.590014606565620214e-01
1.329729729729729684e+02 3.613237660721037026e-01
1.340540540540540633e+02 3.636607971122968186e-01
1.351351351351351298e+02 3.660009569824192455e-01
1.362162162162162247e+02 3.683347298348921828e-01
1.372972972972972912e+02 3.706542407286192997e-01
1.383783783783783576e+02 3.729529135888230984e-01
1.394594594594594525e+02 3.752252060990114435e-01
1.405405405405405190e+02 3.774664040947516286e-01
1.416216216216216139e+02 3.796724616534948860e-01
1.427027027027027088e+02 3.818398761984005407e-01
1.437837837837837753e+02 3.839655904522452645e-01
1.448648648648648418e+02 3.860469150376588665e-01
1.459459459459459367e+02 3.880814670171133796e-01
1.470270270270270032e+02 3.900671207982921995e-01
1.481081081081080981e+02 3.920019686828707939e-01
1.491891891891891646e+02 3.938842889778388923e-01
1.502702702702702879e+02 3.957125200713269009e-01
1.513513513513513544e+02 3.974852392394661038e-01
1.524324324324324209e+02 3.992011452272561933e-01
1.535135135135134874e+02 4.008590438568013781e-01
1.545945945945945823e+02 4.024578360773414243e-01
1.556756756756756772e+02 4.039965079952790306e-01
1.567567567567567437e+02 4.054741225181470732e-01
1.578378378378378102e+02 4.068898123208454232e-01
1.589189189189188767e+02 4.082427739005899392e-01
1.600000000000000000e+02 4.095322625326492938e-01
1.610810810810810665e+02 4.107575879749839065e-01
1.621621621621621614e+02 4.119181107985042667e-01
1.632432432432432279e+02 4.130132392424185617e-01
1.643243243243243228e+02 4.140424265124643677e-01
1.654054054054054177e+02 4.150051684544817654e-01
1.664864864864864842e+02 4.159010015477059286e-01
1.675675675675675507e+02 4.167295011718347153e-01
1.686486486486486456e+02 4.174902801098092642e-01
1.697297297297297121e+02 4.181829872547532245e-01
1.708108108108107785e+02 4.188073064948510393e-01
1.718918918918919019e+02 4.193629557543840924e-01
1.729729729729729684e+02 4.198496861728445717e-01
1.740540540540540349e+02 4.202672814071688467e-01
1.751351351351351013e+02 4.206155570447411840e-01
1.762162162162161962e+02 4.208943601170737070e-01
1.772972972972972627e+02 4.211035687060078470e-01
1.783783783783783861e+02 4.212430916359765631e-01
1.794594594594594525e+02 4.213128682473662456e-01
1.805405405405405190e+02 4.213128682473669673e-01
1.816216216216215855e+02 4.212430916359763966e-01
1.827027027027027088e+02 4.211035687060075694e-01
1.837837837837837753e+02 4.208943601170743176e-01
1.848648648648648702e+02 4.206155570447410730e-01
1.859459459459459367e+02 4.202672814071688467e-01
1.870270270270270316e+02 4.198496861728438501e-01
1.881081081081081265e+02 4.193629557543845365e-01
1.891891891891891930e+02 4.188073064948524826e-01
1.902702702702702595e+02 4.181829872547533911e-01
1.913513513513513544e+02 4.174902801098088756e-01
1.924324324324324209e+02 4.167295011718347153e-01
1.935135135135134874e+02 4.159010015477062061e-01
1.945945945945945539e+02 4.150051684544814323e-01
1.956756756756756488e+02 4.140424265124648118e-01
1.967567567567567437e+02 4.130132392424182841e-01
1.978378378378378102e+02 4.119181107985041002e-01
1.989189189189189051e+02 4.107575879749845171e-01
1.999999999999999716e+02 4.095322625326488497e-01
2.010810810810810949e+02 4.082427739005905498e-01
2.021621621621621614e+02 4.068898123208455342e-01
2.032432432432432279e+02 4.054741225181475173e-01
2.043243243243242944e+02 4.039965079952796412e-01
2.054054054054054177e+02 4.024578360773418684e-01
2.064864864864864842e+02 4.008590438568011005e-01
2.075675675675675791e+02 3.992011452272555827e-01
2.086486486486486456e+02 3.974852392394661038e-01
2.097297297297297121e+02 3.957125200713267343e-01
2.108108108108107785e+02 3.938842889778387812e-01
2.118918918918918735e+02 3.920019686828706273e-01
2.129729729729729399e+02 3.900671207982930877e-01
2.140540540540540064e+02 3.880814670171136571e-01
2.151351351351351298e+02 3.860469150376591441e-01
2.162162162162161962e+02 3.839655904522449870e-01
2.172972972972972627e+02 3.818398761984008183e-01
2.183783783783783576e+02 3.796724616534943308e-01
2.194594594594594525e+02 3.774664040947513510e-01
2.205405405405405190e+02 3.752252060990118321e-01
2.216216216216216139e+02 3.729529135888235425e-01
2.227027027027026804e+02 3.706542407286199103e-01
2.237837837837838038e+02 3.683347298348927379e-01
2.248648648648648702e+02 3.660009569824193565e-01
2.259459459459459367e+02 3.636607971122969851e-01
2.270270270270270032e+02 3.613237660721037026e-01
2.281081081081080981e+02 3.590014606565624100e-01
2.291891891891891646e+02 3.567081200229424431e-01
2.302702702702702311e+02 3.544613297048144762e-01
2.313513513513513260e+02 3.522828763055145251e-01
2.324324324324324209e+02 3.501997244064381509e-01
2.335135135135134874e+02 3.482450065309550258e-01
2.345945945945945823e+02 3.464587647538656112e-01
2.356756756756756772e+02 3.448879420776642668e-01
2.367567567567567153e+02 3.435848409404803072e-01
2.378378378378378386e+02 3.426031545337732132e-01
2.389189189189188767e+02 3.419911519119707699e-01
2.399999999999999716e+02 3.417830089666868965e-01
2.410810810810810949e+02 3.419911519119707699e-01
2.421621621621621330e+02 3.426031545337732132e-01
2.432432432432432279e+02 3.435848409404803072e-01
2.443243243243242659e+02 3.448879420776642668e-01
2.454054054054053893e+02 3.464587647538653337e-01
2.464864864864865126e+02 3.482450065309541376e-01
2.475675675675675507e+02 3.501997244064377068e-01
2.486486486486486456e+02 3.522828763055139700e-01
2.497297297297297121e+02 3.544613297048141431e-01
2.508108108108108070e+02 3.567081200229419990e-01
2.518918918918918735e+02 3.590014606565620214e-01
2.529729729729729399e+02 3.613237660721030919e-01
2.540540540540540349e+02 3.636607971122963745e-01
2.551351351351351298e+02 3.660009569824190789e-01
2.562162162162161962e+02 3.683347298348915722e-01
2.572972972972972912e+02 3.706542407286196328e-01
2.583783783783783861e+02 3.729529135888226543e-01
2.594594594594594241e+02 3.752252060990108329e-01
2.605405405405405190e+02 3.774664040947511845e-01
2.616216216216215571e+02 3.796724616534938868e-01
2.627027027027027088e+02 3.818398761983996526e-01
2.637837837837838038e+02 3.839655904522445429e-01
2.648648648648648418e+02 3.860469150376584224e-01
2.659459459459459367e+02 3.880814670171129355e-01
2.670270270270269748e+02 3.900671207982919220e-01
2.681081081081081265e+02 3.920019686828697947e-01
2.691891891891891646e+02 3.938842889778383372e-01
2.702702702702702595e+02 3.957125200713261792e-01
2.713513513513512976e+02 3.974852392394657152e-01
2.724324324324324493e+02 3.992011452272551386e-01
2.735135135135134874e+02 4.008590438568002123e-01
2.745945945945945823e+02 4.024578360773413133e-01
2.756756756756756204e+02 4.039965079952784754e-01
2.767567567567567153e+02 4.054741225181466846e-01
2.778378378378378670e+02 4.068898123208452566e-01
2.789189189189189051e+02 4.082427739005897727e-01
2.800000000000000000e+02 4.095322625326484056e-01
2.810810810810810381e+02 4.107575879749835179e-01
2.821621621621621330e+02 4.119181107985036561e-01
2.832432432432432279e+02 4.130132392424178400e-01
2.843243243243242659e+02 4.140424265124636460e-01
2.854054054054054177e+02 4.150051684544807107e-01
2.864864864864864558e+02 4.159010015477054845e-01
2.875675675675675507e+02 4.167295011718341047e-01
2.886486486486486456e+02 4.174902801098078209e-01
2.897297297297296836e+02 4.181829872547526694e-01
2.908108108108108354e+02 4.188073064948514279e-01
2.918918918918918735e+02 4.193629557543836484e-01
2.929729729729729684e+02 4.198496861728438501e-01
2.940540540540540064e+02 4.202672814071682916e-01
2.951351351351351013e+02 4.206155570447410730e-01
2.962162162162161962e+02 4.208943601170731519e-01
2.972972972972972912e+02 4.211035687060062371e-01
2.983783783783783292e+02 4.212430916359759525e-01
2.994594594594594241e+02 4.213128682473662456e-01
3.005405405405405759e+02 4.213128682473659126e-01
3.016216216216216139e+02 4.212430916359762856e-01
3.027027027027027088e+02 4.211035687060059596e-01
3.037837837837837469e+02 4.208943601170725413e-01
3.048648648648648418e+02 4.206155570447407399e-01
3.059459459459459367e+02 4.202672814071684027e-01
3.070270270270269748e+02 4.198496861728438501e-01
3.081081081081081265e+02 4.193629557543836484e-01
3.091891891891891646e+02 4.188073064948513169e-01
3.102702702702702595e+02 4.181829872547527804e-01
3.113513513513513544e+02 4.174902801098079874e-01
3.124324324324323925e+02 4.167295011718339937e-01
3.135135135135134874e+02 4.159010015477053179e-01
3.145945945945945823e+02 4.150051684544808772e-01
3.156756756756756204e+02 4.140424265124636460e-01
3.167567567567567153e+02 4.130132392424181176e-01
3.178378378378377533e+02 4.119181107985041002e-01
3.189189189189189051e+02 4.107575879749839065e-01
3.200000000000000000e+02 4.095322625326490162e-01
3.210810810810810381e+02 4.082427739005901057e-01
3.221621621621621330e+02 4.068898123208450901e-01
3.232432432432432847e+02 4.054741225181469622e-01
3.243243243243243228e+02 4.039965079952791971e-01
3.254054054054054177e+02 4.024578360773414243e-01
3.264864864864864558e+02 4.008590438568009340e-01
3.275675675675675507e+02 3.992011452272554717e-01
3.286486486486486456e+02 3.974852392394659928e-01
3.297297297297296836e+02 3.957125200713262902e-01
3.308108108108108354e+02 3.938842889778388923e-01
3.318918918918918735e+02 3.920019686828702388e-01
3.329729729729729684e+02 3.900671207982923661e-01
3.340540540540540633e+02 3.880814670171131020e-01
3.351351351351351013e+02 3.860469150376587555e-01
3.362162162162162531e+02 3.839655904522448204e-01
3.372972972972972912e+02 3.818398761983999301e-01
3.383783783783783861e+02 3.796724616534943308e-01
3.394594594594594241e+02 3.774664040947514621e-01
3.405405405405405190e+02 3.752252060990114435e-01
3.416216216216215571e+02 3.729529135888229319e-01
3.427027027027026520e+02 3.706542407286197438e-01
3.437837837837838038e+02 3.683347298348920162e-01
3.448648648648648418e+02 3.660009569824192455e-01
3.459459459459459367e+02 3.636607971122967076e-01
3.470270270270269748e+02 3.613237660721035360e-01
3.481081081081080697e+02 3.590014606565621325e-01
3.491891891891891078e+02 3.567081200229419990e-01
3.502702702702702027e+02 3.544613297048145872e-01
3.513513513513513544e+02 3.522828763055139700e-01
3.524324324324323925e+02 3.501997244064381509e-01
3.535135135135134874e+02 3.482450065309545817e-01
3.545945945945945255e+02 3.464587647538656112e-01
3.556756756756756204e+02 3.448879420776648774e-01
3.567567567567567721e+02 3.435848409404804182e-01
3.578378378378378102e+02 3.426031545337733797e-01
3.589189189189189051e+02 3.419911519119708809e-01
3.600000000000000000e+02 3.417830089666868965e-01
3.610810810810810381e+02 3.419911519119706034e-01
3.621621621621621330e+02 3.426031545337733797e-01
3.632432432432431710e+02 3.435848409404803072e-01
3.643243243243243228e+02 3.448879420776644333e-01
3.654054054054054177e+02 3.464587647538658888e-01
3.664864864864864558e+02 3.482450065309547482e-01
3.675675675675675507e+02 3.501997244064381509e-01
3.686486486486485887e+02 3.522828763055142476e-01
3.697297297297297405e+02 3.544613297048144762e-01
3.708108108108108354e+02 3.567081200229423321e-01
3.718918918918918735e+02 3.590014606565616884e-01
3.729729729729729684e+02 3.613237660721032585e-01
3.740540540540540633e+02 3.636607971122968186e-01
3.751351351351351013e+02 3.660009569824193565e-01
3.762162162162162531e+02 3.683347298348921828e-01
3.772972972972972912e+02 3.706542407286197438e-01
3.783783783783783861e+02 3.729529135888228208e-01
3.794594594594594241e+02 3.752252060990111104e-01
3.805405405405405190e+02 3.774664040947513510e-01
3.816216216216215571e+02 3.796724616534946084e-01
3.827027027027027088e+02 3.818398761983998191e-01
3.837837837837837469e+02 3.839655904522443763e-01
3.848648648648648418e+02 3.860469150376585890e-01
3.859459459459458799e+02 3.880814670171131020e-01
3.870270270270269748e+02 3.900671207982921995e-01
3.881081081081080697e+02 3.920019686828697947e-01
3.891891891891891078e+02 3.938842889778386147e-01
3.902702702702702595e+02 3.957125200713265678e-01
3.913513513513512976e+02 3.974852392394658263e-01
3.924324324324323925e+02 3.992011452272557492e-01
3.935135135135134874e+02 4.008590438568012115e-01
3.945945945945945255e+02 4.024578360773415908e-01
3.956756756756756204e+02 4.039965079952791971e-01
3.967567567567567721e+02 4.054741225181463515e-01
3.978378378378378102e+02 4.068898123208450901e-01
3.989189189189189051e+02 4.082427739005901057e-01
3.999999999999999432e+02 4.095322625326485722e-01
4.010810810810810381e+02 4.107575879749837955e-01
4.021621621621621898e+02 4.119181107985035450e-01
4.032432432432432279e+02 4.130132392424176735e-01
4.043243243243243228e+02 4.140424265124639236e-01
4.054054054054053609e+02 4.150051684544811548e-01
4.064864864864864558e+02 4.159010015477056510e-01
4.075675675675675507e+02 4.167295011718338271e-01
4.086486486486485887e+02 4.174902801098082650e-01
4.097297297297297405e+02 4.181829872547526694e-01
4.108108108108108354e+02 4.188073064948513169e-01
4.118918918918918735e+02 4.193629557543836484e-01
4.129729729729729684e+02 4.198496861728436835e-01
4.140540540540540064e+02 4.202672814071681251e-01
4.151351351351351582e+02 4.206155570447404624e-01
4.162162162162162531e+02 4.208943601170729854e-01
4.172972972972972912e+02 4.211035687060066812e-01
4.183783783783783861e+02 4.212430916359759525e-01
4.194594594594594241e+02 4.213128682473659126e-01
4.205405405405405190e+02 4.213128682473658015e-01
4.216216216216215571e+02 4.212430916359759525e-01
4.227027027027027088e+02 4.211035687060059596e-01
4.237837837837837469e+02 4.208943601170729854e-01
4.248648648648648418e+02 4.206155570447409064e-01
4.259459459459458799e+02 4.202672814071684027e-01
4.270270270270269748e+02 4.198496861728435725e-01
4.281081081081080129e+02 4.193629557543835373e-01
4.291891891891891646e+02 4.188073064948513169e-01
4.302702702702702595e+02 4.181829872547525029e-01
4.313513513513512976e+02 4.174902801098078209e-01
4.324324324324323925e+02 4.167295011718339937e-01
4.335135135135134306e+02 4.159010015477053179e-01
4.345945945945945255e+02 4.150051684544808772e-01
4.356756756756756772e+02 4.140424265124634795e-01
4.367567567567567153e+02 4.130132392424173959e-01
4.378378378378378102e+02 4.119181107985036561e-01
4.389189189189189051e+02 4.107575879749843506e-01
4.399999999999999432e+02 4.095322625326485722e-01
4.410810810810810381e+02 4.082427739005899392e-01
4.421621621621620761e+02 4.068898123208452566e-01
4.432432432432432279e+02 4.054741225181467956e-01
4.443243243243243228e+02 4.039965079952791971e-01
4.454054054054053609e+02 4.024578360773414243e-01
4.464864864864864558e+02 4.008590438567999348e-01
4.475675675675676075e+02 3.992011452272553051e-01
4.486486486486486456e+02 3.974852392394658263e-01
4.497297297297297405e+02 3.957125200713261792e-01
4.508108108108107785e+02 3.938842889778381706e-01
4.518918918918918735e+02 3.920019686828705163e-01
4.529729729729729684e+02 3.900671207982920330e-01
4.540540540540540064e+02 3.880814670171131020e-01
4.551351351351351582e+02 3.860469150376587555e-01
4.562162162162161962e+02 3.839655904522451535e-01
4.572972972972972912e+02 3.818398761984003742e-01
4.583783783783783292e+02 3.796724616534941643e-01
4.594594594594594241e+02 3.774664040947513510e-01
4.605405405405404622e+02 3.752252060990111104e-01
4.616216216216216139e+02 3.729529135888223768e-01
4.627027027027026520e+02 3.706542407286200214e-01
4.637837837837837469e+02 3.683347298348922938e-01
4.648648648648648418e+02 3.660009569824188014e-01
4.659459459459458799e+02 3.636607971122967076e-01
4.670270270270269748e+02 3.613237660721034250e-01
4.681081081081081265e+02 3.590014606565614108e-01
4.691891891891891646e+02 3.567081200229416105e-01
4.702702702702702027e+02 3.544613297048144762e-01
4.713513513513513544e+02 3.522828763055138035e-01
4.724324324324323925e+02 3.501997244064377068e-01
4.735135135135134306e+02 3.482450065309548592e-01
4.745945945945944686e+02 3.464587647538651671e-01
4.756756756756756772e+02 3.448879420776641558e-01
4.767567567567567153e+02 3.435848409404799741e-01
4.778378378378377533e+02 3.426031545337732132e-01
4.789189189189189051e+02 3.419911519119707699e-01
4.799999999999999432e+02 3.417830089666868965e-01
4.810810810810809812e+02 3.419911519119706034e-01
4.821621621621621898e+02 3.426031545337731021e-01
4.832432432432432279e+02 3.435848409404803072e-01
4.843243243243242659e+02 3.448879420776647109e-01
4.854054054054054177e+02 3.464587647538654447e-01
4.864864864864864558e+02 3.482450065309548592e-01
4.875675675675674938e+02 3.501997244064378734e-01
4.886486486486485319e+02 3.522828763055139700e-01
4.897297297297297405e+02 3.544613297048143097e-01
4.908108108108107785e+02 3.567081200229423321e-01
4.918918918918918166e+02 3.590014606565615773e-01
4.929729729729730252e+02 3.613237660721037026e-01
4.940540540540540633e+02 3.636607971122969851e-01
4.951351351351351013e+02 3.660009569824186348e-01
4.962162162162161962e+02 3.683347298348922938e-01
4.972972972972972912e+02 3.706542407286196328e-01
4.983783783783783292e+02 3.729529135888236535e-01
4.994594594594594241e+02 3.752252060990117211e-01
5.005405405405404622e+02 3.774664040947517951e-01
5.016216216216216139e+02 3.796724616534938868e-01
5.027027027027026520e+02 3.818398761983999301e-01
5.037837837837837469e+02 3.839655904522455421e-01
5.048648648648647850e+02 3.860469150376593106e-01
5.059459459459458799e+02 3.880814670171132130e-01
5.070270270270270316e+02 3.900671207982920330e-01
5.081081081081080697e+02 3.920019686828700722e-01
5.091891891891891646e+02 3.938842889778393364e-01
5.102702702702702595e+02 3.957125200713264568e-01
5.113513513513512976e+02 3.974852392394664369e-01
5.124324324324323925e+02 3.992011452272557492e-01
5.135135135135135442e+02 4.008590438568004899e-01
5.145945945945945823e+02 4.024578360773417574e-01
5.156756756756756204e+02 4.039965079952789195e-01
5.167567567567567721e+02 4.054741225181470732e-01
5.178378378378378102e+02 4.068898123208455342e-01
5.189189189189188482e+02 4.082427739005899392e-01
5.199999999999998863e+02 4.095322625326495714e-01
5.210810810810810381e+02 4.107575879749842396e-01
5.221621621621620761e+02 4.119181107985041002e-01
5.232432432432431142e+02 4.130132392424183951e-01
5.243243243243243796e+02 4.140424265124643677e-01
5.254054054054054177e+02 4.150051684544811548e-01
5.264864864864864558e+02 4.159010015477060396e-01
5.275675675675676075e+02 4.167295011718339937e-01
5.286486486486486456e+02 4.174902801098084315e-01
5.297297297297296836e+02 4.181829872547536686e-01
5.308108108108108354e+02 4.188073064948510393e-01
5.318918918918918735e+02 4.193629557543839814e-01
5.329729729729729115e+02 4.198496861728439611e-01
5.340540540540539496e+02 4.202672814071687357e-01
5.351351351351351013e+02 4.206155570447414616e-01
5.362162162162162531e+02 4.208943601170735405e-01
5.372972972972972912e+02 4.211035687060071253e-01
5.383783783783783292e+02 4.212430916359763966e-01
5.394594594594594810e+02 4.213128682473662456e-01
5.405405405405405190e+02 4.213128682473666897e-01
5.416216216216215571e+02 4.212430916359768407e-01
5.427027027027025952e+02 4.211035687060071253e-01
5.437837837837837469e+02 4.208943601170737070e-01
5.448648648648648987e+02 4.206155570447413505e-01
5.459459459459459367e+02 4.202672814071691243e-01
5.470270270270269748e+02 4.198496861728442942e-01
5.481081081081080129e+02 4.193629557543836484e-01
5.491891891891891646e+02 4.188073064948520385e-01
5.502702702702702027e+02 4.181829872547533911e-01
5.513513513513512407e+02 4.174902801098088756e-01
5.524324324324323925e+02 4.167295011718347153e-01
5.535135135135134306e+02 4.159010015477062061e-01
5.545945945945944686e+02 4.150051684544817654e-01
5.556756756756757341e+02 4.140424265124645342e-01
5.567567567567567721e+02 4.130132392424183951e-01
5.578378378378378102e+02 4.119181107985045442e-01
5.589189189189189619e+02 4.107575879749846837e-01
5.600000000000000000e+02 4.095322625326495714e-01
5.610810810810810381e+02 4.082427739005905498e-01
5.621621621621620761e+02 4.068898123208461448e-01
5.632432432432432279e+02 4.054741225181476838e-01
5.643243243243242659e+02 4.039965079952799187e-01
5.654054054054053040e+02 4.024578360773417574e-01
5.664864864864864558e+02 4.008590438568011005e-01
5.675675675675674938e+02 3.992011452272560268e-01
5.686486486486485319e+02 3.974852392394661038e-01
5.697297297297297973e+02 3.957125200713267343e-01
5.708108108108108354e+02 3.938842889778388923e-01
5.718918918918918735e+02 3.920019686828703498e-01
5.729729729729729115e+02 3.900671207982927546e-01
5.740540540540540633e+02 3.880814670171138236e-01
5.751351351351351013e+02 3.860469150376591441e-01
5.762162162162161394e+02 3.839655904522455421e-01
5.772972972972972912e+02 3.818398761984006518e-01
5.783783783783783292e+02 3.796724616534950525e-01
5.794594594594593673e+02 3.774664040947520727e-01
5.805405405405405190e+02 3.752252060990111104e-01
5.816216216216216708e+02 3.729529135888233760e-01
5.827027027027027088e+02 3.706542407286200214e-01
5.837837837837837469e+02 3.683347298348926269e-01
5.848648648648647850e+02 3.660009569824193565e-01
5.859459459459459367e+02 3.636607971122974292e-01
5.870270270270269748e+02 3.613237660721034250e-01
5.881081081081080129e+02 3.590014606565624100e-01
5.891891891891890509e+02 3.567081200229423321e-01
5.902702702702702027e+02 3.544613297048145872e-01
5.913513513513513544e+02 3.522828763055140811e-01
5.924324324324323925e+02 3.501997244064382619e-01
5.935135135135134306e+02 3.482450065309551368e-01
5.945945945945945823e+02 3.464587647538654447e-01
5.956756756756756204e+02 3.448879420776648774e-01
5.967567567567566584e+02 3.435848409404803072e-01
5.978378378378378102e+02 3.426031545337733797e-01
5.989189189189188482e+02 3.419911519119707699e-01
5.999999999999998863e+02 3.417830089666865634e-01
6.010810810810811518e+02 3.419911519119706034e-01
6.021621621621621898e+02 3.426031545337732132e-01
6.032432432432432279e+02 3.435848409404801407e-01
6.043243243243243796e+02 3.448879420776644333e-01
6.054054054054054177e+02 3.464587647538653337e-01
6.064864864864864558e+02 3.482450065309544152e-01
6.075675675675674938e+02 3.501997244064377068e-01
6.086486486486486456e+02 3.522828763055139700e-01
6.097297297297296836e+02 3.544613297048137546e-01
6.108108108108107217e+02 3.567081200229412774e-01
6.118918918918918735e+02 3.590014606565618549e-01
6.129729729729729115e+02 3.613237660721030919e-01
6.140540540540539496e+02 3.636607971122963745e-01
6.151351351351351013e+02 3.660009569824190789e-01
6.162162162162162531e+02 3.683347298348917387e-01
6.172972972972972912e+02 3.706542407286191887e-01
6.183783783783783292e+02 3.729529135888230984e-01
6.194594594594593673e+02 3.752252060990108329e-01
6.205405405405405190e+02 3.774664040947510735e-01
6.216216216216215571e+02 3.796724616534937202e-01
6.227027027027027088e+02 3.818398761983999301e-01
6.237837837837837469e+02 3.839655904522445429e-01
6.248648648648647850e+02 3.860469150376581449e-01
6.259459459459459367e+02 3.880814670171127689e-01
6.270270270270269748e+02 3.900671207982919220e-01
6.281081081081080129e+02 3.920019686828699057e-01
6.291891891891891646e+02 3.938842889778386147e-01
6.302702702702702027e+02 3.957125200713258462e-01
6.313513513513512407e+02 3.974852392394655487e-01
6.324324324324323925e+02 3.992011452272554717e-01
6.335135135135134306e+02 4.008590438568003789e-01
6.345945945945944686e+02 4.024578360773413133e-01
6.356756756756755067e+02 4.039965079952791971e-01
6.367567567567567721e+02 4.054741225181465181e-01
6.378378378378378102e+02 4.068898123208449791e-01
6.389189189189188482e+02 4.082427739005892176e-01
6.400000000000000000e+02 4.095322625326484056e-01
6.410810810810810381e+02 4.107575879749835179e-01
6.421621621621620761e+02 4.119181107985035450e-01
6.432432432432432279e+02 4.130132392424175070e-01
6.443243243243242659e+02 4.140424265124638126e-01
6.454054054054053040e+02 4.150051684544805997e-01
6.464864864864865694e+02 4.159010015477054845e-01
6.475675675675676075e+02 4.167295011718339937e-01
6.486486486486486456e+02 4.174902801098080984e-01
6.497297297297296836e+02 4.181829872547526694e-01
6.508108108108108354e+02 4.188073064948508728e-01
6.518918918918918735e+02 4.193629557543833708e-01
6.529729729729729115e+02 4.198496861728431284e-01
6.540540540540540633e+02 4.202672814071681251e-01
6.551351351351351013e+02 4.206155570447409064e-01
6.562162162162161394e+02 4.208943601170729854e-01
6.572972972972972912e+02 4.211035687060065147e-01
6.583783783783783292e+02 4.212430916359759525e-01
6.594594594594593673e+02 4.213128682473663567e-01
6.605405405405406327e+02 4.213128682473665232e-01
6.616216216216216708e+02 4.212430916359761190e-01
6.627027027027027088e+02 4.211035687060062371e-01
6.637837837837837469e+02 4.208943601170731519e-01
6.648648648648648987e+02 4.206155570447409064e-01
6.659459459459459367e+02 4.202672814071685692e-01
6.670270270270269748e+02 4.198496861728439611e-01
6.681081081081081265e+02 4.193629557543842590e-01
6.691891891891891646e+02 4.188073064948514279e-01
6.702702702702702027e+02 4.181829872547530580e-01
6.713513513513514681e+02 4.174902801098084315e-01
6.724324324324325062e+02 4.167295011718338271e-01
6.735135135135135442e+02 4.159010015477056510e-01
6.745945945945945823e+02 4.150051684544814323e-01
6.756756756756757341e+02 4.140424265124639236e-01
6.767567567567567721e+02 4.130132392424181176e-01
6.778378378378378102e+02 4.119181107985041002e-01
6.789189189189188482e+02 4.107575879749839065e-01
6.800000000000000000e+02 4.095322625326490162e-01
6.810810810810810381e+02 4.082427739005899392e-01
6.821621621621620761e+02 4.068898123208455342e-01
6.832432432432431142e+02 4.054741225181467956e-01
6.843243243243242659e+02 4.039965079952791971e-01
6.854054054054053040e+02 4.024578360773414243e-01
6.864864864864863421e+02 4.008590438568006564e-01
6.875675675675676075e+02 3.992011452272555827e-01
6.886486486486486456e+02 3.974852392394658263e-01
6.897297297297296836e+02 3.957125200713264568e-01
6.908108108108107217e+02 3.938842889778387812e-01
6.918918918918918735e+02 3.920019686828700722e-01
6.929729729729729115e+02 3.900671207982921995e-01
6.940540540540539496e+02 3.880814670171133796e-01
6.951351351351349876e+02 3.860469150376588665e-01
6.962162162162161394e+02 3.839655904522449870e-01
6.972972972972971775e+02 3.818398761984000966e-01
6.983783783783782155e+02 3.796724616534947749e-01
6.994594594594593673e+02 3.774664040947514621e-01
7.005405405405404053e+02 3.752252060990112770e-01
7.016216216216214434e+02 3.729529135888233760e-01
7.027027027027027088e+02 3.706542407286197438e-01
7.037837837837837469e+02 3.683347298348924603e-01
7.048648648648647850e+02 3.660009569824193565e-01
7.059459459459459367e+02 3.636607971122968186e-01
7.070270270270269748e+02 3.613237660721035360e-01
7.081081081081080129e+02 3.590014606565620214e-01
7.091891891891890509e+02 3.567081200229424431e-01
7.102702702702702027e+02 3.544613297048145872e-01
7.113513513513512407e+02 3.522828763055142476e-01
7.124324324324322788e+02 3.501997244064381509e-01
7.135135135135135442e+02 3.482450065309547482e-01
7.145945945945945823e+02 3.464587647538656112e-01
7.156756756756756204e+02 3.448879420776648774e-01
7.167567567567567721e+02 3.435848409404804182e-01
7.178378378378378102e+02 3.426031545337735462e-01
7.189189189189188482e+02 3.419911519119708809e-01
7.200000000000000000e+02 3.417830089666870075e-01
7.210810810810810381e+02 3.419911519119706034e-01
7.221621621621620761e+02 3.426031545337733797e-01
7.232432432432431142e+02 3.435848409404804182e-01
7.243243243243242659e+02 3.448879420776644333e-01
7.254054054054053040e+02 3.464587647538657222e-01
7.264864864864863421e+02 3.482450065309548592e-01
7.275675675675676075e+02 3.501997244064382619e-01
7.286486486486486456e+02 3.522828763055140811e-01
7.297297297297296836e+02 3.544613297048141431e-01
7.308108108108108354e+02 3.567081200229421656e-01
7.318918918918918735e+02 3.590014606565618549e-01
7.329729729729729115e+02 3.613237660721032585e-01
7.340540540540540633e+02 3.636607971122969851e-01
7.351351351351351013e+02 3.660009569824196340e-01
7.362162162162161394e+02 3.683347298348922938e-01
7.372972972972971775e+02 3.706542407286194662e-01
7.383783783783784429e+02 3.729529135888229319e-01
7.394594594594594810e+02 3.752252060990111104e-01
7.405405405405405190e+02 3.774664040947514621e-01
7.416216216216216708e+02 3.796724616534941643e-01
7.427027027027027088e+02 3.818398761983999301e-01
7.437837837837837469e+02 3.839655904522445429e-01
7.448648648648648987e+02 3.860469150376584224e-01
7.459459459459459367e+02 3.880814670171129355e-01
7.470270270270269748e+02 3.900671207982920330e-01
7.481081081081081265e+02 3.920019686828697947e-01
7.491891891891891646e+02 3.938842889778386147e-01
7.502702702702702027e+02 3.957125200713264568e-01
7.513513513513512407e+02 3.974852392394658263e-01
7.524324324324325062e+02 3.992011452272557492e-01
7.535135135135135442e+02 4.008590438568009340e-01
7.545945945945945823e+02 4.024578360773415908e-01
7.556756756756756204e+02 4.039965079952791971e-01
7.567567567567567721e+02 4.054741225181462405e-01
7.578378378378378102e+02 4.068898123208454232e-01
7.589189189189188482e+02 4.082427739005899392e-01
7.600000000000000000e+02 4.095322625326490162e-01
7.610810810810810381e+02 4.107575879749840730e-01
7.621621621621620761e+02 4.119181107985033785e-01
7.632432432432431142e+02 4.130132392424179510e-01
7.643243243243243796e+02 4.140424265124640901e-01
7.654054054054054177e+02 4.150051684544808772e-01
7.664864864864864558e+02 4.159010015477059286e-01
7.675675675675674938e+02 4.167295011718341047e-01
7.686486486486486456e+02 4.174902801098078209e-01
7.697297297297296836e+02 4.181829872547525029e-01
7.708108108108107217e+02 4.188073064948518720e-01
7.718918918918917598e+02 4.193629557543835373e-01
7.729729729729729115e+02 4.198496861728442942e-01
7.740540540540539496e+02 4.202672814071679586e-01
7.751351351351349876e+02 4.206155570447406289e-01
7.762162162162161394e+02 4.208943601170734294e-01
7.772972972972971775e+02 4.211035687060066812e-01
7.783783783783782155e+02 4.212430916359758415e-01
7.794594594594592536e+02 4.213128682473659126e-01
7.805405405405405190e+02 4.213128682473662456e-01
7.816216216216215571e+02 4.212430916359759525e-01
7.827027027027025952e+02 4.211035687060066812e-01
7.837837837837837469e+02 4.208943601170725413e-01
7.848648648648647850e+02 4.206155570447411840e-01
7.859459459459458230e+02 4.202672814071675700e-01
7.870270270270269748e+02 4.198496861728438501e-01
7.881081081081080129e+02 4.193629557543833708e-01
7.891891891891890509e+02 4.188073064948511504e-01
7.902702702702702027e+02 4.181829872547523363e-01
7.913513513513512407e+02 4.174902801098084315e-01
7.924324324324322788e+02 4.167295011718342712e-01
7.935135135135135442e+02 4.159010015477059286e-01
7.945945945945945823e+02 4.150051684544808772e-01
7.956756756756756204e+02 4.140424265124636460e-01
7.967567567567566584e+02 4.130132392424172294e-01
7.978378378378378102e+02 4.119181107985038226e-01
7.989189189189188482e+02 4.107575879749840730e-01
7.999999999999998863e+02 4.095322625326491273e-01
8.010810810810810381e+02 4.082427739005899392e-01
8.021621621621620761e+02 4.068898123208448125e-01
8.032432432432431142e+02 4.054741225181467956e-01
8.043243243243243796e+02 4.039965079952793636e-01
8.054054054054054177e+02 4.024578360773413133e-01
8.064864864864864558e+02 4.008590438568009340e-01
8.075675675675676075e+02 3.992011452272555827e-01
8.086486486486486456e+02 3.974852392394662703e-01
8.097297297297296836e+02 3.957125200713262902e-01
8.108108108108107217e+02 3.938842889778388923e-01
8.118918918918918735e+02 3.920019686828697947e-01
8.129729729729729115e+02 3.900671207982920330e-01
8.140540540540539496e+02 3.880814670171133796e-01
8.151351351351351013e+02 3.860469150376583114e-01
8.162162162162161394e+02 3.839655904522447094e-01
8.172972972972971775e+02 3.818398761984000966e-01
8.183783783783784429e+02 3.796724616534941643e-01
8.194594594594594810e+02 3.774664040947510735e-01
8.205405405405405190e+02 3.752252060990111104e-01
8.216216216216216708e+02 3.729529135888226543e-01
8.227027027027027088e+02 3.706542407286194662e-01
8.237837837837837469e+02 3.683347298348920162e-01
8.248648648648647850e+02 3.660009569824192455e-01
8.259459459459459367e+02 3.636607971122965410e-01
8.270270270270269748e+02 3.613237660721035360e-01
8.281081081081080129e+02 3.590014606565622990e-01
8.291891891891892783e+02 3.567081200229423321e-01
8.302702702702703164e+02 3.544613297048141431e-01
8.313513513513513544e+02 3.522828763055142476e-01
8.324324324324325062e+02 3.501997244064374293e-01
8.335135135135135442e+02 3.482450065309541376e-01
8.345945945945945823e+02 3.464587647538653337e-01
8.356756756756756204e+02 3.448879420776644333e-01
8.367567567567567721e+02 3.435848409404799741e-01
8.378378378378378102e+02 3.426031545337732132e-01
8.389189189189188482e+02 3.419911519119708809e-01
8.399999999999998863e+02 3.417830089666867299e-01
8.410810810810810381e+02 3.419911519119706034e-01
8.421621621621620761e+02 3.426031545337731021e-01
8.432432432432431142e+02 3.435848409404805848e-01
8.443243243243241523e+02 3.448879420776647109e-01
8.454054054054054177e+02 3.464587647538653337e-01
8.464864864864864558e+02 3.482450065309544152e-01
8.475675675675674938e+02 3.501997244064382619e-01
8.486486486486485319e+02 3.522828763055142476e-01
8.497297297297296836e+02 3.544613297048141431e-01
8.508108108108107217e+02 3.567081200229424431e-01
8.518918918918917598e+02 3.590014606565615773e-01
8.529729729729727978e+02 3.613237660721035360e-01
8.540540540540539496e+02 3.636607971122968186e-01
8.551351351351349876e+02 3.660009569824193565e-01
8.562162162162160257e+02 3.683347298348922938e-01
8.572972972972972912e+02 3.706542407286200214e-01
8.583783783783783292e+02 3.729529135888230984e-01
8.594594594594593673e+02 3.752252060990112770e-01
8.605405405405405190e+02 3.774664040947516286e-01
8.616216216216215571e+02 3.796724616534941643e-01
8.627027027027025952e+02 3.818398761984003742e-01
8.637837837837837469e+02 3.839655904522452645e-01
8.648648648648647850e+02 3.860469150376593106e-01
8.659459459459458230e+02 3.880814670171133796e-01
8.670270270270268611e+02 3.900671207982923661e-01
8.681081081081080129e+02 3.920019686828707939e-01
8.691891891891890509e+02 3.938842889778384482e-01
8.702702702702700890e+02 3.957125200713273450e-01
8.713513513513513544e+02 3.974852392394659928e-01
8.724324324324323925e+02 3.992011452272555827e-01
8.735135135135134306e+02 4.008590438568007674e-01
8.745945945945945823e+02 4.024578360773417574e-01
8.756756756756756204e+02 4.039965079952803628e-01
8.767567567567566584e+02 4.054741225181470732e-01
8.778378378378378102e+02 4.068898123208462558e-01
8.789189189189188482e+02 4.082427739005908274e-01
8.799999999999998863e+02 4.095322625326492938e-01
8.810810810810810381e+02 4.107575879749840730e-01
8.821621621621620761e+02 4.119181107985036561e-01
8.832432432432431142e+02 4.130132392424182841e-01
8.843243243243241523e+02 4.140424265124639236e-01
8.854054054054054177e+02 4.150051684544817654e-01
8.864864864864864558e+02 4.159010015477060396e-01
8.875675675675674938e+02 4.167295011718351594e-01
8.886486486486486456e+02 4.174902801098084315e-01
8.897297297297296836e+02 4.181829872547527804e-01
8.908108108108107217e+02 4.188073064948513169e-01
8.918918918918918735e+02 4.193629557543839814e-01
8.929729729729729115e+02 4.198496861728442942e-01
8.940540540540539496e+02 4.202672814071688467e-01
8.951351351351352150e+02 4.206155570447411840e-01
8.962162162162162531e+02 4.208943601170741511e-01
8.972972972972972912e+02 4.211035687060071253e-01
8.983783783783783292e+02 4.212430916359766742e-01
8.994594594594594810e+02 4.213128682473659126e-01
9.005405405405405190e+02 4.213128682473668007e-01
9.016216216216215571e+02 4.212430916359768407e-01
9.027027027027027088e+02 4.211035687060071253e-01
9.037837837837837469e+02 4.208943601170737070e-01
9.048648648648647850e+02 4.206155570447417946e-01
9.059459459459459367e+02 4.202672814071687357e-01
9.070270270270269748e+02 4.198496861728445717e-01
9.081081081081080129e+02 4.193629557543833708e-01
9.091891891891892783e+02 4.188073064948518720e-01
9.102702702702703164e+02 4.181829872547530580e-01
9.113513513513513544e+02 4.174902801098084315e-01
9.124324324324323925e+02 4.167295011718349929e-01
9.135135135135135442e+02 4.159010015477063726e-01
9.145945945945945823e+02 4.150051684544817654e-01
9.156756756756756204e+02 4.140424265124652559e-01
9.167567567567566584e+02 4.130132392424182841e-01
9.178378378378376965e+02 4.119181107985047108e-01
9.189189189189188482e+02 4.107575879749842396e-01
9.199999999999998863e+02 4.095322625326495714e-01
9.210810810810809244e+02 4.082427739005906608e-01
9.221621621621621898e+02 4.068898123208459783e-01
9.232432432432432279e+02 4.054741225181470732e-01
9.243243243243242659e+02 4.039965079952797522e-01
9.254054054054053040e+02 4.024578360773420349e-01
9.264864864864864558e+02 4.008590438568012115e-01
9.275675675675674938e+02 3.992011452272560268e-01
9.286486486486485319e+02 3.974852392394658263e-01
9.297297297297296836e+02 3.957125200713267343e-01
9.308108108108107217e+02 3.938842889778393364e-01
9.318918918918917598e+02 3.920019686828706273e-01
9.329729729729729115e+02 3.900671207982930877e-01
9.340540540540539496e+02 3.880814670171135461e-01
9.351351351351349876e+02 3.860469150376590330e-01
9.362162162162162531e+02 3.839655904522454311e-01
9.372972972972970638e+02 3.818398761984009848e-01
9.383783783783783292e+02 3.796724616534948860e-01
9.394594594594594810e+02 3.774664040947519061e-01
9.405405405405404053e+02 3.752252060990114435e-01
9.416216216216215571e+02 3.729529135888235425e-01
9.427027027027027088e+02 3.706542407286200214e-01
9.437837837837836332e+02 3.683347298348926269e-01
9.448648648648647850e+02 3.660009569824196340e-01
9.459459459459460504e+02 3.636607971122969851e-01
9.470270270270268611e+02 3.613237660721039801e-01
9.481081081081081265e+02 3.590014606565620214e-01
9.491891891891889372e+02 3.567081200229427207e-01
9.502702702702702027e+02 3.544613297048150313e-01
9.513513513513513544e+02 3.522828763055143586e-01
9.524324324324322788e+02 3.501997244064382619e-01
9.535135135135134306e+02 3.482450065309550258e-01
9.545945945945945823e+02 3.464587647538656112e-01
9.556756756756755067e+02 3.448879420776651550e-01
9.567567567567566584e+02 3.435848409404804182e-01
9.578378378378378102e+02 3.426031545337733797e-01
9.589189189189187346e+02 3.419911519119708809e-01
9.599999999999998863e+02 3.417830089666865634e-01
9.610810810810811518e+02 3.419911519119707699e-01
9.621621621621619624e+02 3.426031545337729356e-01
9.632432432432432279e+02 3.435848409404799741e-01
9.643243243243243796e+02 3.448879420776644333e-01
9.654054054054053040e+02 3.464587647538651671e-01
9.664864864864864558e+02 3.482450065309545817e-01
9.675675675675676075e+02 3.501997244064377068e-01
9.686486486486485319e+02 3.522828763055138035e-01
9.697297297297296836e+02 3.544613297048137546e-01
9.708108108108108354e+02 3.567081200229419990e-01
9.718918918918917598e+02 3.590014606565614108e-01
9.729729729729729115e+02 3.613237660721028144e-01
9.740540540540541770e+02 3.636607971122963745e-01
9.751351351351349876e+02 3.660009569824185238e-01
9.762162162162162531e+02 3.683347298348917387e-01
9.772972972972970638e+02 3.706542407286190222e-01
9.783783783783783292e+02 3.729529135888226543e-01
9.794594594594594810e+02 3.752252060990108329e-01
9.805405405405404053e+02 3.774664040947506294e-01
9.816216216216215571e+02 3.796724616534938868e-01
9.827027027027027088e+02 3.818398761983996526e-01
9.837837837837836332e+02 3.839655904522440988e-01
9.848648648648647850e+02 3.860469150376579783e-01
9.859459459459460504e+02 3.880814670171131020e-01
9.870270270270268611e+02 3.900671207982917554e-01
9.881081081081081265e+02 3.920019686828697947e-01
9.891891891891891646e+02 3.938842889778383372e-01
9.902702702702702027e+02 3.957125200713260127e-01
9.913513513513513544e+02 3.974852392394653822e-01
9.924324324324323925e+02 3.992011452272551386e-01
9.935135135135134306e+02 4.008590438568002123e-01
9.945945945945945823e+02 4.024578360773414243e-01
9.956756756756756204e+02 4.039965079952785865e-01
9.967567567567566584e+02 4.054741225181459630e-01
9.978378378378376965e+02 4.068898123208448125e-01
9.989189189189188482e+02 4.082427739005897727e-01
9.999999999999998863e+02 4.095322625326482946e-01
1.001081081081080924e+03 4.107575879749839065e-01
1.002162162162162190e+03 4.119181107985038226e-01
1.003243243243243228e+03 4.130132392424173959e-01
1.004324324324324266e+03 4.140424265124639236e-01
1.005405405405405304e+03 4.150051684544805997e-01
1.006486486486486456e+03 4.159010015477056510e-01
1.007567567567567494e+03 4.167295011718339937e-01
1.008648648648648532e+03 4.174902801098080984e-01
1.009729729729729570e+03 4.181829872547526694e-01
1.010810810810810722e+03 4.188073064948513169e-01
1.011891891891891760e+03 4.193629557543832043e-01
1.012972972972972798e+03 4.198496861728431284e-01
1.014054054054054063e+03 4.202672814071684027e-01
1.015135135135135101e+03 4.206155570447402958e-01
1.016216216216216139e+03 4.208943601170731519e-01
1.017297297297297291e+03 4.211035687060060706e-01
1.018378378378378329e+03 4.212430916359759525e-01
1.019459459459459367e+03 4.213128682473662456e-01
1.020540540540540519e+03 4.213128682473666897e-01
1.021621621621621443e+03 4.212430916359761190e-01
1.022702702702702595e+03 4.211035687060066812e-01
1.023783783783783747e+03 4.208943601170731519e-01
1.024864864864864785e+03 4.206155570447406289e-01
1.025945945945945823e+03 4.202672814071681251e-01
1.027027027027027088e+03 4.198496861728438501e-01
1.028108108108107899e+03 4.193629557543836484e-01
1.029189189189189165e+03 4.188073064948513169e-01
1.030270270270270203e+03 4.181829872547529470e-01
1.031351351351351241e+03 4.174902801098082650e-01
1.032432432432432279e+03 4.167295011718338271e-01
1.033513513513513544e+03 4.159010015477056510e-01
1.034594594594594355e+03 4.150051684544815989e-01
1.035675675675675620e+03 4.140424265124640901e-01
1.036756756756756431e+03 4.130132392424182841e-01
1.037837837837837696e+03 4.119181107985039891e-01
1.038918918918918962e+03 4.107575879749839065e-01
1.039999999999999773e+03 4.095322625326490162e-01
1.041081081081081038e+03 4.082427739005899392e-01
1.042162162162162076e+03 4.068898123208454232e-01
1.043243243243243114e+03 4.054741225181474062e-01
1.044324324324324152e+03 4.039965079952793636e-01
1.045405405405405418e+03 4.024578360773415908e-01
1.046486486486486228e+03 4.008590438568011005e-01
1.047567567567567494e+03 3.992011452272554717e-01
1.048648648648648759e+03 3.974852392394659928e-01
1.049729729729729570e+03 3.957125200713264568e-01
1.050810810810810835e+03 3.938842889778387812e-01
1.051891891891891873e+03 3.920019686828700722e-01
1.052972972972972912e+03 3.900671207982927546e-01
1.054054054054053950e+03 3.880814670171133796e-01
1.055135135135135215e+03 3.860469150376587555e-01
1.056216216216216026e+03 3.839655904522452645e-01
1.057297297297297291e+03 3.818398761984000966e-01
1.058378378378378557e+03 3.796724616534943308e-01
1.059459459459459367e+03 3.774664040947517951e-01
1.060540540540540633e+03 3.752252060990112770e-01
1.061621621621621671e+03 3.729529135888230984e-01
1.062702702702702709e+03 3.706542407286199103e-01
1.063783783783783747e+03 3.683347298348924603e-01
1.064864864864864785e+03 3.660009569824198006e-01
1.065945945945945823e+03 3.636607971122969851e-01
1.067027027027027088e+03 3.613237660721037026e-01
1.068108108108107899e+03 3.590014606565625765e-01
1.069189189189189165e+03 3.567081200229426097e-01
1.070270270270270203e+03 3.544613297048143097e-01
1.071351351351351241e+03 3.522828763055146917e-01
1.072432432432432506e+03 3.501997244064381509e-01
1.073513513513513544e+03 3.482450065309545817e-01
1.074594594594594582e+03 3.464587647538658888e-01
1.075675675675675620e+03 3.448879420776647109e-01
1.076756756756756658e+03 3.435848409404804182e-01
1.077837837837837696e+03 3.426031545337733797e-01
1.078918918918918962e+03 3.419911519119710475e-01
1.080000000000000000e+03 3.417830089666868965e-01
