Theta (degrees)	Normalized Energy
0.000000000000000000e+00 9.992570961212040581e-01
1.081081081081080919e+00 9.992576866387806733e-01
2.162162162162161838e+00 9.992594563432853905e-01
3.243243243243243423e+00 9.992623996954130838e-01
4.324324324324323676e+00 9.992665074808771974e-01
5.405405405405405261e+00 9.992717668372060880e-01
6.486486486486486847e+00 9.992781612911850742e-01
7.567567567567566655e+00 9.992856708068733607e-01
8.648648648648647352e+00 9.992942718441000238e-01
9.729729729729729826e+00 9.993039374273234854e-01
1.081081081081081052e+01 9.993146372247163622e-01
1.189189189189189122e+01 9.993263376373184848e-01
1.297297297297297369e+01 9.993390018980606859e-01
1.405405405405405439e+01 9.993525901804739542e-01
1.513513513513513331e+01 9.993670597168212710e-01
1.621621621621621401e+01 9.993823649254212071e-01
1.729729729729729470e+01 9.993984575468558562e-01
1.837837837837837540e+01 9.994152867887675651e-01
1.945945945945945965e+01 9.994327994788896330e-01
2.054054054054054035e+01 9.994509402259613706e-01
2.162162162162162105e+01 9.994696515881148491e-01
2.270270270270269819e+01 9.994888742483216681e-01
2.378378378378378244e+01 9.995085471964437751e-01
2.486486486486486314e+01 9.995286079174011684e-01
2.594594594594594739e+01 9.995489925849615487e-01
2.702702702702702453e+01 9.995696362605962504e-01
2.810810810810810878e+01 9.995904730968542262e-01
2.918918918918918592e+01 9.996114365446548966e-01
3.027027027027026662e+01 9.996324595638869104e-01
3.135135135135135087e+01 9.996534748366668888e-01
3.243243243243242802e+01 9.996744149826054526e-01
3.351351351351351582e+01 9.996952127753879758e-01
3.459459459459458941e+01 9.997158013599753978e-01
3.567567567567567721e+01 9.997361144696995661e-01
3.675675675675675080e+01 9.997560866425327930e-01
3.783783783783783861e+01 9.997756534357710168e-01
3.891891891891891930e+01 9.997947516384030342e-01
4.000000000000000000e+01 9.998133194803897617e-01
4.108108108108108070e+01 9.998312968381080079e-01
4.216216216216216139e+01 9.998486254352008107e-01
4.324324324324324209e+01 9.998652490380873781e-01
4.432432432432431568e+01 9.998811136453877868e-01
4.540540540540539638e+01 9.998961676705455659e-01
4.648648648648648418e+01 9.999103621169271872e-01
4.756756756756756488e+01 9.999236507447211153e-01
4.864864864864863847e+01 9.999359902289716162e-01
4.972972972972972627e+01 9.999473403081016176e-01
5.081081081081080697e+01 9.999576639223399788e-01
5.189189189189189477e+01 9.999669273414781845e-01
5.297297297297296836e+01 9.999751002814254441e-01
5.405405405405404906e+01 9.999821560090881301e-01
5.513513513513512976e+01 9.999880714351304656e-01
5.621621621621621756e+01 9.999928271942241098e-01
5.729729729729729115e+01 9.999964077124552375e-01
5.837837837837837185e+01 9.999988012615926847e-01
5.945945945945945965e+01 9.999999999999994449e-01
6.054054054054053324e+01 9.999999999999994449e-01
6.162162162162162815e+01 9.999988012615923516e-01
6.270270270270270174e+01 9.999964077124554596e-01
6.378378378378378244e+01 9.999928271942241098e-01
6.486486486486485603e+01 9.999880714351301325e-01
6.594594594594595094e+01 9.999821560090881301e-01
6.702702702702703164e+01 9.999751002814251111e-01
6.810810810810811233e+01 9.999669273414781845e-01
6.918918918918917882e+01 9.999576639223399788e-01
7.027027027027025952e+01 9.999473403081012846e-01
7.135135135135135442e+01 9.999359902289716162e-01
7.243243243243242091e+01 9.999236507447211153e-01
7.351351351351350161e+01 9.999103621169271872e-01
7.459459459459458230e+01 9.998961676705452328e-01
7.567567567567567721e+01 9.998811136453881199e-01
7.675675675675674370e+01 9.998652490380873781e-01
7.783783783783783861e+01 9.998486254352004776e-01
7.891891891891890509e+01 9.998312968381080079e-01
8.000000000000000000e+01 9.998133194803897617e-01
8.108108108108108070e+01 9.997947516384027011e-01
8.216216216216216139e+01 9.997756534357710168e-01
8.324324324324324209e+01 9.997560866425324599e-01
8.432432432432432279e+01 9.997361144696992330e-01
8.540540540540538927e+01 9.997158013599748427e-01
8.648648648648648418e+01 9.996952127753876427e-01
8.756756756756755067e+01 9.996744149826054526e-01
8.864864864864863137e+01 9.996534748366665557e-01
8.972972972972972627e+01 9.996324595638869104e-01
9.081081081081079276e+01 9.996114365446548966e-01
9.189189189189188767e+01 9.995904730968536711e-01
9.297297297297296836e+01 9.995696362605959173e-01
9.405405405405406327e+01 9.995489925849612156e-01
9.513513513513512976e+01 9.995286079174011684e-01
9.621621621621621046e+01 9.995085471964434420e-01
9.729729729729727694e+01 9.994888742483213351e-01
9.837837837837837185e+01 9.994696515881148491e-01
9.945945945945945255e+01 9.994509402259607045e-01
1.005405405405405475e+02 9.994327994788892999e-01
1.016216216216216139e+02 9.994152867887673430e-01
1.027027027027027088e+02 9.993984575468558562e-01
1.037837837837837895e+02 9.993823649254209851e-01
1.048648648648648560e+02 9.993670597168209380e-01
1.059459459459459367e+02 9.993525901804733991e-01
1.070270270270270032e+02 9.993390018980606859e-01
1.081081081081080981e+02 9.993263376373184848e-01
1.091891891891891788e+02 9.993146372247163622e-01
1.102702702702702595e+02 9.993039374273229303e-01
1.113513513513513402e+02 9.992942718441000238e-01
1.124324324324324351e+02 9.992856708068733607e-01
1.135135135135135016e+02 9.992781612911848521e-01
1.145945945945945823e+02 9.992717668372058659e-01
1.156756756756756630e+02 9.992665074808771974e-01
1.167567567567567437e+02 9.992623996954130838e-01
1.178378378378378386e+02 9.992594563432853905e-01
1.189189189189189193e+02 9.992576866387800072e-01
1.199999999999999858e+02 9.992570961212037250e-01
1.210810810810810665e+02 9.992576866387806733e-01
1.221621621621621330e+02 9.992594563432853905e-01
1.232432432432432563e+02 9.992623996954130838e-01
1.243243243243243228e+02 9.992665074808771974e-01
1.254054054054054035e+02 9.992717668372058659e-01
1.264864864864864700e+02 9.992781612911845190e-01
1.275675675675675649e+02 9.992856708068733607e-01
1.286486486486486456e+02 9.992942718441000238e-01
1.297297297297297121e+02 9.993039374273229303e-01
1.308108108108107785e+02 9.993146372247163622e-01
1.318918918918919019e+02 9.993263376373184848e-01
1.329729729729729684e+02 9.993390018980606859e-01
1.340540540540540633e+02 9.993525901804733991e-01
1.351351351351351298e+02 9.993670597168209380e-01
1.362162162162162247e+02 9.993823649254209851e-01
1.372972972972972912e+02 9.993984575468558562e-01
1.383783783783783576e+02 9.994152867887675651e-01
1.394594594594594525e+02 9.994327994788896330e-01
1.405405405405405190e+02 9.994509402259613706e-01
1.416216216216216139e+02 9.994696515881148491e-01
1.427027027027027088e+02 9.994888742483216681e-01
1.437837837837837753e+02 9.995085471964437751e-01
1.448648648648648418e+02 9.995286079174011684e-01
1.459459459459459367e+02 9.995489925849615487e-01
1.470270270270270032e+02 9.995696362605959173e-01
1.481081081081080981e+02 9.995904730968533380e-01
1.491891891891891646e+02 9.996114365446548966e-01
1.502702702702702879e+02 9.996324595638872434e-01
1.513513513513513544e+02 9.996534748366672218e-01
1.524324324324324209e+02 9.996744149826054526e-01
1.535135135135134874e+02 9.996952127753881978e-01
1.545945945945945823e+02 9.997158013599753978e-01
1.556756756756756772e+02 9.997361144696995661e-01
1.567567567567567437e+02 9.997560866425324599e-01
1.578378378378378102e+02 9.997756534357710168e-01
1.589189189189188767e+02 9.997947516384030342e-01
1.600000000000000000e+02 9.998133194803903168e-01
1.610810810810810665e+02 9.998312968381080079e-01
1.621621621621621614e+02 9.998486254352011438e-01
1.632432432432432279e+02 9.998652490380873781e-01
1.643243243243243228e+02 9.998811136453877868e-01
1.654054054054054177e+02 9.998961676705457879e-01
1.664864864864864842e+02 9.999103621169271872e-01
1.675675675675675507e+02 9.999236507447211153e-01
1.686486486486486456e+02 9.999359902289716162e-01
1.697297297297297121e+02 9.999473403081016176e-01
1.708108108108107785e+02 9.999576639223403118e-01
1.718918918918919019e+02 9.999669273414784065e-01
1.729729729729729684e+02 9.999751002814254441e-01
1.740540540540540349e+02 9.999821560090884631e-01
1.751351351351351013e+02 9.999880714351307986e-01
1.762162162162161962e+02 9.999928271942247759e-01
1.772972972972972627e+02 9.999964077124552375e-01
1.783783783783783861e+02 9.999988012615926847e-01
1.794594594594594525e+02 9.999999999999996669e-01
1.805405405405405190e+02 9.999999999999996669e-01
1.816216216216215855e+02 9.999988012615929067e-01
1.827027027027027088e+02 9.999964077124554596e-01
1.837837837837837753e+02 9.999928271942247759e-01
1.848648648648648702e+02 9.999880714351304656e-01
1.859459459459459367e+02 9.999821560090881301e-01
1.870270270270270316e+02 9.999751002814254441e-01
1.881081081081081265e+02 9.999669273414784065e-01
1.891891891891891930e+02 9.999576639223399788e-01
1.902702702702702595e+02 9.999473403081018397e-01
1.913513513513513544e+02 9.999359902289716162e-01
1.924324324324324209e+02 9.999236507447214484e-01
1.935135135135134874e+02 9.999103621169271872e-01
1.945945945945945539e+02 9.998961676705455659e-01
1.956756756756756488e+02 9.998811136453881199e-01
1.967567567567567437e+02 9.998652490380873781e-01
1.978378378378378102e+02 9.998486254352008107e-01
1.989189189189189051e+02 9.998312968381083410e-01
1.999999999999999716e+02 9.998133194803903168e-01
2.010810810810810949e+02 9.997947516384033673e-01
2.021621621621621614e+02 9.997756534357710168e-01
2.032432432432432279e+02 9.997560866425327930e-01
2.043243243243242944e+02 9.997361144696998991e-01
2.054054054054054177e+02 9.997158013599753978e-01
2.064864864864864842e+02 9.996952127753879758e-01
2.075675675675675791e+02 9.996744149826054526e-01
2.086486486486486456e+02 9.996534748366672218e-01
2.097297297297297121e+02 9.996324595638872434e-01
2.108108108108107785e+02 9.996114365446548966e-01
2.118918918918918735e+02 9.995904730968536711e-01
2.129729729729729399e+02 9.995696362605965835e-01
2.140540540540540064e+02 9.995489925849615487e-01
2.151351351351351298e+02 9.995286079174008353e-01
2.162162162162161962e+02 9.995085471964437751e-01
2.172972972972972627e+02 9.994888742483216681e-01
2.183783783783783576e+02 9.994696515881148491e-01
2.194594594594594525e+02 9.994509402259613706e-01
2.205405405405405190e+02 9.994327994788899661e-01
2.216216216216216139e+02 9.994152867887675651e-01
2.227027027027026804e+02 9.993984575468558562e-01
2.237837837837838038e+02 9.993823649254209851e-01
2.248648648648648702e+02 9.993670597168209380e-01
2.259459459459459367e+02 9.993525901804739542e-01
2.270270270270270032e+02 9.993390018980609080e-01
2.281081081081080981e+02 9.993263376373184848e-01
2.291891891891891646e+02 9.993146372247163622e-01
2.302702702702702311e+02 9.993039374273232633e-01
2.313513513513513260e+02 9.992942718441000238e-01
2.324324324324324209e+02 9.992856708068733607e-01
2.335135135135134874e+02 9.992781612911848521e-01
2.345945945945945823e+02 9.992717668372055329e-01
2.356756756756756772e+02 9.992665074808771974e-01
2.367567567567567153e+02 9.992623996954130838e-01
2.378378378378378386e+02 9.992594563432853905e-01
2.389189189189188767e+02 9.992576866387806733e-01
2.399999999999999716e+02 9.992570961212040581e-01
2.410810810810810949e+02 9.992576866387806733e-01
2.421621621621621330e+02 9.992594563432853905e-01
2.432432432432432279e+02 9.992623996954130838e-01
2.443243243243242659e+02 9.992665074808768644e-01
2.454054054054053893e+02 9.992717668372058659e-01
2.464864864864865126e+02 9.992781612911845190e-01
2.475675675675675507e+02 9.992856708068733607e-01
2.486486486486486456e+02 9.992942718441000238e-01
2.497297297297297121e+02 9.993039374273232633e-01
2.508108108108108070e+02 9.993146372247163622e-01
2.518918918918918735e+02 9.993263376373184848e-01
2.529729729729729399e+02 9.993390018980603529e-01
2.540540540540540349e+02 9.993525901804733991e-01
2.551351351351351298e+02 9.993670597168209380e-01
2.562162162162161962e+02 9.993823649254206520e-01
2.572972972972972912e+02 9.993984575468558562e-01
2.583783783783783861e+02 9.994152867887675651e-01
2.594594594594594241e+02 9.994327994788896330e-01
2.605405405405405190e+02 9.994509402259613706e-01
2.616216216216215571e+02 9.994696515881146270e-01
2.627027027027027088e+02 9.994888742483218902e-01
2.637837837837838038e+02 9.995085471964437751e-01
2.648648648648648418e+02 9.995286079174008353e-01
2.659459459459459367e+02 9.995489925849612156e-01
2.670270270270269748e+02 9.995696362605962504e-01
2.681081081081081265e+02 9.995904730968536711e-01
2.691891891891891646e+02 9.996114365446548966e-01
2.702702702702702595e+02 9.996324595638869104e-01
2.713513513513512976e+02 9.996534748366668888e-01
2.724324324324324493e+02 9.996744149826054526e-01
2.735135135135134874e+02 9.996952127753876427e-01
2.745945945945945823e+02 9.997158013599751758e-01
2.756756756756756204e+02 9.997361144696992330e-01
2.767567567567567153e+02 9.997560866425322379e-01
2.778378378378378670e+02 9.997756534357706837e-01
2.789189189189189051e+02 9.997947516384027011e-01
2.800000000000000000e+02 9.998133194803899837e-01
2.810810810810810381e+02 9.998312968381080079e-01
2.821621621621621330e+02 9.998486254352008107e-01
2.832432432432432279e+02 9.998652490380873781e-01
2.843243243243242659e+02 9.998811136453877868e-01
2.854054054054054177e+02 9.998961676705452328e-01
2.864864864864864558e+02 9.999103621169268541e-01
2.875675675675675507e+02 9.999236507447211153e-01
2.886486486486486456e+02 9.999359902289713942e-01
2.897297297297296836e+02 9.999473403081016176e-01
2.908108108108108354e+02 9.999576639223403118e-01
2.918918918918918735e+02 9.999669273414781845e-01
2.929729729729729684e+02 9.999751002814254441e-01
2.940540540540540064e+02 9.999821560090881301e-01
2.951351351351351013e+02 9.999880714351304656e-01
2.962162162162161962e+02 9.999928271942241098e-01
2.972972972972972912e+02 9.999964077124554596e-01
2.983783783783783292e+02 9.999988012615923516e-01
2.994594594594594241e+02 9.999999999999994449e-01
3.005405405405405759e+02 9.999999999999994449e-01
3.016216216216216139e+02 9.999988012615926847e-01
3.027027027027027088e+02 9.999964077124552375e-01
3.037837837837837469e+02 9.999928271942247759e-01
3.048648648648648418e+02 9.999880714351301325e-01
3.059459459459459367e+02 9.999821560090881301e-01
3.070270270270269748e+02 9.999751002814254441e-01
3.081081081081081265e+02 9.999669273414781845e-01
3.091891891891891646e+02 9.999576639223403118e-01
3.102702702702702595e+02 9.999473403081016176e-01
3.113513513513513544e+02 9.999359902289710611e-01
3.124324324324323925e+02 9.999236507447211153e-01
3.135135135135134874e+02 9.999103621169271872e-01
3.145945945945945823e+02 9.998961676705455659e-01
3.156756756756756204e+02 9.998811136453877868e-01
3.167567567567567153e+02 9.998652490380873781e-01
3.178378378378377533e+02 9.998486254352008107e-01
3.189189189189189051e+02 9.998312968381080079e-01
3.200000000000000000e+02 9.998133194803897617e-01
3.210810810810810381e+02 9.997947516384030342e-01
3.221621621621621330e+02 9.997756534357710168e-01
3.232432432432432847e+02 9.997560866425324599e-01
3.243243243243243228e+02 9.997361144696995661e-01
3.254054054054054177e+02 9.997158013599753978e-01
3.264864864864864558e+02 9.996952127753879758e-01
3.275675675675675507e+02 9.996744149826052306e-01
3.286486486486486456e+02 9.996534748366668888e-01
3.297297297297296836e+02 9.996324595638869104e-01
3.308108108108108354e+02 9.996114365446548966e-01
3.318918918918918735e+02 9.995904730968533380e-01
3.329729729729729684e+02 9.995696362605962504e-01
3.340540540540540633e+02 9.995489925849615487e-01
3.351351351351351013e+02 9.995286079174011684e-01
3.362162162162162531e+02 9.995085471964437751e-01
3.372972972972972912e+02 9.994888742483218902e-01
3.383783783783783861e+02 9.994696515881148491e-01
3.394594594594594241e+02 9.994509402259613706e-01
3.405405405405405190e+02 9.994327994788899661e-01
3.416216216216215571e+02 9.994152867887675651e-01
3.427027027027026520e+02 9.993984575468558562e-01
3.437837837837838038e+02 9.993823649254209851e-01
3.448648648648648418e+02 9.993670597168209380e-01
3.459459459459459367e+02 9.993525901804733991e-01
3.470270270270269748e+02 9.993390018980606859e-01
3.481081081081080697e+02 9.993263376373184848e-01
3.491891891891891078e+02 9.993146372247163622e-01
3.502702702702702027e+02 9.993039374273232633e-01
3.513513513513513544e+02 9.992942718441000238e-01
3.524324324324323925e+02 9.992856708068730276e-01
3.535135135135134874e+02 9.992781612911850742e-01
3.545945945945945255e+02 9.992717668372058659e-01
3.556756756756756204e+02 9.992665074808774195e-01
3.567567567567567721e+02 9.992623996954130838e-01
3.578378378378378102e+02 9.992594563432853905e-01
3.589189189189189051e+02 9.992576866387806733e-01
3.600000000000000000e+02 9.992570961212040581e-01
3.610810810810810381e+02 9.992576866387806733e-01
3.621621621621621330e+02 9.992594563432853905e-01
3.632432432432431710e+02 9.992623996954130838e-01
3.643243243243243228e+02 9.992665074808771974e-01
3.654054054054054177e+02 9.992717668372058659e-01
3.664864864864864558e+02 9.992781612911850742e-01
3.675675675675675507e+02 9.992856708068733607e-01
3.686486486486485887e+02 9.992942718441002459e-01
3.697297297297297405e+02 9.993039374273232633e-01
3.708108108108108354e+02 9.993146372247163622e-01
3.718918918918918735e+02 9.993263376373184848e-01
3.729729729729729684e+02 9.993390018980606859e-01
3.740540540540540633e+02 9.993525901804733991e-01
3.751351351351351013e+02 9.993670597168212710e-01
3.762162162162162531e+02 9.993823649254209851e-01
3.772972972972972912e+02 9.993984575468558562e-01
3.783783783783783861e+02 9.994152867887675651e-01
3.794594594594594241e+02 9.994327994788896330e-01
3.805405405405405190e+02 9.994509402259613706e-01
3.816216216216215571e+02 9.994696515881148491e-01
3.827027027027027088e+02 9.994888742483216681e-01
3.837837837837837469e+02 9.995085471964437751e-01
3.848648648648648418e+02 9.995286079174011684e-01
3.859459459459458799e+02 9.995489925849615487e-01
3.870270270270269748e+02 9.995696362605959173e-01
3.881081081081080697e+02 9.995904730968536711e-01
3.891891891891891078e+02 9.996114365446548966e-01
3.902702702702702595e+02 9.996324595638872434e-01
3.913513513513512976e+02 9.996534748366668888e-01
3.924324324324323925e+02 9.996744149826054526e-01
3.935135135135134874e+02 9.996952127753879758e-01
3.945945945945945255e+02 9.997158013599753978e-01
3.956756756756756204e+02 9.997361144696995661e-01
3.967567567567567721e+02 9.997560866425327930e-01
3.978378378378378102e+02 9.997756534357710168e-01
3.989189189189189051e+02 9.997947516384030342e-01
3.999999999999999432e+02 9.998133194803897617e-01
4.010810810810810381e+02 9.998312968381080079e-01
4.021621621621621898e+02 9.998486254352008107e-01
4.032432432432432279e+02 9.998652490380873781e-01
4.043243243243243228e+02 9.998811136453877868e-01
4.054054054054053609e+02 9.998961676705457879e-01
4.064864864864864558e+02 9.999103621169271872e-01
4.075675675675675507e+02 9.999236507447211153e-01
4.086486486486485887e+02 9.999359902289713942e-01
4.097297297297297405e+02 9.999473403081016176e-01
4.108108108108108354e+02 9.999576639223403118e-01
4.118918918918918735e+02 9.999669273414781845e-01
4.129729729729729684e+02 9.999751002814254441e-01
4.140540540540540064e+02 9.999821560090881301e-01
4.151351351351351582e+02 9.999880714351301325e-01
4.162162162162162531e+02 9.999928271942244429e-01
4.172972972972972912e+02 9.999964077124552375e-01
4.183783783783783861e+02 9.999988012615926847e-01
4.194594594594594241e+02 9.999999999999994449e-01
4.205405405405405190e+02 9.999999999999994449e-01
4.216216216216215571e+02 9.999988012615923516e-01
4.227027027027027088e+02 9.999964077124552375e-01
4.237837837837837469e+02 9.999928271942244429e-01
4.248648648648648418e+02 9.999880714351301325e-01
4.259459459459458799e+02 9.999821560090881301e-01
4.270270270270269748e+02 9.999751002814251111e-01
4.281081081081080129e+02 9.999669273414781845e-01
4.291891891891891646e+02 9.999576639223399788e-01
4.302702702702702595e+02 9.999473403081016176e-01
4.313513513513512976e+02 9.999359902289713942e-01
4.324324324324323925e+02 9.999236507447207822e-01
4.335135135135134306e+02 9.999103621169268541e-01
4.345945945945945255e+02 9.998961676705455659e-01
4.356756756756756772e+02 9.998811136453877868e-01
4.367567567567567153e+02 9.998652490380873781e-01
4.378378378378378102e+02 9.998486254352004776e-01
4.389189189189189051e+02 9.998312968381080079e-01
4.399999999999999432e+02 9.998133194803897617e-01
4.410810810810810381e+02 9.997947516384030342e-01
4.421621621621620761e+02 9.997756534357710168e-01
4.432432432432432279e+02 9.997560866425324599e-01
4.443243243243243228e+02 9.997361144696995661e-01
4.454054054054053609e+02 9.997158013599753978e-01
4.464864864864864558e+02 9.996952127753876427e-01
4.475675675675676075e+02 9.996744149826052306e-01
4.486486486486486456e+02 9.996534748366668888e-01
4.497297297297297405e+02 9.996324595638866883e-01
4.508108108108107785e+02 9.996114365446548966e-01
4.518918918918918735e+02 9.995904730968536711e-01
4.529729729729729684e+02 9.995696362605959173e-01
4.540540540540540064e+02 9.995489925849615487e-01
4.551351351351351582e+02 9.995286079174011684e-01
4.562162162162161962e+02 9.995085471964437751e-01
4.572972972972972912e+02 9.994888742483216681e-01
4.583783783783783292e+02 9.994696515881148491e-01
4.594594594594594241e+02 9.994509402259613706e-01
4.605405405405404622e+02 9.994327994788896330e-01
4.616216216216216139e+02 9.994152867887675651e-01
4.627027027027026520e+02 9.993984575468561893e-01
4.637837837837837469e+02 9.993823649254206520e-01
4.648648648648648418e+02 9.993670597168209380e-01
4.659459459459458799e+02 9.993525901804733991e-01
4.670270270270269748e+02 9.993390018980606859e-01
4.681081081081081265e+02 9.993263376373184848e-01
4.691891891891891646e+02 9.993146372247163622e-01
4.702702702702702027e+02 9.993039374273232633e-01
4.713513513513513544e+02 9.992942718441000238e-01
4.724324324324323925e+02 9.992856708068726945e-01
4.735135135135134306e+02 9.992781612911845190e-01
4.745945945945944686e+02 9.992717668372058659e-01
4.756756756756756772e+02 9.992665074808771974e-01
4.767567567567567153e+02 9.992623996954125287e-01
4.778378378378377533e+02 9.992594563432853905e-01
4.789189189189189051e+02 9.992576866387803403e-01
4.799999999999999432e+02 9.992570961212040581e-01
4.810810810810809812e+02 9.992576866387806733e-01
4.821621621621621898e+02 9.992594563432853905e-01
4.832432432432432279e+02 9.992623996954130838e-01
4.843243243243242659e+02 9.992665074808771974e-01
4.854054054054054177e+02 9.992717668372055329e-01
4.864864864864864558e+02 9.992781612911850742e-01
4.875675675675674938e+02 9.992856708068733607e-01
4.886486486486485319e+02 9.992942718441000238e-01
4.897297297297297405e+02 9.993039374273232633e-01
4.908108108108107785e+02 9.993146372247163622e-01
4.918918918918918166e+02 9.993263376373184848e-01
4.929729729729730252e+02 9.993390018980606859e-01
4.940540540540540633e+02 9.993525901804739542e-01
4.951351351351351013e+02 9.993670597168209380e-01
4.962162162162161962e+02 9.993823649254209851e-01
4.972972972972972912e+02 9.993984575468558562e-01
4.983783783783783292e+02 9.994152867887675651e-01
4.994594594594594241e+02 9.994327994788896330e-01
5.005405405405404622e+02 9.994509402259613706e-01
5.016216216216216139e+02 9.994696515881148491e-01
5.027027027027026520e+02 9.994888742483216681e-01
5.037837837837837469e+02 9.995085471964441082e-01
5.048648648648647850e+02 9.995286079174011684e-01
5.059459459459458799e+02 9.995489925849615487e-01
5.070270270270270316e+02 9.995696362605959173e-01
5.081081081081080697e+02 9.995904730968533380e-01
5.091891891891891646e+02 9.996114365446554517e-01
5.102702702702702595e+02 9.996324595638872434e-01
5.113513513513512976e+02 9.996534748366674439e-01
5.124324324324323925e+02 9.996744149826054526e-01
5.135135135135135442e+02 9.996952127753879758e-01
5.145945945945945823e+02 9.997158013599753978e-01
5.156756756756756204e+02 9.997361144696995661e-01
5.167567567567567721e+02 9.997560866425331261e-01
5.178378378378378102e+02 9.997756534357712388e-01
5.189189189189188482e+02 9.997947516384030342e-01
5.199999999999998863e+02 9.998133194803897617e-01
5.210810810810810381e+02 9.998312968381080079e-01
5.221621621621620761e+02 9.998486254352011438e-01
5.232432432432431142e+02 9.998652490380877111e-01
5.243243243243243796e+02 9.998811136453877868e-01
5.254054054054054177e+02 9.998961676705457879e-01
5.264864864864864558e+02 9.999103621169274092e-01
5.275675675675676075e+02 9.999236507447211153e-01
5.286486486486486456e+02 9.999359902289713942e-01
5.297297297297296836e+02 9.999473403081018397e-01
5.308108108108108354e+02 9.999576639223403118e-01
5.318918918918918735e+02 9.999669273414781845e-01
5.329729729729729115e+02 9.999751002814256662e-01
5.340540540540539496e+02 9.999821560090881301e-01
5.351351351351351013e+02 9.999880714351304656e-01
5.362162162162162531e+02 9.999928271942247759e-01
5.372972972972972912e+02 9.999964077124552375e-01
5.383783783783783292e+02 9.999988012615926847e-01
5.394594594594594810e+02 9.999999999999996669e-01
5.405405405405405190e+02 9.999999999999994449e-01
5.416216216216215571e+02 9.999988012615929067e-01
5.427027027027025952e+02 9.999964077124554596e-01
5.437837837837837469e+02 9.999928271942247759e-01
5.448648648648648987e+02 9.999880714351307986e-01
5.459459459459459367e+02 9.999821560090884631e-01
5.470270270270269748e+02 9.999751002814254441e-01
5.481081081081080129e+02 9.999669273414781845e-01
5.491891891891891646e+02 9.999576639223405339e-01
5.502702702702702027e+02 9.999473403081018397e-01
5.513513513513512407e+02 9.999359902289713942e-01
5.524324324324323925e+02 9.999236507447211153e-01
5.535135135135134306e+02 9.999103621169274092e-01
5.545945945945944686e+02 9.998961676705455659e-01
5.556756756756757341e+02 9.998811136453881199e-01
5.567567567567567721e+02 9.998652490380873781e-01
5.578378378378378102e+02 9.998486254352008107e-01
5.589189189189189619e+02 9.998312968381086741e-01
5.600000000000000000e+02 9.998133194803905388e-01
5.610810810810810381e+02 9.997947516384027011e-01
5.621621621621620761e+02 9.997756534357710168e-01
5.632432432432432279e+02 9.997560866425324599e-01
5.643243243243242659e+02 9.997361144696995661e-01
5.654054054054053040e+02 9.997158013599753978e-01
5.664864864864864558e+02 9.996952127753879758e-01
5.675675675675674938e+02 9.996744149826054526e-01
5.686486486486485319e+02 9.996534748366674439e-01
5.697297297297297973e+02 9.996324595638872434e-01
5.708108108108108354e+02 9.996114365446548966e-01
5.718918918918918735e+02 9.995904730968538932e-01
5.729729729729729115e+02 9.995696362605962504e-01
5.740540540540540633e+02 9.995489925849617707e-01
5.751351351351351013e+02 9.995286079174011684e-01
5.762162162162161394e+02 9.995085471964437751e-01
5.772972972972972912e+02 9.994888742483216681e-01
5.783783783783783292e+02 9.994696515881148491e-01
5.794594594594593673e+02 9.994509402259613706e-01
5.805405405405405190e+02 9.994327994788896330e-01
5.816216216216216708e+02 9.994152867887675651e-01
5.827027027027027088e+02 9.993984575468561893e-01
5.837837837837837469e+02 9.993823649254209851e-01
5.848648648648647850e+02 9.993670597168209380e-01
5.859459459459459367e+02 9.993525901804739542e-01
5.870270270270269748e+02 9.993390018980606859e-01
5.881081081081080129e+02 9.993263376373184848e-01
5.891891891891890509e+02 9.993146372247163622e-01
5.902702702702702027e+02 9.993039374273232633e-01
5.913513513513513544e+02 9.992942718440996908e-01
5.924324324324323925e+02 9.992856708068733607e-01
5.935135135135134306e+02 9.992781612911848521e-01
5.945945945945945823e+02 9.992717668372058659e-01
5.956756756756756204e+02 9.992665074808771974e-01
5.967567567567566584e+02 9.992623996954130838e-01
5.978378378378378102e+02 9.992594563432853905e-01
5.989189189189188482e+02 9.992576866387806733e-01
5.999999999999998863e+02 9.992570961212040581e-01
6.010810810810811518e+02 9.992576866387806733e-01
6.021621621621621898e+02 9.992594563432853905e-01
6.032432432432432279e+02 9.992623996954130838e-01
6.043243243243243796e+02 9.992665074808768644e-01
6.054054054054054177e+02 9.992717668372055329e-01
6.064864864864864558e+02 9.992781612911848521e-01
6.075675675675674938e+02 9.992856708068733607e-01
6.086486486486486456e+02 9.992942718441000238e-01
6.097297297297296836e+02 9.993039374273225972e-01
6.108108108108107217e+02 9.993146372247160292e-01
6.118918918918918735e+02 9.993263376373184848e-01
6.129729729729729115e+02 9.993390018980606859e-01
6.140540540540539496e+02 9.993525901804733991e-01
6.151351351351351013e+02 9.993670597168209380e-01
6.162162162162162531e+02 9.993823649254209851e-01
6.172972972972972912e+02 9.993984575468558562e-01
6.183783783783783292e+02 9.994152867887675651e-01
6.194594594594593673e+02 9.994327994788896330e-01
6.205405405405405190e+02 9.994509402259613706e-01
6.216216216216215571e+02 9.994696515881146270e-01
6.227027027027027088e+02 9.994888742483216681e-01
6.237837837837837469e+02 9.995085471964434420e-01
6.248648648648647850e+02 9.995286079174008353e-01
6.259459459459459367e+02 9.995489925849612156e-01
6.270270270270269748e+02 9.995696362605962504e-01
6.281081081081080129e+02 9.995904730968533380e-01
6.291891891891891646e+02 9.996114365446548966e-01
6.302702702702702027e+02 9.996324595638869104e-01
6.313513513513512407e+02 9.996534748366665557e-01
6.324324324324323925e+02 9.996744149826052306e-01
6.335135135135134306e+02 9.996952127753876427e-01
6.345945945945944686e+02 9.997158013599753978e-01
6.356756756756755067e+02 9.997361144696995661e-01
6.367567567567567721e+02 9.997560866425324599e-01
6.378378378378378102e+02 9.997756534357706837e-01
6.389189189189188482e+02 9.997947516384027011e-01
6.400000000000000000e+02 9.998133194803899837e-01
6.410810810810810381e+02 9.998312968381080079e-01
6.421621621621620761e+02 9.998486254352008107e-01
6.432432432432432279e+02 9.998652490380873781e-01
6.443243243243242659e+02 9.998811136453877868e-01
6.454054054054053040e+02 9.998961676705455659e-01
6.464864864864865694e+02 9.999103621169268541e-01
6.475675675675676075e+02 9.999236507447207822e-01
6.486486486486486456e+02 9.999359902289710611e-01
6.497297297297296836e+02 9.999473403081016176e-01
6.508108108108108354e+02 9.999576639223403118e-01
6.518918918918918735e+02 9.999669273414778514e-01
6.529729729729729115e+02 9.999751002814254441e-01
6.540540540540540633e+02 9.999821560090881301e-01
6.551351351351351013e+02 9.999880714351304656e-01
6.562162162162161394e+02 9.999928271942244429e-01
6.572972972972972912e+02 9.999964077124552375e-01
6.583783783783783292e+02 9.999988012615926847e-01
6.594594594594593673e+02 9.999999999999991118e-01
6.605405405405406327e+02 9.999999999999994449e-01
6.616216216216216708e+02 9.999988012615926847e-01
6.627027027027027088e+02 9.999964077124552375e-01
6.637837837837837469e+02 9.999928271942244429e-01
6.648648648648648987e+02 9.999880714351304656e-01
6.659459459459459367e+02 9.999821560090881301e-01
6.670270270270269748e+02 9.999751002814254441e-01
6.681081081081081265e+02 9.999669273414781845e-01
6.691891891891891646e+02 9.999576639223403118e-01
6.702702702702702027e+02 9.999473403081016176e-01
6.713513513513514681e+02 9.999359902289713942e-01
6.724324324324325062e+02 9.999236507447211153e-01
6.735135135135135442e+02 9.999103621169271872e-01
6.745945945945945823e+02 9.998961676705452328e-01
6.756756756756757341e+02 9.998811136453881199e-01
6.767567567567567721e+02 9.998652490380873781e-01
6.778378378378378102e+02 9.998486254352008107e-01
6.789189189189188482e+02 9.998312968381080079e-01
6.800000000000000000e+02 9.998133194803897617e-01
6.810810810810810381e+02 9.997947516384030342e-01
6.821621621621620761e+02 9.997756534357710168e-01
6.832432432432431142e+02 9.997560866425324599e-01
6.843243243243242659e+02 9.997361144696995661e-01
6.854054054054053040e+02 9.997158013599753978e-01
6.864864864864863421e+02 9.996952127753879758e-01
6.875675675675676075e+02 9.996744149826054526e-01
6.886486486486486456e+02 9.996534748366668888e-01
6.897297297297296836e+02 9.996324595638872434e-01
6.908108108108107217e+02 9.996114365446548966e-01
6.918918918918918735e+02 9.995904730968536711e-01
6.929729729729729115e+02 9.995696362605962504e-01
6.940540540540539496e+02 9.995489925849615487e-01
6.951351351351349876e+02 9.995286079174013905e-01
6.962162162162161394e+02 9.995085471964437751e-01
6.972972972972971775e+02 9.994888742483216681e-01
6.983783783783782155e+02 9.994696515881148491e-01
6.994594594594593673e+02 9.994509402259613706e-01
7.005405405405404053e+02 9.994327994788896330e-01
7.016216216216214434e+02 9.994152867887675651e-01
7.027027027027027088e+02 9.993984575468558562e-01
7.037837837837837469e+02 9.993823649254209851e-01
7.048648648648647850e+02 9.993670597168212710e-01
7.059459459459459367e+02 9.993525901804733991e-01
7.070270270270269748e+02 9.993390018980606859e-01
7.081081081081080129e+02 9.993263376373184848e-01
7.091891891891890509e+02 9.993146372247166953e-01
7.102702702702702027e+02 9.993039374273232633e-01
7.113513513513512407e+02 9.992942718441002459e-01
7.124324324324322788e+02 9.992856708068733607e-01
7.135135135135135442e+02 9.992781612911848521e-01
7.145945945945945823e+02 9.992717668372058659e-01
7.156756756756756204e+02 9.992665074808771974e-01
7.167567567567567721e+02 9.992623996954130838e-01
7.178378378378378102e+02 9.992594563432856125e-01
7.189189189189188482e+02 9.992576866387803403e-01
7.200000000000000000e+02 9.992570961212042802e-01
7.210810810810810381e+02 9.992576866387806733e-01
7.221621621621620761e+02 9.992594563432856125e-01
7.232432432432431142e+02 9.992623996954130838e-01
7.243243243243242659e+02 9.992665074808771974e-01
7.254054054054053040e+02 9.992717668372060880e-01
7.264864864864863421e+02 9.992781612911850742e-01
7.275675675675676075e+02 9.992856708068733607e-01
7.286486486486486456e+02 9.992942718441000238e-01
7.297297297297296836e+02 9.993039374273232633e-01
7.308108108108108354e+02 9.993146372247163622e-01
7.318918918918918735e+02 9.993263376373184848e-01
7.329729729729729115e+02 9.993390018980609080e-01
7.340540540540540633e+02 9.993525901804739542e-01
7.351351351351351013e+02 9.993670597168212710e-01
7.362162162162161394e+02 9.993823649254212071e-01
7.372972972972971775e+02 9.993984575468556342e-01
7.383783783783784429e+02 9.994152867887675651e-01
7.394594594594594810e+02 9.994327994788896330e-01
7.405405405405405190e+02 9.994509402259613706e-01
7.416216216216216708e+02 9.994696515881148491e-01
7.427027027027027088e+02 9.994888742483216681e-01
7.437837837837837469e+02 9.995085471964437751e-01
7.448648648648648987e+02 9.995286079174013905e-01
7.459459459459459367e+02 9.995489925849615487e-01
7.470270270270269748e+02 9.995696362605962504e-01
7.481081081081081265e+02 9.995904730968536711e-01
7.491891891891891646e+02 9.996114365446548966e-01
7.502702702702702027e+02 9.996324595638875765e-01
7.513513513513512407e+02 9.996534748366668888e-01
7.524324324324325062e+02 9.996744149826054526e-01
7.535135135135135442e+02 9.996952127753879758e-01
7.545945945945945823e+02 9.997158013599753978e-01
7.556756756756756204e+02 9.997361144696995661e-01
7.567567567567567721e+02 9.997560866425324599e-01
7.578378378378378102e+02 9.997756534357710168e-01
7.589189189189188482e+02 9.997947516384030342e-01
7.600000000000000000e+02 9.998133194803897617e-01
7.610810810810810381e+02 9.998312968381080079e-01
7.621621621621620761e+02 9.998486254352008107e-01
7.632432432432431142e+02 9.998652490380873781e-01
7.643243243243243796e+02 9.998811136453877868e-01
7.654054054054054177e+02 9.998961676705455659e-01
7.664864864864864558e+02 9.999103621169271872e-01
7.675675675675674938e+02 9.999236507447211153e-01
7.686486486486486456e+02 9.999359902289713942e-01
7.697297297297296836e+02 9.999473403081016176e-01
7.708108108108107217e+02 9.999576639223399788e-01
7.718918918918917598e+02 9.999669273414781845e-01
7.729729729729729115e+02 9.999751002814254441e-01
7.740540540540539496e+02 9.999821560090881301e-01
7.751351351351349876e+02 9.999880714351304656e-01
7.762162162162161394e+02 9.999928271942244429e-01
7.772972972972971775e+02 9.999964077124552375e-01
7.783783783783782155e+02 9.999988012615926847e-01
7.794594594594592536e+02 9.999999999999994449e-01
7.805405405405405190e+02 9.999999999999994449e-01
7.816216216216215571e+02 9.999988012615923516e-01
7.827027027027025952e+02 9.999964077124552375e-01
7.837837837837837469e+02 9.999928271942247759e-01
7.848648648648647850e+02 9.999880714351307986e-01
7.859459459459458230e+02 9.999821560090881301e-01
7.870270270270269748e+02 9.999751002814254441e-01
7.881081081081080129e+02 9.999669273414781845e-01
7.891891891891890509e+02 9.999576639223399788e-01
7.902702702702702027e+02 9.999473403081012846e-01
7.913513513513512407e+02 9.999359902289716162e-01
7.924324324324322788e+02 9.999236507447211153e-01
7.935135135135135442e+02 9.999103621169271872e-01
7.945945945945945823e+02 9.998961676705455659e-01
7.956756756756756204e+02 9.998811136453877868e-01
7.967567567567566584e+02 9.998652490380871560e-01
7.978378378378378102e+02 9.998486254352008107e-01
7.989189189189188482e+02 9.998312968381077859e-01
7.999999999999998863e+02 9.998133194803897617e-01
8.010810810810810381e+02 9.997947516384030342e-01
8.021621621621620761e+02 9.997756534357706837e-01
8.032432432432431142e+02 9.997560866425324599e-01
8.043243243243243796e+02 9.997361144696995661e-01
8.054054054054054177e+02 9.997158013599753978e-01
8.064864864864864558e+02 9.996952127753879758e-01
8.075675675675676075e+02 9.996744149826048975e-01
8.086486486486486456e+02 9.996534748366668888e-01
8.097297297297296836e+02 9.996324595638869104e-01
8.108108108108107217e+02 9.996114365446545635e-01
8.118918918918918735e+02 9.995904730968536711e-01
8.129729729729729115e+02 9.995696362605959173e-01
8.140540540540539496e+02 9.995489925849615487e-01
8.151351351351351013e+02 9.995286079174011684e-01
8.162162162162161394e+02 9.995085471964434420e-01
8.172972972972971775e+02 9.994888742483213351e-01
8.183783783783784429e+02 9.994696515881148491e-01
8.194594594594594810e+02 9.994509402259607045e-01
8.205405405405405190e+02 9.994327994788892999e-01
8.216216216216216708e+02 9.994152867887673430e-01
8.227027027027027088e+02 9.993984575468558562e-01
8.237837837837837469e+02 9.993823649254209851e-01
8.248648648648647850e+02 9.993670597168206049e-01
8.259459459459459367e+02 9.993525901804733991e-01
8.270270270270269748e+02 9.993390018980606859e-01
8.281081081081080129e+02 9.993263376373184848e-01
8.291891891891892783e+02 9.993146372247163622e-01
8.302702702702703164e+02 9.993039374273225972e-01
8.313513513513513544e+02 9.992942718441000238e-01
8.324324324324325062e+02 9.992856708068726945e-01
8.335135135135135442e+02 9.992781612911848521e-01
8.345945945945945823e+02 9.992717668372058659e-01
8.356756756756756204e+02 9.992665074808771974e-01
8.367567567567567721e+02 9.992623996954125287e-01
8.378378378378378102e+02 9.992594563432853905e-01
8.389189189189188482e+02 9.992576866387803403e-01
8.399999999999998863e+02 9.992570961212040581e-01
8.410810810810810381e+02 9.992576866387800072e-01
8.421621621621620761e+02 9.992594563432853905e-01
8.432432432432431142e+02 9.992623996954130838e-01
8.443243243243241523e+02 9.992665074808771974e-01
8.454054054054054177e+02 9.992717668372058659e-01
8.464864864864864558e+02 9.992781612911848521e-01
8.475675675675674938e+02 9.992856708068733607e-01
8.486486486486485319e+02 9.992942718441000238e-01
8.497297297297296836e+02 9.993039374273232633e-01
8.508108108108107217e+02 9.993146372247163622e-01
8.518918918918917598e+02 9.993263376373184848e-01
8.529729729729727978e+02 9.993390018980606859e-01
8.540540540540539496e+02 9.993525901804733991e-01
8.551351351351349876e+02 9.993670597168209380e-01
8.562162162162160257e+02 9.993823649254209851e-01
8.572972972972972912e+02 9.993984575468561893e-01
8.583783783783783292e+02 9.994152867887675651e-01
8.594594594594593673e+02 9.994327994788896330e-01
8.605405405405405190e+02 9.994509402259610376e-01
8.616216216216215571e+02 9.994696515881148491e-01
8.627027027027025952e+02 9.994888742483218902e-01
8.637837837837837469e+02 9.995085471964437751e-01
8.648648648648647850e+02 9.995286079174011684e-01
8.659459459459458230e+02 9.995489925849615487e-01
8.670270270270268611e+02 9.995696362605962504e-01
8.681081081081080129e+02 9.995904730968538932e-01
8.691891891891890509e+02 9.996114365446548966e-01
8.702702702702700890e+02 9.996324595638875765e-01
8.713513513513513544e+02 9.996534748366668888e-01
8.724324324324323925e+02 9.996744149826054526e-01
8.735135135135134306e+02 9.996952127753879758e-01
8.745945945945945823e+02 9.997158013599753978e-01
8.756756756756756204e+02 9.997361144696995661e-01
8.767567567567566584e+02 9.997560866425324599e-01
8.778378378378378102e+02 9.997756534357710168e-01
8.789189189189188482e+02 9.997947516384030342e-01
8.799999999999998863e+02 9.998133194803903168e-01
8.810810810810810381e+02 9.998312968381080079e-01
8.821621621621620761e+02 9.998486254352008107e-01
8.832432432432431142e+02 9.998652490380877111e-01
8.843243243243241523e+02 9.998811136453881199e-01
8.854054054054054177e+02 9.998961676705455659e-01
8.864864864864864558e+02 9.999103621169274092e-01
8.875675675675674938e+02 9.999236507447214484e-01
8.886486486486486456e+02 9.999359902289716162e-01
8.897297297297296836e+02 9.999473403081016176e-01
8.908108108108107217e+02 9.999576639223399788e-01
8.918918918918918735e+02 9.999669273414781845e-01
8.929729729729729115e+02 9.999751002814254441e-01
8.940540540540539496e+02 9.999821560090881301e-01
8.951351351351352150e+02 9.999880714351304656e-01
8.962162162162162531e+02 9.999928271942247759e-01
8.972972972972972912e+02 9.999964077124552375e-01
8.983783783783783292e+02 9.999988012615926847e-01
8.994594594594594810e+02 1.000000000000000000e+00
9.005405405405405190e+02 9.999999999999994449e-01
9.016216216216215571e+02 9.999988012615929067e-01
9.027027027027027088e+02 9.999964077124554596e-01
9.037837837837837469e+02 9.999928271942247759e-01
9.048648648648647850e+02 9.999880714351307986e-01
9.059459459459459367e+02 9.999821560090884631e-01
9.070270270270269748e+02 9.999751002814256662e-01
9.081081081081080129e+02 9.999669273414781845e-01
9.091891891891892783e+02 9.999576639223403118e-01
9.102702702702703164e+02 9.999473403081016176e-01
9.113513513513513544e+02 9.999359902289713942e-01
9.124324324324323925e+02 9.999236507447214484e-01
9.135135135135135442e+02 9.999103621169271872e-01
9.145945945945945823e+02 9.998961676705457879e-01
9.156756756756756204e+02 9.998811136453877868e-01
9.167567567567566584e+02 9.998652490380873781e-01
9.178378378378376965e+02 9.998486254352008107e-01
9.189189189189188482e+02 9.998312968381080079e-01
9.199999999999998863e+02 9.998133194803897617e-01
9.210810810810809244e+02 9.997947516384030342e-01
9.221621621621621898e+02 9.997756534357710168e-01
9.232432432432432279e+02 9.997560866425324599e-01
9.243243243243242659e+02 9.997361144696995661e-01
9.254054054054053040e+02 9.997158013599753978e-01
9.264864864864864558e+02 9.996952127753879758e-01
9.275675675675674938e+02 9.996744149826052306e-01
9.286486486486485319e+02 9.996534748366672218e-01
9.297297297297296836e+02 9.996324595638872434e-01
9.308108108108107217e+02 9.996114365446548966e-01
9.318918918918917598e+02 9.995904730968536711e-01
9.329729729729729115e+02 9.995696362605965835e-01
9.340540540540539496e+02 9.995489925849615487e-01
9.351351351351349876e+02 9.995286079174011684e-01
9.362162162162162531e+02 9.995085471964437751e-01
9.372972972972970638e+02 9.994888742483218902e-01
9.383783783783783292e+02 9.994696515881148491e-01
9.394594594594594810e+02 9.994509402259613706e-01
9.405405405405404053e+02 9.994327994788896330e-01
9.416216216216215571e+02 9.994152867887675651e-01
9.427027027027027088e+02 9.993984575468561893e-01
9.437837837837836332e+02 9.993823649254209851e-01
9.448648648648647850e+02 9.993670597168209380e-01
9.459459459459460504e+02 9.993525901804739542e-01
9.470270270270268611e+02 9.993390018980606859e-01
9.481081081081081265e+02 9.993263376373181517e-01
9.491891891891889372e+02 9.993146372247160292e-01
9.502702702702702027e+02 9.993039374273232633e-01
9.513513513513513544e+02 9.992942718441000238e-01
9.524324324324322788e+02 9.992856708068733607e-01
9.535135135135134306e+02 9.992781612911850742e-01
9.545945945945945823e+02 9.992717668372058659e-01
9.556756756756755067e+02 9.992665074808771974e-01
9.567567567567566584e+02 9.992623996954130838e-01
9.578378378378378102e+02 9.992594563432853905e-01
9.589189189189187346e+02 9.992576866387806733e-01
9.599999999999998863e+02 9.992570961212037250e-01
9.610810810810811518e+02 9.992576866387800072e-01
9.621621621621619624e+02 9.992594563432853905e-01
9.632432432432432279e+02 9.992623996954130838e-01
9.643243243243243796e+02 9.992665074808771974e-01
9.654054054054053040e+02 9.992717668372055329e-01
9.664864864864864558e+02 9.992781612911850742e-01
9.675675675675676075e+02 9.992856708068733607e-01
9.686486486486485319e+02 9.992942718440996908e-01
9.697297297297296836e+02 9.993039374273225972e-01
9.708108108108108354e+02 9.993146372247163622e-01
9.718918918918917598e+02 9.993263376373184848e-01
9.729729729729729115e+02 9.993390018980603529e-01
9.740540540540541770e+02 9.993525901804733991e-01
9.751351351351349876e+02 9.993670597168209380e-01
9.762162162162162531e+02 9.993823649254209851e-01
9.772972972972970638e+02 9.993984575468556342e-01
9.783783783783783292e+02 9.994152867887673430e-01
9.794594594594594810e+02 9.994327994788896330e-01
9.805405405405404053e+02 9.994509402259610376e-01
9.816216216216215571e+02 9.994696515881146270e-01
9.827027027027027088e+02 9.994888742483213351e-01
9.837837837837836332e+02 9.995085471964437751e-01
9.848648648648647850e+02 9.995286079174011684e-01
9.859459459459460504e+02 9.995489925849612156e-01
9.870270270270268611e+02 9.995696362605962504e-01
9.881081081081081265e+02 9.995904730968536711e-01
9.891891891891891646e+02 9.996114365446548966e-01
9.902702702702702027e+02 9.996324595638872434e-01
9.913513513513513544e+02 9.996534748366665557e-01
9.924324324324323925e+02 9.996744149826054526e-01
9.935135135135134306e+02 9.996952127753876427e-01
9.945945945945945823e+02 9.997158013599753978e-01
9.956756756756756204e+02 9.997361144696992330e-01
9.967567567567566584e+02 9.997560866425324599e-01
9.978378378378376965e+02 9.997756534357706837e-01
9.989189189189188482e+02 9.997947516384027011e-01
9.999999999999998863e+02 9.998133194803897617e-01
1.001081081081080924e+03 9.998312968381080079e-01
1.002162162162162190e+03 9.998486254352008107e-01
1.003243243243243228e+03 9.998652490380873781e-01
1.004324324324324266e+03 9.998811136453877868e-01
1.005405405405405304e+03 9.998961676705457879e-01
1.006486486486486456e+03 9.999103621169271872e-01
1.007567567567567494e+03 9.999236507447207822e-01
1.008648648648648532e+03 9.999359902289710611e-01
1.009729729729729570e+03 9.999473403081016176e-01
1.010810810810810722e+03 9.999576639223403118e-01
1.011891891891891760e+03 9.999669273414778514e-01
1.012972972972972798e+03 9.999751002814254441e-01
1.014054054054054063e+03 9.999821560090881301e-01
1.015135135135135101e+03 9.999880714351301325e-01
1.016216216216216139e+03 9.999928271942244429e-01
1.017297297297297291e+03 9.999964077124552375e-01
1.018378378378378329e+03 9.999988012615926847e-01
1.019459459459459367e+03 9.999999999999991118e-01
1.020540540540540519e+03 9.999999999999994449e-01
1.021621621621621443e+03 9.999988012615926847e-01
1.022702702702702595e+03 9.999964077124552375e-01
1.023783783783783747e+03 9.999928271942244429e-01
1.024864864864864785e+03 9.999880714351307986e-01
1.025945945945945823e+03 9.999821560090881301e-01
1.027027027027027088e+03 9.999751002814254441e-01
1.028108108108107899e+03 9.999669273414781845e-01
1.029189189189189165e+03 9.999576639223403118e-01
1.030270270270270203e+03 9.999473403081012846e-01
1.031351351351351241e+03 9.999359902289713942e-01
1.032432432432432279e+03 9.999236507447211153e-01
1.033513513513513544e+03 9.999103621169268541e-01
1.034594594594594355e+03 9.998961676705455659e-01
1.035675675675675620e+03 9.998811136453877868e-01
1.036756756756756431e+03 9.998652490380873781e-01
1.037837837837837696e+03 9.998486254352008107e-01
1.038918918918918962e+03 9.998312968381080079e-01
1.039999999999999773e+03 9.998133194803899837e-01
1.041081081081081038e+03 9.997947516384030342e-01
1.042162162162162076e+03 9.997756534357712388e-01
1.043243243243243114e+03 9.997560866425324599e-01
1.044324324324324152e+03 9.997361144696995661e-01
1.045405405405405418e+03 9.997158013599757309e-01
1.046486486486486228e+03 9.996952127753879758e-01
1.047567567567567494e+03 9.996744149826052306e-01
1.048648648648648759e+03 9.996534748366668888e-01
1.049729729729729570e+03 9.996324595638869104e-01
1.050810810810810835e+03 9.996114365446548966e-01
1.051891891891891873e+03 9.995904730968536711e-01
1.052972972972972912e+03 9.995696362605962504e-01
1.054054054054053950e+03 9.995489925849615487e-01
1.055135135135135215e+03 9.995286079174011684e-01
1.056216216216216026e+03 9.995085471964437751e-01
1.057297297297297291e+03 9.994888742483216681e-01
1.058378378378378557e+03 9.994696515881148491e-01
1.059459459459459367e+03 9.994509402259613706e-01
1.060540540540540633e+03 9.994327994788896330e-01
1.061621621621621671e+03 9.994152867887675651e-01
1.062702702702702709e+03 9.993984575468558562e-01
1.063783783783783747e+03 9.993823649254209851e-01
1.064864864864864785e+03 9.993670597168212710e-01
1.065945945945945823e+03 9.993525901804733991e-01
1.067027027027027088e+03 9.993390018980606859e-01
1.068108108108107899e+03 9.993263376373184848e-01
1.069189189189189165e+03 9.993146372247166953e-01
1.070270270270270203e+03 9.993039374273232633e-01
1.071351351351351241e+03 9.992942718441002459e-01
1.072432432432432506e+03 9.992856708068733607e-01
1.073513513513513544e+03 9.992781612911848521e-01
1.074594594594594582e+03 9.992717668372058659e-01
1.075675675675675620e+03 9.992665074808771974e-01
1.076756756756756658e+03 9.992623996954130838e-01
1.077837837837837696e+03 9.992594563432853905e-01
1.078918918918918962e+03 9.992576866387806733e-01
1.080000000000000000e+03 9.992570961212040581e-01
