Theta (degrees)	Normalized Energy
0.000000000000000000e+00 2.926924137002230863e-01
1.152922337870296188e+00 2.924136540176759391e-01
2.305844675740592375e+00 2.915933754273207223e-01
3.458767013610888785e+00 2.902751055158748206e-01
4.611689351481184751e+00 2.885191199586010224e-01
5.764611689351481161e+00 2.863908043669178838e-01
6.917534027221777571e+00 2.839521570960003016e-01
8.070456365092075757e+00 2.812574002836615294e-01
9.223378702962369502e+00 2.783517353159897234e-01
1.037630104083266502e+01 2.752718625343322234e-01
1.152922337870296232e+01 2.720472242139014840e-01
1.268214571657325962e+01 2.687013825665356959e-01
1.383506805444355514e+01 2.652532686172877630e-01
1.498799039231385066e+01 2.617182175155407520e-01
1.614091273018415151e+01 2.581087889857364148e-01
1.729383506805444526e+01 2.544354026811306291e-01
1.844675740592473900e+01 2.507068249605511889e-01
1.959967974379503630e+01 2.469305406306636363e-01
2.075260208166533005e+01 2.431130372843521847e-01
2.190552441953563090e+01 2.392600238493865772e-01
2.305844675740592464e+01 2.353765998227384526e-01
2.421136909527622194e+01 2.314673876002014685e-01
2.536429143314651924e+01 2.275366372194729259e-01
2.651721377101681654e+01 2.235883105372333535e-01
2.767013610888711028e+01 2.196261501791557380e-01
2.882305844675740758e+01 2.156537373882833064e-01
2.997598078462770133e+01 2.116745420384234799e-01
3.112890312249799862e+01 2.076919674929428861e-01
3.228182546036830303e+01 2.037093926194413485e-01
3.343474779823858967e+01 1.997302130825923394e-01
3.458767013610889052e+01 1.957578840149012955e-01
3.574059247397918426e+01 1.917959663095554490e-01
3.689351481184947801e+01 1.878481791105823251e-01
3.804643714971977886e+01 1.839184616343115253e-01
3.919935948759007260e+01 1.800110483115806015e-01
4.035228182546037345e+01 1.761305624987622442e-01
4.150520416333066009e+01 1.722821358267895286e-01
4.265812650120096094e+01 1.684715628735719006e-01
4.381104883907126180e+01 1.647055045895512437e-01
4.496397117694155554e+01 1.609917592395027075e-01
4.611689351481184929e+01 1.573396271456440898e-01
4.726981585268215014e+01 1.537604059058556294e-01
4.842273819055244388e+01 1.502680664991858372e-01
4.957566052842274473e+01 1.468801772226001889e-01
5.072858286629303848e+01 1.436191578878781849e-01
5.188150520416332512e+01 1.405139486092888135e-01
5.303442754203363307e+01 1.376021329041874353e-01
5.418734987990391971e+01 1.349323894532154788e-01
5.534027221777422056e+01 1.325667230756442660e-01
5.649319455564451431e+01 1.305810771066110987e-01
5.764611689351481516e+01 1.290617314297798357e-01
5.879903923138510891e+01 1.280943660197041700e-01
5.995196156925540265e+01 1.277452499780715733e-01
6.110488390712570350e+01 1.280409821534285730e-01
6.225780624499599725e+01 1.289589325175660162e-01
6.341072858286629099e+01 1.304354266373294047e-01
6.456365092073660605e+01 1.323855975863451884e-01
6.571657325860689980e+01 1.347226788309835999e-01
6.686949559647717933e+01 1.373696463584594130e-01
6.802241793434747308e+01 1.402633196224661039e-01
6.917534027221778103e+01 1.433539845918019306e-01
7.032826261008807478e+01 1.466032290632804103e-01
7.148118494795836853e+01 1.499814798119654125e-01
7.263410728582866227e+01 1.534658436424985173e-01
7.378702962369895602e+01 1.570384010613806725e-01
7.493995196156924976e+01 1.606849205777987066e-01
7.609287429943955772e+01 1.643939105634444342e-01
7.724579663730985146e+01 1.681559252900871881e-01
7.839871897518014521e+01 1.719630567766509688e-01
7.955164131305045316e+01 1.758085607406328910e-01
8.070456365092074691e+01 1.796865789659588819e-01
8.185748598879102644e+01 1.835919310551669681e-01
8.301040832666132019e+01 1.875199562687566435e-01
8.416333066453162814e+01 1.914663916455846826e-01
8.531625300240192189e+01 1.954272764554039199e-01
8.646917534027221564e+01 1.993988757305740767e-01
8.762209767814252359e+01 2.033776175012521337e-01
8.877502001601281734e+01 2.073600396569266202e-01
8.992794235388311108e+01 2.113427432415381502e-01
9.108086469175340483e+01 2.153223495698485812e-01
9.223378702962369857e+01 2.192954589008293265e-01
9.338670936749399232e+01 2.232586085628168737e-01
9.453963170536430027e+01 2.272082284162444399e-01
9.569255404323459402e+01 2.311405913657645916e-01
9.684547638110488776e+01 2.350517562798550841e-01
9.799839871897519572e+01 2.389375001095895290e-01
9.915132105684548947e+01 2.427932351649229881e-01
1.003042433947157832e+02 2.466139063267822618e-01
1.014571657325860770e+02 2.503938613358059340e-01
1.026100880704563565e+02 2.541266850587849402e-01
1.037630104083266502e+02 2.578049856156814368e-01
1.049159327461969440e+02 2.614201162713998827e-01
1.060688550840672661e+02 2.649618119459027366e-01
1.072217774219375457e+02 2.684177132311971747e-01
1.083746997598078394e+02 2.717727448108123167e-01
1.095276220976781616e+02 2.750083117701322410e-01
1.106805444355484411e+02 2.781012828148448635e-01
1.118334667734187349e+02 2.810227576075488565e-01
1.129863891112890286e+02 2.837366927596057242e-01
1.141393114491593224e+02 2.861986306724032536e-01
1.152922337870296303e+02 2.883550864299710415e-01
1.164451561248999099e+02 2.901445946264998299e-01
1.175980784627702178e+02 2.915017853138934245e-01
1.187510008006405258e+02 2.923655377879598172e-01
1.199039231385108053e+02 2.926904682917139122e-01
1.210568454763811133e+02 2.924579933589781522e-01
1.222097678142514070e+02 2.916814976035632112e-01
1.233626901521217007e+02 2.904025740609320616e-01
1.245156124899919945e+02 2.886805701466036433e-01
1.256685348278623024e+02 2.865808276925988496e-01
1.268214571657325820e+02 2.841658482073464720e-01
1.279743795036028899e+02 2.814905832545715469e-01
1.291273018414732121e+02 2.786009822181303996e-01
1.302802241793434632e+02 2.755344113495167280e-01
1.314331465172137996e+02 2.723208645714356169e-01
1.325860688550840507e+02 2.689843437272932958e-01
1.337389911929543587e+02 2.655441231392298707e-01
1.348919135308246666e+02 2.620158034683160442e-01
1.360448358686949462e+02 2.584121491459793196e-01
1.371977582065652541e+02 2.547437377596324937e-01
1.383506805444355621e+02 2.510194578575131730e-01
1.395036028823058416e+02 2.472468891351403963e-01
1.406565252201761496e+02 2.434325931533890819e-01
1.418094475580464575e+02 2.395823366766201279e-01
1.429623698959167371e+02 2.357012644933637324e-01
1.441152922337870166e+02 2.317940344285583654e-01
1.452682145716573245e+02 2.278649240902023421e-01
1.464211369095276041e+02 2.239179165366088076e-01
1.475740592473979120e+02 2.199567703236446625e-01
1.487269815852682200e+02 2.159850781436213341e-01
1.498799039231384995e+02 2.120063173826951253e-01
1.510328262610088075e+02 2.080238953171320015e-01
1.521857485988791154e+02 2.040411912824552365e-01
1.533386709367493950e+02 2.000615979470013184e-01
1.544915932746197029e+02 1.960885637852853303e-01
1.556445156124900109e+02 1.921256389765744199e-01
1.567974379503602904e+02 1.881765272683365298e-01
1.579503602882305984e+02 1.842451468818312732e-01
1.591032826261009063e+02 1.803357043643578905e-01
1.602562049639711859e+02 1.764527865124942141e-01
1.614091273018414938e+02 1.726014772571580480e-01
1.625620496397117734e+02 1.687875089401551509e-01
1.637149719775820529e+02 1.650174610465236225e-01
1.648678943154523893e+02 1.612990246368643799e-01
1.660208166533226404e+02 1.576413580376749279e-01
1.671737389911929768e+02 1.540555694731280678e-01
1.683266613290632563e+02 1.505553757785507429e-01
1.694795836669335358e+02 1.471580027125447832e-01
1.706325060048038438e+02 1.438854082608993779e-01
1.717854283426741233e+02 1.407659142242052019e-01
1.729383506805444313e+02 1.378362927415969774e-01
1.740912730184147108e+02 1.351442034016415161e-01
1.752441953562850472e+02 1.327504810689063008e-01
1.763971176941552983e+02 1.307299654174228221e-01
1.775500400320256347e+02 1.291683744805953993e-01
1.787029623698959142e+02 1.281520669677433943e-01
1.798558847077662222e+02 1.277497579494110691e-01
1.810088070456365017e+02 1.279919438119163089e-01
1.821617293835068097e+02 1.288600244231913605e-01
1.833146517213770892e+02 1.302930659943505320e-01
1.844675740592473971e+02 1.322071527677796121e-01
1.856204963971177051e+02 1.345151119096358316e-01
1.867734187349879846e+02 1.371388651880752485e-01
1.879263410728582926e+02 1.400140521266356464e-01
1.890792634107286005e+02 1.430899074910071955e-01
1.902321857485988801e+02 1.463271729784989261e-01
1.913851080864691880e+02 1.496956271954768825e-01
1.925380304243394676e+02 1.531718917409323200e-01
1.936909527622097755e+02 1.567376870474699591e-01
1.948438751000800551e+02 1.603785145770508236e-01
1.959967974379503914e+02 1.640826838910701413e-01
1.971497197758206426e+02 1.678406003559209103e-01
1.983026421136909789e+02 1.716442436980541442e-01
1.994555644515612585e+02 1.754867843902181146e-01
2.006084867894315664e+02 1.793622991429263680e-01
2.017614091273018460e+02 1.832655577016600035e-01
2.029143314651721539e+02 1.871918611030362056e-01
2.040672538030424334e+02 1.911369171961888325e-01
2.052201761409127130e+02 1.950967432089690534e-01
2.063730984787830209e+02 1.990675879165698103e-01
2.075260208166533005e+02 2.030458679052863924e-01
2.086789431545236368e+02 2.070281137637453861e-01
2.098318654923938880e+02 2.110109229479872339e-01
2.109847878302642243e+02 2.149909166693400042e-01
2.121377101681345323e+02 2.189646985195208007e-01
2.132906325060048118e+02 2.229288127210220793e-01
2.144435548438750914e+02 2.268796998955919797e-01
2.155964771817453993e+02 2.308136480836406601e-01
2.167493995196156789e+02 2.347267364097031517e-01
2.179023218574859868e+02 2.386147682421175531e-01
2.190552441953563232e+02 2.424731898866823165e-01
2.202081665332265743e+02 2.462969897066173697e-01
2.213610888710968823e+02 2.500805709669335353e-01
2.225140112089671902e+02 2.538175895180320163e-01
2.236669335468374697e+02 2.575007444872691176e-01
2.248198558847077777e+02 2.611215062546076715e-01
2.259727782225780572e+02 2.646697610269694301e-01
2.271257005604483652e+02 2.681333454178604359e-01
2.282786228983186447e+02 2.714974383819271919e-01
2.294315452361889811e+02 2.747437740591391897e-01
2.305844675740592606e+02 2.778496434766070111e-01
2.317373899119295402e+02 2.807866785639376861e-01
2.328903122497998197e+02 2.835194837513682620e-01
2.340432345876701561e+02 2.860043403936999296e-01
2.351961569255404356e+02 2.881885072318624008e-01
2.363490792634107436e+02 2.900110793884367877e-01
2.375020016012810515e+02 2.914067595001005317e-01
2.386549239391513311e+02 2.923136638535068776e-01
2.398078462770216106e+02 2.926846328780998152e-01
2.409607686148919186e+02 2.924985380104314636e-01
2.421136909527622265e+02 2.917661204172816158e-01
2.432666132906325345e+02 2.905269624823726970e-01
2.444195356285028140e+02 2.888393991239955882e-01
2.455724579663730651e+02 2.867686664643816497e-01
2.467253803042434015e+02 2.843777370919749470e-01
2.478783026421137095e+02 2.817222827675154861e-01
2.490312249799839890e+02 2.788490044087035824e-01
2.501841473178543254e+02 2.757959429311619970e-01
2.513370696557246049e+02 2.725936536421244560e-01
2.524899919935948560e+02 2.692665868452247535e-01
2.536429143314651640e+02 2.658343674774721888e-01
2.547958366693355003e+02 2.623128675089861916e-01
2.559487590072057799e+02 2.587150605661354130e-01
2.571016813450760878e+02 2.550516856077413297e-01
2.582546036829464242e+02 2.513317559954629243e-01
2.594075260208166469e+02 2.475629483199270064e-01
2.605604483586869264e+02 2.437518996513530212e-01
2.617133706965572628e+02 2.399044357836090935e-01
2.628662930344275992e+02 2.360257477289472439e-01
2.640192153722978787e+02 2.321205294786648776e-01
2.651721377101681014e+02 2.281930868028710369e-01
2.663250600480384378e+02 2.242474244455579802e-01
2.674779823859087173e+02 2.202873172981105465e-01
2.686309047237790537e+02 2.163163698516542277e-01
2.697838270616493332e+02 2.123380673172291233e-01
2.709367493995196696e+02 2.083558211756306455e-01
2.720896717373898923e+02 2.043730115157340599e-01
2.732425940752602287e+02 2.003930283032297477e-01
2.743955164131305082e+02 1.964193136719381838e-01
2.755484387510007878e+02 1.924554074456227282e-01
2.767013610888711241e+02 1.885049983959336539e-01
2.778542834267414037e+02 1.845719842590190785e-01
2.790072057646116832e+02 1.806605443330935590e-01
2.801601281024819627e+02 1.767752296613037399e-01
2.813130504403522991e+02 1.729210775176953097e-01
2.824659727782225787e+02 1.691037593777302284e-01
2.836188951160929150e+02 1.653297750829074986e-01
2.847718174539631946e+02 1.616067109394836721e-01
2.859247397918334741e+02 1.579435866018594481e-01
2.870776621297037536e+02 1.543513254572941584e-01
2.882305844675740332e+02 1.508433964020838292e-01
2.893835068054443695e+02 1.474366910998229641e-01
2.905364291433146491e+02 1.441527170061986940e-01
2.916893514811849855e+02 1.410191921399820414e-01
2.928422738190552082e+02 1.380720944407237694e-01
2.939951961569255445e+02 1.353580810059510919e-01
2.951481184947958241e+02 1.329368239592164103e-01
2.963010408326661036e+02 1.308820396300010291e-01
2.974539631705364400e+02 1.292788140780165573e-01
2.986068855084067195e+02 1.282140545484302674e-01
2.997598078462769990e+02 1.277587713522025381e-01
3.009127301841472786e+02 1.279472773559777732e-01
3.020656525220176150e+02 1.287650528192623711e-01
3.032185748598878945e+02 1.301540471435989332e-01
3.043714971977582309e+02 1.320314373201701696e-01
3.055244195356284536e+02 1.343097297659338885e-01
3.066773418734987899e+02 1.369098221384790759e-01
3.078302642113690695e+02 1.397661715308826658e-01
3.089831865492394058e+02 1.428269461270879614e-01
3.101361088871096854e+02 1.460520240304881145e-01
3.112890312249800218e+02 1.494105203647585201e-01
3.124419535628502445e+02 1.528785594342021992e-01
3.135948759007205808e+02 1.564374924966220881e-01
3.147477982385908604e+02 1.600725472597621657e-01
3.159007205764611967e+02 1.637718295684039149e-01
3.170536429143314763e+02 1.675255922926572605e-01
3.182065652522018127e+02 1.713257002245011096e-01
3.193594875900720353e+02 1.751652366319256804e-01
3.205124099279423717e+02 1.790382116826906844e-01
3.216653322658126513e+02 1.829393441500284379e-01
3.228182546036829876e+02 1.868638959880226935e-01
3.239711769415532672e+02 1.908075451836745706e-01
3.251240992794235467e+02 1.947662863855580961e-01
3.262770216172938262e+02 1.987363516714498179e-01
3.274299439551641058e+02 2.027141458119581519e-01
3.285828662930344422e+02 2.066961917690280925e-01
3.297357886309047785e+02 2.106790831127076657e-01
3.308887109687750581e+02 2.146594406647684417e-01
3.320416333066452808e+02 2.186338710609410096e-01
3.331945556445156171e+02 2.225989251120043255e-01
3.343474779823859535e+02 2.265510538623560222e-01
3.355004003202562330e+02 2.304865600987448526e-01
3.366533226581265126e+02 2.344015427398432605e-01
3.378062449959967921e+02 2.382918310095304970e-01
3.389591673338670716e+02 2.421529045126966373e-01
3.401120896717374080e+02 2.459797942168807650e-01
3.412650120096076876e+02 2.497669577909922278e-01
3.424179343474779671e+02 2.535081206244643726e-01
3.435708566853482466e+02 2.571960709747987406e-01
3.447237790232186398e+02 2.608223938840351086e-01
3.458767013610888625e+02 2.643771236328656404e-01
3.470296236989591421e+02 2.678482886551087350e-01
3.481825460368294216e+02 2.712213167300550065e-01
3.493354683746998148e+02 2.744782641267087264e-01
3.504883907125700944e+02 2.775968357183186686e-01
3.516413130504403739e+02 2.805491860801680448e-01
3.527942353883105966e+02 2.833005581765649650e-01
3.539471577261809898e+02 2.858079669062342787e-01
3.551000800640512693e+02 2.880194198121285853e-01
3.562530024019215489e+02 2.898745979706989218e-01
3.574059247397918284e+02 2.913083309815931443e-01
3.585588470776621648e+02 2.922580527412392826e-01
3.597117694155324443e+02 2.926749098933340010e-01
3.608646917534027239e+02 2.925352715894625200e-01
3.620176140912730034e+02 2.918472133071776664e-01
3.631705364291433398e+02 2.906482332615406006e-01
3.643234587670136193e+02 2.889955688479604046e-01
3.654763811048839557e+02 2.869542861066427530e-01
3.666293034427541784e+02 2.845877942997540599e-01
3.677822257806244579e+02 2.819524746501789747e-01
3.689351481184947943e+02 2.790957824187266234e-01
3.700880704563650738e+02 2.760564417069472642e-01
3.712409927942354102e+02 2.728655789584870095e-01
3.723939151321056329e+02 2.695481018766909265e-01
3.735468374699759693e+02 2.661239934624872738e-01
3.746997598078462488e+02 2.626094029125557450e-01
3.758526821457165852e+02 2.590175176354028719e-01
3.770056044835869216e+02 2.553592414764924157e-01
3.781585268214572011e+02 2.516437152946014999e-01
3.793114491593274238e+02 2.478787146268058017e-01
3.804643714971977602e+02 2.440709536278650449e-01
3.816172938350680397e+02 2.402263183394105772e-01
3.827702161729383761e+02 2.363500469485349254e-01
3.839231385108086556e+02 2.324468703642684486e-01
3.850760608486789351e+02 2.285211231211806970e-01
3.862289831865492147e+02 2.245768321407614065e-01
3.873819055244195511e+02 2.206177890608495562e-01
3.885348278622898306e+02 2.166476105248158479e-01
3.896877502001601101e+02 2.126697898835609168e-01
3.908406725380303897e+02 2.086877431152081575e-01
3.919935948759007829e+02 2.047048513473830045e-01
3.931465172137710056e+02 2.007245021355631431e-01
3.942994395516412851e+02 1.967501315875766210e-01
3.954523618895115646e+02 1.927852695259238969e-01
3.966052842273819579e+02 1.888335901610516121e-01
3.977582065652522374e+02 1.848989712453094347e-01
3.989111289031225169e+02 1.809855654502936506e-01
4.000640512409927396e+02 1.770978888555664599e-01
4.012169735788631328e+02 1.732409330986789675e-01
4.023698959167334124e+02 1.694203101270818634e-01
4.035228182546036919e+02 1.656424419170156315e-01
4.046757405924739714e+02 1.619148124096136121e-01
4.058286629303443078e+02 1.582463058264794442e-01
4.069815852682145874e+02 1.546476651379860845e-01
4.081345076060848669e+02 1.511321173467255197e-01
4.092874299439551464e+02 1.477162282542341387e-01
4.104403522818254260e+02 1.444210658233343325e-01
4.115932746196957623e+02 1.412737585545287278e-01
4.127461969575660419e+02 1.383095072167905837e-01
4.138991192954363214e+02 1.355739833012115925e-01
4.150520416333066009e+02 1.331257047233027069e-01
4.162049639711769373e+02 1.310372479101439003e-01
4.173578863090472737e+02 1.293930018099262724e-01
4.185108086469175532e+02 1.282802963866453982e-01
4.196637309847877759e+02 1.277722851141334381e-01
4.208166533226581123e+02 1.279070069926557529e-01
4.219695756605284487e+02 1.286740622769959597e-01
4.231224979983987282e+02 1.300184219650178108e-01
4.242754203362690646e+02 1.318585004480741230e-01
4.254283426741393441e+02 1.341065741749818407e-01
4.265812650120096237e+02 1.366825506244976063e-01
4.277341873498799032e+02 1.395197038009735879e-01
4.288871096877501827e+02 1.425651204746240519e-01
4.300400320256205191e+02 1.457777976076627680e-01
4.311929543634907986e+02 1.491261712772745940e-01
4.323458767013610782e+02 1.525858561349463238e-01
4.334987990392313577e+02 1.561378249349142100e-01
4.346517213771016941e+02 1.597670247480092454e-01
4.358046437149719736e+02 1.634613526662658800e-01
4.369575660528422532e+02 1.672109053785291177e-01
4.381104883907126464e+02 1.710074300326370200e-01
4.392634107285829259e+02 1.748439206831836068e-01
4.404163330664531486e+02 1.787143194507908595e-01
4.415692554043234281e+02 1.826132929959176920e-01
4.427221777421937645e+02 1.865360633130843382e-01
4.438751000800641009e+02 1.904782778414041700e-01
4.450280224179343804e+02 1.944359081031467595e-01
4.461809447558046031e+02 1.984051690315304373e-01
4.473338670936749395e+02 2.023824532048752178e-01
4.484867894315452759e+02 2.063642756295342162e-01
4.496397117694155554e+02 2.103472256897898351e-01
4.507926341072858349e+02 2.143279235312993969e-01
4.519455564451561145e+02 2.183029785458447392e-01
4.530984787830264509e+02 2.222689478286167530e-01
4.542514011208967304e+02 2.262222925113839544e-01
4.554043234587670099e+02 2.301593297428061458e-01
4.565572457966372895e+02 2.340761777807718325e-01
4.577101681345075690e+02 2.379686911525094595e-01
4.588630904723779622e+02 2.418323820780943212e-01
4.600160128102481849e+02 2.456623232686083735e-01
4.611689351481185213e+02 2.494530256993950645e-01
4.623218574859887440e+02 2.531982828850758427e-01
4.634747798238590804e+02 2.568909703770391739e-01
4.646277021617294167e+02 2.605227854808409571e-01
4.657806244995996394e+02 2.640839074092347638e-01
4.669335468374700326e+02 2.675625523071134548e-01
4.680864691753403122e+02 2.709443914455597624e-01
4.692393915132105917e+02 2.742117964267127839e-01
4.703923138510808712e+02 2.773428776179421851e-01
4.715452361889510939e+02 2.803103026780858209e-01
4.726981585268214872e+02 2.830799436936084490e-01
4.738510808646917667e+02 2.856095431684376740e-01
4.750040032025621031e+02 2.878478613723714497e-01
4.761569255404323258e+02 2.897351886741448834e-01
4.773098478783026621e+02 2.912065334602809696e-01
4.784627702161729417e+02 2.921987262801175045e-01
4.796156925540432212e+02 2.926613033880765546e-01
4.807686148919136144e+02 2.925681791664327402e-01
4.819215372297838371e+02 2.919247466282823833e-01
4.830744595676541167e+02 2.907663491860262295e-01
4.842273819055244530e+02 2.891490411304110664e-01
4.853803042433946757e+02 2.871376516641890309e-01
4.865332265812650689e+02 2.847959899326893418e-01
4.876861489191352916e+02 2.821811343064299371e-01
4.888390712570056280e+02 2.793412964170643442e-01
4.899919935948759075e+02 2.763158918112080253e-01
4.911449159327461302e+02 2.731366278221107335e-01
4.922978382706165235e+02 2.698288785988456340e-01
4.934507606084868030e+02 2.664129927865084846e-01
4.946036829463570825e+02 2.629054028474901439e-01
4.957566052842274189e+02 2.593195146607156776e-01
4.969095276220975848e+02 2.556664005531781303e-01
4.980624499599679780e+02 2.519553316255428443e-01
4.992153722978382575e+02 2.481941844588421708e-01
5.003682946357086507e+02 2.443897519022392995e-01
5.015212169735788734e+02 2.405479814893425050e-01
5.026741393114492098e+02 2.366741595526204445e-01
5.038270616493194325e+02 2.327730546847251170e-01
5.049799839871897120e+02 2.288490307978415239e-01
5.061329063250601052e+02 2.249061374907468935e-01
5.072858286629303279e+02 2.209481835644490633e-01
5.084387510008006643e+02 2.169787981720097680e-01
5.095916733386710007e+02 2.130014831217220961e-01
5.107445956765412234e+02 2.090196591831038342e-01
5.118975180144115598e+02 2.050367088079979028e-01
5.130504403522817256e+02 2.010560174329551197e-01
5.142033626901521757e+02 1.970810154520319379e-01
5.153562850280223984e+02 1.931152230366793010e-01
5.165092073658928484e+02 1.891623002448076518e-01
5.176621297037630711e+02 1.852261053378745359e-01
5.188150520416332938e+02 1.813107649716531877e-01
5.199679743795036302e+02 1.774207610358786713e-01
5.211208967173738529e+02 1.735610405298362025e-01
5.222738190552443029e+02 1.697371571806953472e-01
5.234267413931145256e+02 1.659554568353158455e-01
5.245796637309847483e+02 1.622233233999710866e-01
5.257325860688551984e+02 1.585495088207222736e-01
5.268855084067253074e+02 1.549445799573953009e-01
5.280384307445957575e+02 1.514215278087782668e-01
5.291913530824659802e+02 1.479966003412948594e-01
5.303442754203362028e+02 1.446904368067868374e-01
5.314971977582066529e+02 1.415295901803844680e-01
5.326501200960768756e+02 1.385485009213187624e-01
5.338030424339472120e+02 1.357918720276378999e-01
5.349559647718174347e+02 1.333170769428159430e-01
5.361088871096877710e+02 1.311955385864287671e-01
5.372618094475581074e+02 1.295108885351622940e-01
5.384147317854283301e+02 1.283507582649431322e-01
5.395676541232986665e+02 1.277902916453436399e-01
5.407205764611690029e+02 1.278711547085796540e-01
5.418734987990393392e+02 1.285870961709446592e-01
5.430264211369095619e+02 1.298862421822168101e-01
5.441793434747797846e+02 1.316883918284370569e-01
5.453322658126501210e+02 1.339056876049808942e-01
5.464851881505204574e+02 1.364570847373988982e-01
5.476381104883907938e+02 1.392746754697982703e-01
5.487910328262610165e+02 1.423044509510291988e-01
5.499439551641313528e+02 1.455045094326410937e-01
5.510968775020015755e+02 1.488425921390480466e-01
5.522497998398719119e+02 1.522937914399372650e-01
5.534027221777422483e+02 1.558386920251092211e-01
5.545556445156124710e+02 1.594619532658685113e-01
5.557085668534828073e+02 1.631512583321002574e-01
5.568614891913531437e+02 1.668965439497318570e-01
5.580144115292233664e+02 1.706894368432352316e-01
5.591673338670937028e+02 1.745228397951773813e-01
5.603202562049639255e+02 1.783906253386604579e-01
5.614731785428342619e+02 1.822874068548190341e-01
5.626261008807045982e+02 1.862083654827025037e-01
5.637790232185748209e+02 1.901491174140767237e-01
5.649319455564451573e+02 1.941056104879591848e-01
5.660848678943154937e+02 1.980740420387724077e-01
5.672377902321858301e+02 2.020507920710170879e-01
5.683907125700560528e+02 2.060323673033233882e-01
5.695436349079263891e+02 2.100153526326418163e-01
5.706965572457966118e+02 2.139963672414250395e-01
5.718494795836669482e+02 2.179720229902073203e-01
5.730024019215372846e+02 2.219388829566207588e-01
5.741553242594075073e+02 2.258934180277701875e-01
5.753082465972778436e+02 2.298319593346596634e-01
5.764611689351480663e+02 2.337506440262752117e-01
5.776140912730184027e+02 2.376453513903029058e-01
5.787670136108887391e+02 2.415116255906243903e-01
5.799199359487589618e+02 2.453445802378828589e-01
5.810728582866292982e+02 2.491387785388430309e-01
5.822257806244996345e+02 2.528880807494751082e-01
5.833787029623699709e+02 2.565854479188250381e-01
5.845316253002401936e+02 2.602226872705612482e-01
5.856845476381104163e+02 2.637901198777096168e-01
5.868374699759807527e+02 2.672761455771467953e-01
5.879903923138510891e+02 2.706666739107909114e-01
5.891433146517214254e+02 2.739443851468456037e-01
5.902962369895916481e+02 2.770877869201561761e-01
5.914491593274619845e+02 2.800700504790792356e-01
5.926020816653322072e+02 2.828576675155809461e-01
5.937550040032025436e+02 2.854091017149490428e-01
5.949079263410728799e+02 2.876738688464688942e-01
5.960608486789431026e+02 2.895928898914172378e-01
5.972137710168134390e+02 2.911014012920013494e-01
5.983666933546837754e+02 2.921357075579293916e-01
5.995196156925539981e+02 2.926438190208230372e-01
6.006725380304243345e+02 2.925972472959902371e-01
6.018254603682945572e+02 2.919986917037902807e-01
6.029783827061650072e+02 2.908812733964857289e-01
6.041313050440352299e+02 2.892997776671098475e-01
6.052842273819054526e+02 2.873187278143951029e-01
6.064371497197757890e+02 2.850022936461467649e-01
6.075900720576461254e+02 2.824082367122970894e-01
6.087429943955164617e+02 2.795855262047330370e-01
6.098959167333866844e+02 2.765742770793361283e-01
6.110488390712569071e+02 2.734067872988382719e-01
6.122017614091273572e+02 2.701089066057544286e-01
6.133546837469975799e+02 2.667013570004950207e-01
6.145076060848679163e+02 2.632008603733849705e-01
6.156605284227381389e+02 2.596210458649592101e-01
6.168134507606085890e+02 2.559731579599857643e-01
6.179663730984788117e+02 2.522666008082721234e-01
6.191192954363490344e+02 2.485093541795846683e-01
6.202722177742193708e+02 2.447082912628589513e-01
6.214251401120895935e+02 2.408694223544897706e-01
6.225780624499600435e+02 2.369980829227569530e-01
6.237309847878302662e+02 2.330990800246867389e-01
6.248839071257004889e+02 2.291768075743104149e-01
6.260368294635709390e+02 2.252353383556717215e-01
6.271897518014411617e+02 2.212784987555965754e-01
6.283426741393114980e+02 2.173099307984365514e-01
6.294955964771817207e+02 2.133331450700715615e-01
6.306485188150519434e+02 2.093515674268585092e-01
6.318014411529223935e+02 2.053685819304910121e-01
6.329543634907926162e+02 2.013875721888338521e-01
6.341072858286629526e+02 1.974119631920318307e-01
6.352602081665331752e+02 1.934452658068103736e-01
6.364131305044036253e+02 1.894911263414432168e-01
6.375660528422738480e+02 1.855533840512256227e-01
6.387189751801440707e+02 1.816361401755426375e-01
6.398718975180145208e+02 1.777438431724001344e-01
6.410248198558847434e+02 1.738813963794697826e-01
6.421777421937550798e+02 1.700542965815924623e-01
6.433306645316253025e+02 1.662688151908643386e-01
6.444835868694955252e+02 1.625322383516019653e-01
6.456365092073659753e+02 1.588531888117599433e-01
6.467894315452361980e+02 1.552420615162788953e-01
6.479423538831065343e+02 1.517116171984837503e-01
6.490952762209767570e+02 1.482777938150315888e-01
6.502481985588470934e+02 1.449608124368088613e-01
6.514011208967174298e+02 1.417866642342437977e-01
6.525540432345876525e+02 1.387890460329081477e-01
6.537069655724581025e+02 1.360117096292270122e-01
6.548598879103282115e+02 1.335108948232144876e-01
6.560128102481986616e+02 1.313568602041138011e-01
6.571657325860688843e+02 1.296324244727442287e-01
6.583186549239391070e+02 1.284254042103215032e-01
6.594715772618095571e+02 1.278127808606058236e-01
6.606244995996796661e+02 1.278397402086736134e-01
6.617774219375501161e+02 1.285041965836036248e-01
6.629303442754203388e+02 1.297575592889804175e-01
6.640832666132905615e+02 1.315211615757357622e-01
6.652361889511610116e+02 1.337071132103662963e-01
6.663891112890312343e+02 1.362334592513533005e-01
6.675420336269015706e+02 1.390311136477344611e-01
6.686949559647719070e+02 1.420449584265279785e-01
6.698478783026421297e+02 1.452321755704356343e-01
6.710008006405124661e+02 1.485597954109303953e-01
6.721537229783826888e+02 1.520023751347384933e-01
6.733066453162530252e+02 1.555401015700735579e-01
6.744595676541233615e+02 1.591573391419101868e-01
6.756124899919935842e+02 1.628415517918035127e-01
6.767654123298639206e+02 1.665825124017754622e-01
6.779183346677341433e+02 1.703717244221988891e-01
6.790712570056044797e+02 1.742019972536085481e-01
6.802241793434748161e+02 1.780671322642065624e-01
6.813771016813450387e+02 1.819616883625154447e-01
6.825300240192153751e+02 1.858808049168244048e-01
6.836829463570857115e+02 1.898200661580126958e-01
6.848358686949559342e+02 1.937753956747030326e-01
6.859887910328262706e+02 1.977429727409859839e-01
6.871417133706964933e+02 2.017191644009143636e-01
6.882946357085668296e+02 2.057004687499214279e-01
6.894475580464372797e+02 2.096834658941527096e-01
6.906004803843073887e+02 2.136647737651326262e-01
6.917534027221777251e+02 2.176410064054142557e-01
6.929063250600479478e+02 2.216087325748863079e-01
6.940592473979182842e+02 2.255644325870978517e-01
6.952121697357887342e+02 2.295044511805295062e-01
6.963650920736588432e+02 2.334249439537776083e-01
6.975180144115292933e+02 2.373218144211594605e-01
6.986709367493996297e+02 2.411906380312102971e-01
6.998238590872697387e+02 2.450265684665402510e-01
7.009767814251401887e+02 2.488242201122399799e-01
7.021297037630102977e+02 2.525775186110791326e-01
7.032826261008807478e+02 2.562795087526091309e-01
7.044355484387510842e+02 2.599221053851470953e-01
7.055884707766211932e+02 2.634957684385768606e-01
7.067413931144916432e+02 2.669890775110281278e-01
7.078943154523619796e+02 2.703881753044283243e-01
7.090472377902322023e+02 2.736760442138790328e-01
7.102001601281025387e+02 2.768315810421388967e-01
7.113530824659726477e+02 2.798284512092540366e-01
7.125060048038430978e+02 2.826337564122164969e-01
7.136589271417134341e+02 2.852066746507434525e-01
7.148118494795836568e+02 2.874974788805512160e-01
7.159647718174539932e+02 2.894477400683829194e-01
7.171176941553243296e+02 2.909929694345900208e-01
7.182706164931945523e+02 2.920690208762523055e-01
7.194235388310648887e+02 2.926224640455594161e-01
7.205764611689351113e+02 2.926224640455596937e-01
7.217293835068054477e+02 2.920690208762524720e-01
7.228823058446757841e+02 2.909929694345896323e-01
7.240352281825460068e+02 2.894477400683823642e-01
7.251881505204163432e+02 2.874974788805512160e-01
7.263410728582866795e+02 2.852066746507437300e-01
7.274939951961569022e+02 2.826337564122169410e-01
7.286469175340272386e+02 2.798284512092540366e-01
7.297998398718974613e+02 2.768315810421390633e-01
7.309527622097679114e+02 2.736760442138793104e-01
7.321056845476381341e+02 2.703881753044284353e-01
7.332586068855083568e+02 2.669890775110281278e-01
7.344115292233786931e+02 2.634957684385772492e-01
7.355644515612489158e+02 2.599221053851476504e-01
7.367173738991193659e+02 2.562795087526088533e-01
7.378702962369895886e+02 2.525775186110792436e-01
7.390232185748598113e+02 2.488242201122404795e-01
7.401761409127301476e+02 2.450265684665401955e-01
7.413290632506004840e+02 2.411906380312108245e-01
7.424819855884708204e+02 2.373218144211593772e-01
7.436349079263410431e+02 2.334249439537779691e-01
7.447878302642112658e+02 2.295044511805296450e-01
7.459407526020817158e+02 2.255644325870980738e-01
7.470936749399519385e+02 2.216087325748863912e-01
7.482465972778222749e+02 2.176410064054144500e-01
7.493995196156924976e+02 2.136647737651327095e-01
7.505524419535629477e+02 2.096834658941527652e-01
7.517053642914331704e+02 2.057004687499217055e-01
7.528582866293033931e+02 2.017191644009148077e-01
7.540112089671738431e+02 1.977429727409861226e-01
7.551641313050440658e+02 1.937753956747032547e-01
7.563170536429144022e+02 1.898200661580126125e-01
7.574699759807846249e+02 1.858808049168245713e-01
7.586228983186548476e+02 1.819616883625155834e-01
7.597758206565252976e+02 1.780671322642067567e-01
7.609287429943955203e+02 1.742019972536088535e-01
7.620816653322658567e+02 1.703717244221991112e-01
7.632345876701360794e+02 1.665825124017758230e-01
7.643875100080064158e+02 1.628415517918034572e-01
7.655404323458767522e+02 1.591573391419105477e-01
7.666933546837469748e+02 1.555401015700734746e-01
7.678462770216173112e+02 1.520023751347384933e-01
7.689991993594876476e+02 1.485597954109306729e-01
7.701521216973578703e+02 1.452321755704354123e-01
7.713050440352282067e+02 1.420449584265282561e-01
7.724579663730984294e+02 1.390311136477344056e-01
7.736108887109687657e+02 1.362334592513536058e-01
7.747638110488391021e+02 1.337071132103660742e-01
7.759167333867093248e+02 1.315211615757361230e-01
7.770696557245796612e+02 1.297575592889805007e-01
7.782225780624498839e+02 1.285041965836038469e-01
7.793755004003202203e+02 1.278397402086737800e-01
7.805284227381905566e+02 1.278127808606061289e-01
7.816813450760607793e+02 1.284254042103215865e-01
7.828342674139311157e+02 1.296324244727443675e-01
7.839871897518015658e+02 1.313568602041140232e-01
7.851401120896716748e+02 1.335108948232141268e-01
7.862930344275420111e+02 1.360117096292269567e-01
7.874459567654124612e+02 1.387890460329078424e-01
7.885988791032825702e+02 1.417866642342431316e-01
7.897518014411530203e+02 1.449608124368090833e-01
7.909047237790231293e+02 1.482777938150312835e-01
7.920576461168934657e+02 1.517116171984836115e-01
7.932105684547639157e+02 1.552420615162781459e-01
7.943634907926340247e+02 1.588531888117598045e-01
7.955164131305044748e+02 1.625322383516018265e-01
7.966693354683748112e+02 1.662688151908641998e-01
7.978222578062450339e+02 1.700542965815927399e-01
7.989751801441153702e+02 1.738813963794702266e-01
8.001281024819854792e+02 1.777438431723996903e-01
8.012810248198559293e+02 1.816361401755428595e-01
8.024339471577262657e+02 1.855533840512256227e-01
8.035868694955964884e+02 1.894911263414435221e-01
8.047397918334668248e+02 1.934452658068100128e-01
8.058927141713370474e+02 1.974119631920319695e-01
8.070456365092073838e+02 2.013875721888332693e-01
8.081985588470777202e+02 2.053685819304908733e-01
8.093514811849479429e+02 2.093515674268582316e-01
8.105044035228182793e+02 2.133331450700715615e-01
8.116573258606886156e+02 2.173099307984367456e-01
8.128102481985588383e+02 2.212784987555967142e-01
8.139631705364291747e+02 2.252353383556713606e-01
8.151160928742993974e+02 2.291768075743098598e-01
8.162690152121697338e+02 2.330990800246862948e-01
8.174219375500400702e+02 2.369980829227571195e-01
8.185748598879102929e+02 2.408694223544899926e-01
8.197277822257806292e+02 2.447082912628590345e-01
8.208807045636508519e+02 2.485093541795844463e-01
8.220336269015211883e+02 2.522666008082716793e-01
8.231865492393915247e+02 2.559731579599858753e-01
8.243394715772617474e+02 2.596210458649590991e-01
8.254923939151320837e+02 2.632008603733846930e-01
8.266453162530024201e+02 2.667013570004951317e-01
8.277982385908726428e+02 2.701089066057545951e-01
8.289511609287430929e+02 2.734067872988379388e-01
8.301040832666132019e+02 2.765742770793359617e-01
8.312570056044836520e+02 2.795855262047328704e-01
8.324099279423538746e+02 2.824082367122978110e-01
8.335628502802240973e+02 2.850022936461470424e-01
8.347157726180945474e+02 2.873187278143949919e-01
8.358686949559646564e+02 2.892997776671097365e-01
8.370216172938351065e+02 2.908812733964855624e-01
8.381745396317054428e+02 2.919986917037905583e-01
8.393274619695755518e+02 2.925972472959906812e-01
8.404803843074460019e+02 2.926438190208227597e-01
8.416333066453162246e+02 2.921357075579291140e-01
8.427862289831865610e+02 2.911014012920015159e-01
8.439391513210568974e+02 2.895928898914172378e-01
8.450920736589272337e+02 2.876738688464687277e-01
8.462449959967974564e+02 2.854091017149495979e-01
8.473979183346677928e+02 2.828576675155812237e-01
8.485508406725381292e+02 2.800700504790794021e-01
8.497037630104083519e+02 2.770877869201558985e-01
8.508566853482786883e+02 2.739443851468456592e-01
8.520096076861489109e+02 2.706666739107909114e-01
8.531625300240192473e+02 2.672761455771468508e-01
8.543154523618895837e+02 2.637901198777094502e-01
8.554683746997598064e+02 2.602226872705615812e-01
8.566212970376301428e+02 2.565854479188246495e-01
8.577742193755003655e+02 2.528880807494750527e-01
8.589271417133707018e+02 2.491387785388432530e-01
8.600800640512410382e+02 2.453445802378830809e-01
8.612329863891112609e+02 2.415116255906247511e-01
8.623859087269815973e+02 2.376453513903029058e-01
8.635388310648518200e+02 2.337506440262749896e-01
8.646917534027221564e+02 2.298319593346595802e-01
8.658446757405924927e+02 2.258934180277701320e-01
8.669975980784627154e+02 2.219388829566210364e-01
8.681505204163330518e+02 2.179720229902077644e-01
8.693034427542033882e+02 2.139963672414255391e-01
8.704563650920737246e+02 2.100153526326415943e-01
8.716092874299439472e+02 2.060323673033236103e-01
8.727622097678141699e+02 2.020507920710172267e-01
8.739151321056845063e+02 1.980740420387728518e-01
8.750680544435548427e+02 1.941056104879594069e-01
8.762209767814252928e+02 1.901491174140770013e-01
8.773738991192954018e+02 1.862083654827024204e-01
8.785268214571658518e+02 1.822874068548187287e-01
8.796797437950360745e+02 1.783906253386607355e-01
8.808326661329062972e+02 1.745228397951776034e-01
8.819855884707767473e+02 1.706894368432353704e-01
8.831385108086468563e+02 1.668965439497318570e-01
8.842914331465173063e+02 1.631512583321001741e-01
8.854443554843875290e+02 1.594619532658686500e-01
8.865972778222577517e+02 1.558386920251094432e-01
8.877502001601282018e+02 1.522937914399376536e-01
8.889031224979984245e+02 1.488425921390480466e-01
8.900560448358687609e+02 1.455045094326408717e-01
8.912089671737390972e+02 1.423044509510293376e-01
8.923618895116092062e+02 1.392746754697986311e-01
8.935148118494796563e+02 1.364570847373989815e-01
8.946677341873498790e+02 1.339056876049809774e-01
8.958206565252202154e+02 1.316883918284373622e-01
8.969735788630905517e+02 1.298862421822168101e-01
8.981265012009607744e+02 1.285870961709446592e-01
8.992794235388311108e+02 1.278711547085800149e-01
9.004323458767013335e+02 1.277902916453437787e-01
9.015852682145716699e+02 1.283507582649429102e-01
9.027381905524420063e+02 1.295108885351621553e-01
9.038911128903122290e+02 1.311955385864287671e-01
9.050440352281825653e+02 1.333170769428160263e-01
9.061969575660529017e+02 1.357918720276378999e-01
9.073498799039231244e+02 1.385485009213184571e-01
9.085028022417934608e+02 1.415295901803846346e-01
9.096557245796636835e+02 1.446904368067864766e-01
9.108086469175340198e+02 1.479966003412948594e-01
9.119615692554044699e+02 1.514215278087784333e-01
9.131144915932745789e+02 1.549445799573948568e-01
9.142674139311449153e+02 1.585495088207221348e-01
9.154203362690151380e+02 1.622233233999710866e-01
9.165732586068854744e+02 1.659554568353157067e-01
9.177261809447559244e+02 1.697371571806951807e-01
9.188791032826262608e+02 1.735610405298363412e-01
9.200320256204963698e+02 1.774207610358784493e-01
9.211849479583665925e+02 1.813107649716529657e-01
9.223378702962370426e+02 1.852261053378747580e-01
9.234907926341072653e+02 1.891623002448076518e-01
9.246437149719774879e+02 1.931152230366791345e-01
9.257966373098479380e+02 1.970810154520319935e-01
9.269495596477181607e+02 2.010560174329547589e-01
9.281024819855883834e+02 2.050367088079975419e-01
9.292554043234588335e+02 2.090196591831034734e-01
9.304083266613291698e+02 2.130014831217223181e-01
9.315612489991992788e+02 2.169787981720096848e-01
9.327141713370697289e+02 2.209481835644490078e-01
9.338670936749400653e+02 2.249061374907471156e-01
9.350200160128101743e+02 2.288490307978405802e-01
9.361729383506806244e+02 2.327730546847246729e-01
9.373258606885508470e+02 2.366741595526202224e-01
9.384787830264211834e+02 2.405479814893421442e-01
9.396317053642912924e+02 2.443897519022392995e-01
9.407846277021617425e+02 2.481941844588423096e-01
9.419375500400320789e+02 2.519553316255431774e-01
9.430904723779021879e+02 2.556664005531775752e-01
9.442433947157726379e+02 2.593195146607152890e-01
9.453963170536429743e+02 2.629054028474903104e-01
9.465492393915130833e+02 2.664129927865085401e-01
9.477021617293835334e+02 2.698288785988457450e-01
9.488550840672538698e+02 2.731366278221104005e-01
9.500080064051242061e+02 2.763158918112081364e-01
9.511609287429944288e+02 2.793412964170643442e-01
9.523138510808646515e+02 2.821811343064302147e-01
9.534667734187351016e+02 2.847959899326895084e-01
9.546196957566053243e+02 2.871376516641884757e-01
9.557726180944755470e+02 2.891490411304115105e-01
9.569255404323458833e+02 2.907663491860262295e-01
9.580784627702163334e+02 2.919247466282822723e-01
9.592313851080864424e+02 2.925681791664324627e-01
9.603843074459567788e+02 2.926613033880763881e-01
9.615372297838272289e+02 2.921987262801177820e-01
9.626901521216973379e+02 2.912065334602812472e-01
9.638430744595676742e+02 2.897351886741444393e-01
9.649959967974380106e+02 2.878478613723720603e-01
9.661489191353082333e+02 2.856095431684383956e-01
9.673018414731784560e+02 2.830799436936090041e-01
9.684547638110489061e+02 2.803103026780859319e-01
9.696076861489192424e+02 2.773428776179416300e-01
9.707606084867893514e+02 2.742117964267130614e-01
9.719135308246596878e+02 2.709443914455597624e-01
9.730664531625301379e+02 2.675625523071137879e-01
9.742193755004002469e+02 2.640839074092354299e-01
9.753722978382705833e+02 2.605227854808410126e-01
9.765252201761410333e+02 2.568909703770391184e-01
9.776781425140112560e+02 2.531982828850753986e-01
9.788310648518813650e+02 2.494530256993951478e-01
9.799839871897518151e+02 2.456623232686083180e-01
9.811369095276221515e+02 2.418323820780943212e-01
9.822898318654922605e+02 2.379686911525103477e-01
9.834427542033627105e+02 2.340761777807720545e-01
9.845956765412330469e+02 2.301593297428060625e-01
9.857485988791032696e+02 2.262222925113832883e-01
9.869015212169736060e+02 2.222689478286176967e-01
9.880544435548439424e+02 2.183029785458447392e-01
9.892073658927141651e+02 2.143279235312992304e-01
9.903602882305843877e+02 2.103472256897901960e-01
9.915132105684548378e+02 2.063642756295344383e-01
9.926661329063250605e+02 2.023824532048756619e-01
9.938190552441951695e+02 1.984051690315311034e-01
9.949719775820656196e+02 1.944359081031472036e-01
9.961248999199359559e+02 1.904782778414044753e-01
9.972778222578064060e+02 1.865360633130841161e-01
9.984307445956765150e+02 1.826132929959182194e-01
9.995836669335468514e+02 1.787143194507908595e-01
1.000736589271417301e+03 1.748439206831836623e-01
1.001889511609287410e+03 1.710074300326376029e-01
1.003042433947157747e+03 1.672109053785291177e-01
1.004195356285027970e+03 1.634613526662657135e-01
1.005348278622898420e+03 1.597670247480091898e-01
1.006501200960768642e+03 1.561378249349146541e-01
1.007654123298638865e+03 1.525858561349466014e-01
1.008807045636509315e+03 1.491261712772745107e-01
1.009959967974379424e+03 1.457777976076634896e-01
1.011112890312249760e+03 1.425651204746242184e-01
1.012265812650120210e+03 1.395197038009734491e-01
1.013418734987990319e+03 1.366825506244979116e-01
1.014571657325860656e+03 1.341065741749817575e-01
1.015724579663731106e+03 1.318585004480745670e-01
1.016877502001601329e+03 1.300184219650178108e-01
1.018030424339471551e+03 1.286740622769960984e-01
1.019183346677342001e+03 1.279070069926555309e-01
1.020336269015212224e+03 1.277722851141334381e-01
1.021489191353082447e+03 1.282802963866454538e-01
1.022642113690952669e+03 1.293930018099261892e-01
1.023795036028823120e+03 1.310372479101439558e-01
1.024947958366693456e+03 1.331257047233027069e-01
1.026100880704563451e+03 1.355739833012116757e-01
1.027253803042433901e+03 1.383095072167904449e-01
1.028406725380304351e+03 1.412737585545288943e-01
1.029559647718174347e+03 1.444210658233341937e-01
1.030712570056044797e+03 1.477162282542340555e-01
1.031865492393915247e+03 1.511321173467252976e-01
1.033018414731785697e+03 1.546476651379861678e-01
1.034171337069655692e+03 1.582463058264790834e-01
1.035324259407526142e+03 1.619148124096134733e-01
1.036477181745396365e+03 1.656424419170159090e-01
1.037630104083266588e+03 1.694203101270815859e-01
1.038783026421136810e+03 1.732409330986787455e-01
1.039935948759007260e+03 1.770978888555663211e-01
1.041088871096877256e+03 1.809855654502933453e-01
1.042241793434747706e+03 1.848989712453095180e-01
1.043394715772618156e+03 1.888335901610516676e-01
1.044547638110488606e+03 1.927852695259240356e-01
1.045700560448358601e+03 1.967501315875763157e-01
1.046853482786229051e+03 2.007245021355630599e-01
1.048006405124099501e+03 2.047048513473831433e-01
1.049159327461969497e+03 2.086877431152080187e-01
1.050312249799839947e+03 2.126697898835606115e-01
1.051465172137710397e+03 2.166476105248155704e-01
1.052618094475580619e+03 2.206177890608497782e-01
1.053771016813450615e+03 2.245768321407610457e-01
1.054923939151321065e+03 2.285211231211806970e-01
1.056076861489191515e+03 2.324468703642683653e-01
1.057229783827061510e+03 2.363500469485345645e-01
1.058382706164931960e+03 2.402263183394103552e-01
1.059535628502802410e+03 2.440709536278650449e-01
1.060688550840672406e+03 2.478787146268054409e-01
1.061841473178542856e+03 2.516437152946012779e-01
1.062994395516413306e+03 2.553592414764925822e-01
1.064147317854283529e+03 2.590175176354031494e-01
1.065300240192153751e+03 2.626094029125553564e-01
1.066453162530024201e+03 2.661239934624873849e-01
1.067606084867894424e+03 2.695481018766906489e-01
1.068759007205764419e+03 2.728655789584868430e-01
1.069911929543634869e+03 2.760564417069469867e-01
1.071064851881505319e+03 2.790957824187266234e-01
1.072217774219375542e+03 2.819524746501792523e-01
1.073370696557245765e+03 2.845877942997540599e-01
1.074523618895116215e+03 2.869542861066425865e-01
1.075676541232986438e+03 2.889955688479608487e-01
1.076829463570856660e+03 2.906482332615406006e-01
1.077982385908727110e+03 2.918472133071777774e-01
1.079135308246597333e+03 2.925352715894626310e-01
1.080288230584467556e+03 2.926749098933338344e-01
1.081441152922338006e+03 2.922580527412393936e-01
1.082594075260208228e+03 2.913083309815933108e-01
1.083746997598078678e+03 2.898745979706989218e-01
1.084899919935948674e+03 2.880194198121289184e-01
1.086052842273819124e+03 2.858079669062344452e-01
1.087205764611689347e+03 2.833005581765647984e-01
1.088358686949559569e+03 2.805491860801682114e-01
1.089511609287430019e+03 2.775968357183185020e-01
1.090664531625300242e+03 2.744782641267088374e-01
1.091817453963170692e+03 2.712213167300546179e-01
1.092970376301040915e+03 2.678482886551092346e-01
1.094123298638911137e+03 2.643771236328661400e-01
1.095276220976781588e+03 2.608223938840347755e-01
1.096429143314651583e+03 2.571960709747987961e-01
1.097582065652522033e+03 2.535081206244643726e-01
1.098734987990392483e+03 2.497669577909922278e-01
1.099887910328262706e+03 2.459797942168804874e-01
1.101040832666132928e+03 2.421529045126972202e-01
1.102193755004003151e+03 2.382918310095303027e-01
1.103346677341873601e+03 2.344015427398431217e-01
1.104499599679743824e+03 2.304865600987450747e-01
1.105652522017614046e+03 2.265510538623562997e-01
1.106805444355484497e+03 2.225989251120044088e-01
1.107958366693354719e+03 2.186338710609417313e-01
1.109111289031224942e+03 2.146594406647688580e-01
1.110264211369095392e+03 2.106790831127076657e-01
1.111417133706965615e+03 2.066961917690280925e-01
1.112570056044835837e+03 2.027141458119585682e-01
1.113722978382706287e+03 1.987363516714500955e-01
1.114875900720576510e+03 1.947662863855578186e-01
1.116028823058446733e+03 1.908075451836747927e-01
1.117181745396317183e+03 1.868638959880228323e-01
1.118334667734187406e+03 1.829393441500284379e-01
1.119487590072057628e+03 1.790382116826904624e-01
1.120640512409927851e+03 1.751652366319256804e-01
1.121793434747798301e+03 1.713257002245010541e-01
1.122946357085668524e+03 1.675255922926568164e-01
1.124099279423538746e+03 1.637718295684045811e-01
1.125252201761409196e+03 1.600725472597623045e-01
1.126405124099279419e+03 1.564374924966225322e-01
1.127558046437149642e+03 1.528785594342023380e-01
1.128710968775020092e+03 1.494105203647581315e-01
1.129863891112890315e+03 1.460520240304885309e-01
1.131016813450760765e+03 1.428269461270878782e-01
1.132169735788630987e+03 1.397661715308827213e-01
1.133322658126501210e+03 1.369098221384792424e-01
1.134475580464371660e+03 1.343097297659338329e-01
1.135628502802241883e+03 1.320314373201703362e-01
1.136781425140112106e+03 1.301540471435991553e-01
1.137934347477982328e+03 1.287650528192620103e-01
1.139087269815852778e+03 1.279472773559775511e-01
1.140240192153723001e+03 1.277587713522020108e-01
1.141393114491593224e+03 1.282140545484304062e-01
1.142546036829463674e+03 1.292788140780166128e-01
1.143698959167333896e+03 1.308820396300008904e-01
1.144851881505204119e+03 1.329368239592162715e-01
1.146004803843074569e+03 1.353580810059510919e-01
1.147157726180944792e+03 1.380720944407234085e-01
1.148310648518815015e+03 1.410191921399819581e-01
1.149463570856685465e+03 1.441527170061986940e-01
1.150616493194555687e+03 1.474366910998232416e-01
1.151769415532425910e+03 1.508433964020832463e-01
1.152922337870296133e+03 1.543513254572938531e-01
1.154075260208166583e+03 1.579435866018593926e-01
1.155228182546036805e+03 1.616067109394832280e-01
1.156381104883907028e+03 1.653297750829077761e-01
1.157534027221777478e+03 1.691037593777301729e-01
1.158686949559647701e+03 1.729210775176951709e-01
1.159839871897517924e+03 1.767752296613033791e-01
1.160992794235388374e+03 1.806605443330931982e-01
1.162145716573258596e+03 1.845719842590193005e-01
1.163298638911128819e+03 1.885049983959335151e-01
1.164451561248999269e+03 1.924554074456227282e-01
1.165604483586869492e+03 1.964193136719381838e-01
1.166757405924739942e+03 2.003930283032298310e-01
1.167910328262610165e+03 2.043730115157334770e-01
1.169063250600480387e+03 2.083558211756305067e-01
1.170216172938350610e+03 2.123380673172293454e-01
1.171369095276220833e+03 2.163163698516537836e-01
1.172522017614091283e+03 2.202873172981105465e-01
1.173674939951961505e+03 2.242474244455579802e-01
1.174827862289831728e+03 2.281930868028706760e-01
1.175980784627702178e+03 2.321205294786647944e-01
1.177133706965572401e+03 2.360257477289470773e-01
1.178286629303442851e+03 2.399044357836091768e-01
1.179439551641313074e+03 2.437518996513527436e-01
1.180592473979183296e+03 2.475629483199268677e-01
1.181745396317053746e+03 2.513317559954630354e-01
1.182898318654923969e+03 2.550516856077408301e-01
1.184051240992794192e+03 2.587150605661349134e-01
1.185204163330664414e+03 2.623128675089864137e-01
1.186357085668534864e+03 2.658343674774721888e-01
1.187510008006405087e+03 2.692665868452248090e-01
1.188662930344275310e+03 2.725936536421250111e-01
1.189815852682145760e+03 2.757959429311616084e-01
1.190968775020015983e+03 2.788490044087035824e-01
1.192121697357886205e+03 2.817222827675156527e-01
1.193274619695756655e+03 2.843777370919749470e-01
1.194427542033626878e+03 2.867686664643813721e-01
1.195580464371497101e+03 2.888393991239954217e-01
1.196733386709367551e+03 2.905269624823728081e-01
1.197886309047237773e+03 2.917661204172813383e-01
1.199039231385107996e+03 2.924985380104311306e-01
1.200192153722978446e+03 2.926846328780993711e-01
1.201345076060848669e+03 2.923136638535068776e-01
1.202497998398718892e+03 2.914067595001005317e-01
1.203650920736589114e+03 2.900110793884371763e-01
1.204803843074459564e+03 2.881885072318624008e-01
1.205956765412330014e+03 2.860043403936998185e-01
1.207109687750200010e+03 2.835194837513680954e-01
1.208262610088070460e+03 2.807866785639370755e-01
1.209415532425940910e+03 2.778496434766072887e-01
1.210568454763810905e+03 2.747437740591394673e-01
1.211721377101681355e+03 2.714974383819271919e-01
1.212874299439551578e+03 2.681333454178603248e-01
1.214027221777422028e+03 2.646697610269692080e-01
1.215180144115292251e+03 2.611215062546080601e-01
1.216333066453162473e+03 2.575007444872691731e-01
1.217485988791032923e+03 2.538175895180317387e-01
1.218638911128902919e+03 2.500805709669337018e-01
1.219791833466773369e+03 2.462969897066176750e-01
1.220944755804643819e+03 2.424731898866818725e-01
1.222097678142513814e+03 2.386147682421178584e-01
1.223250600480384264e+03 2.347267364097033737e-01
1.224403522818254714e+03 2.308136480836408266e-01
1.225556445156124937e+03 2.268796998955921185e-01
1.226709367493995160e+03 2.229288127210228843e-01
1.227862289831865382e+03 2.189646985195208007e-01
1.229015212169735833e+03 2.149909166693401430e-01
1.230168134507606055e+03 2.110109229479875947e-01
1.231321056845476278e+03 2.070281137637458024e-01
1.232473979183346728e+03 2.030458679052861704e-01
1.233626901521217178e+03 1.990675879165695050e-01
1.234779823859087173e+03 1.950967432089692755e-01
1.235932746196957623e+03 1.911369171961890545e-01
1.237085668534828073e+03 1.871918611030359836e-01
1.238238590872698069e+03 1.832655577016600590e-01
1.239391513210568519e+03 1.793622991429265900e-01
1.240544435548438742e+03 1.754867843902176705e-01
1.241697357886308964e+03 1.716442436980545883e-01
1.242850280224179187e+03 1.678406003559212156e-01
1.244003202562049637e+03 1.640826838910702801e-01
1.245156124899920087e+03 1.603785145770504628e-01
1.246309047237790082e+03 1.567376870474703199e-01
1.247461969575660532e+03 1.531718917409322367e-01
1.248614891913530982e+03 1.496956271954770212e-01
1.249767814251400978e+03 1.463271729784992037e-01
1.250920736589271428e+03 1.430899074910074176e-01
1.252073658927141878e+03 1.400140521266355076e-01
1.253226581265012101e+03 1.371388651880752485e-01
1.254379503602882323e+03 1.345151119096358872e-01
1.255532425940752546e+03 1.322071527677797509e-01
1.256685348278622996e+03 1.302930659943503933e-01
1.257838270616492991e+03 1.288600244231916381e-01
1.258991192954363441e+03 1.279919438119162534e-01
1.260144115292233892e+03 1.277497579494110691e-01
1.261297037630103887e+03 1.281520669677433943e-01
1.262449959967974337e+03 1.291683744805952605e-01
1.263602882305844787e+03 1.307299654174225167e-01
1.264755804643715237e+03 1.327504810689061621e-01
1.265908726981585232e+03 1.351442034016410720e-01
1.267061649319455682e+03 1.378362927415971162e-01
1.268214571657325905e+03 1.407659142242052019e-01
1.269367493995195900e+03 1.438854082608989338e-01
1.270520416333066350e+03 1.471580027125445611e-01
1.271673338670936801e+03 1.505553757785507429e-01
1.272826261008807251e+03 1.540555694731280678e-01
1.273979183346677246e+03 1.576413580376748447e-01
1.275132105684547696e+03 1.612990246368641023e-01
1.276285028022418146e+03 1.650174610465234837e-01
1.277437950360288141e+03 1.687875089401546513e-01
1.278590872698158591e+03 1.726014772571579925e-01
1.279743795036029042e+03 1.764527865124943806e-01
1.280896717373899264e+03 1.803357043643582514e-01
1.282049639711769487e+03 1.842451468818309956e-01
1.283202562049639710e+03 1.881765272683364465e-01
1.284355484387510160e+03 1.921256389765746142e-01
1.285508406725380155e+03 1.960885637852848307e-01
1.286661329063250605e+03 2.000615979470009576e-01
1.287814251401121055e+03 2.040411912824550145e-01
1.288967173738991050e+03 2.080238953171319183e-01
1.290120096076861500e+03 2.120063173826944869e-01
1.291273018414731951e+03 2.159850781436212508e-01
1.292425940752602173e+03 2.199567703236448291e-01
1.293578863090472396e+03 2.239179165366083080e-01
1.294731785428342846e+03 2.278649240902019812e-01
1.295884707766213069e+03 2.317940344285584486e-01
1.297037630104083291e+03 2.357012644933633716e-01
1.298190552441953514e+03 2.395823366766201279e-01
1.299343474779823964e+03 2.434325931533892762e-01
1.300496397117694187e+03 2.472468891351409792e-01
1.301649319455564410e+03 2.510194578575129509e-01
1.302802241793434860e+03 2.547437377596321051e-01
1.303955164131305310e+03 2.584121491459797637e-01
1.305108086469175305e+03 2.620158034683155446e-01
1.306261008807045528e+03 2.655441231392297041e-01
1.307413931144916205e+03 2.689843437272931848e-01
1.308566853482786200e+03 2.723208645714349507e-01
1.309719775820656423e+03 2.755344113495161729e-01
1.310872698158526873e+03 2.786009822181305107e-01
1.312025620496397323e+03 2.814905832545718800e-01
1.313178542834267319e+03 2.841658482073463610e-01
1.314331465172137769e+03 2.865808276925989606e-01
1.315484387510008219e+03 2.886805701466039764e-01
1.316637309847878214e+03 2.904025740609319506e-01
1.317790232185748437e+03 2.916814976035623230e-01
1.318943154523619114e+03 2.924579933589784297e-01
1.320096076861489337e+03 2.926904682917143563e-01
1.321248999199359332e+03 2.923655377879599837e-01
1.322401921537230010e+03 2.915017853138931470e-01
1.323554843875100232e+03 2.901445946264992193e-01
1.324707766212970228e+03 2.883550864299715966e-01
1.325860688550840678e+03 2.861986306724038642e-01
1.327013610888711128e+03 2.837366927596057242e-01
1.328166533226581123e+03 2.810227576075488565e-01
1.329319455564451573e+03 2.781012828148453075e-01
1.330472377902322023e+03 2.750083117701325186e-01
1.331625300240192246e+03 2.717727448108127608e-01
1.332778222578062469e+03 2.684177132311976188e-01
1.333931144915932919e+03 2.649618119459026810e-01
1.335084067253803141e+03 2.614201162714001048e-01
1.336236989591673137e+03 2.578049856156812703e-01
1.337389911929543814e+03 2.541266850587854398e-01
1.338542834267414037e+03 2.503938613358059895e-01
1.339695756605284259e+03 2.466139063267819009e-01
1.340848678943154482e+03 2.427932351649229048e-01
1.342001601281024932e+03 2.389375001095896678e-01
1.343154523618895155e+03 2.350517562798550841e-01
1.344307445956765378e+03 2.311405913657648969e-01
1.345460368294635828e+03 2.272082284162449395e-01
1.346613290632506050e+03 2.232586085628167349e-01
1.347766212970376273e+03 2.192954589008293820e-01
1.348919135308246723e+03 2.153223495698486645e-01
1.350072057646116946e+03 2.113427432415385943e-01
1.351224979983987168e+03 2.073600396569260929e-01
1.352377902321857619e+03 2.033776175012526333e-01
1.353530824659727841e+03 1.993988757305742987e-01
1.354683746997598064e+03 1.954272764554038366e-01
1.355836669335468287e+03 1.914663916455851267e-01
1.356989591673338737e+03 1.875199562687567267e-01
1.358142514011208959e+03 1.835919310551669681e-01
1.359295436349079182e+03 1.796865789659592427e-01
1.360448358686949632e+03 1.758085607406333351e-01
1.361601281024819855e+03 1.719630567766506635e-01
1.362754203362690077e+03 1.681559252900871326e-01
1.363907125700560528e+03 1.643939105634447950e-01
1.365060048038430750e+03 1.606849205777989287e-01
1.366212970376300973e+03 1.570384010613810333e-01
1.367365892714171423e+03 1.534658436424981565e-01
1.368518815052041646e+03 1.499814798119656067e-01
1.369671737389911868e+03 1.466032290632805490e-01
1.370824659727782091e+03 1.433539845918020139e-01
1.371977582065652541e+03 1.402633196224666035e-01
1.373130504403522764e+03 1.373696463584595517e-01
1.374283426741392987e+03 1.347226788309833778e-01
1.375436349079263437e+03 1.323855975863458267e-01
1.376589271417133659e+03 1.304354266373293492e-01
1.377742193755003882e+03 1.289589325175658496e-01
1.378895116092874559e+03 1.280409821534284343e-01
1.380048038430744555e+03 1.277452499780716566e-01
1.381200960768614777e+03 1.280943660197043088e-01
1.382353883106485227e+03 1.290617314297799190e-01
1.383506805444355450e+03 1.305810771066107379e-01
1.384659727782225673e+03 1.325667230756441273e-01
1.385812650120095896e+03 1.349323894532153401e-01
1.386965572457966573e+03 1.376021329041877128e-01
1.388118494795836568e+03 1.405139486092886747e-01
1.389271417133706791e+03 1.436191578878781294e-01
1.390424339471577468e+03 1.468801772226003277e-01
1.391577261809447464e+03 1.502680664991852544e-01
1.392730184147317686e+03 1.537604059058557682e-01
1.393883106485188364e+03 1.573396271456441731e-01
1.395036028823058587e+03 1.609917592395029851e-01
1.396188951160928582e+03 1.647055045895507996e-01
1.397341873498799259e+03 1.684715628735718451e-01
1.398494795836669482e+03 1.722821358267900282e-01
1.399647718174539477e+03 1.761305624987620499e-01
1.400800640512409700e+03 1.800110483115802407e-01
1.401953562850280377e+03 1.839184616343116641e-01
1.403106485188150373e+03 1.878481791105817977e-01
1.404259407526020595e+03 1.917959663095551437e-01
1.405412329863891273e+03 1.957578840149010735e-01
1.406565252201761496e+03 1.997302130825925615e-01
1.407718174539631491e+03 2.037093926194410431e-01
1.408871096877502168e+03 2.076919674929426640e-01
1.410024019215372391e+03 2.116745420384235354e-01
1.411176941553242386e+03 2.156537373882829456e-01
1.412329863891113064e+03 2.196261501791555715e-01
1.413482786228983286e+03 2.235883105372333535e-01
1.414635708566853509e+03 2.275366372194731479e-01
1.415788630904723959e+03 2.314673876002011632e-01
1.416941553242594182e+03 2.353765998227384526e-01
1.418094475580464405e+03 2.392600238493866605e-01
1.419247397918334400e+03 2.431130372843518239e-01
1.420400320256205077e+03 2.469305406306637751e-01
1.421553242594075300e+03 2.507068249605515220e-01
1.422706164931945295e+03 2.544354026811302405e-01
1.423859087269815973e+03 2.581087889857357487e-01
1.425012009607686196e+03 2.617182175155405854e-01
1.426164931945556418e+03 2.652532686172879295e-01
1.427317854283426868e+03 2.687013825665353073e-01
1.428470776621297091e+03 2.720472242139014840e-01
1.429623698959167314e+03 2.752718625343325010e-01
1.430776621297037764e+03 2.783517353159892793e-01
1.431929543634907986e+03 2.812574002836615294e-01
1.433082465972778209e+03 2.839521570960003016e-01
1.434235388310648659e+03 2.863908043669180503e-01
1.435388310648518882e+03 2.885191199586014665e-01
1.436541232986389105e+03 2.902751055158748206e-01
1.437694155324259555e+03 2.915933754273206113e-01
1.438847077662129777e+03 2.924136540176756616e-01
1.440000000000000000e+03 2.926924137002230863e-01
