Theta (degrees)	Normalized Energy
0.000000000000000000e+00 9.992569474815836683e-01
5.764611689351480939e-01 9.992571154151203006e-01
1.152922337870296188e+00 9.992576190662592062e-01
1.729383506805444393e+00 9.992584579867166417e-01
2.305844675740592375e+00 9.992596314297623739e-01
2.882305844675740580e+00 9.992611383508377410e-01
3.458767013610888785e+00 9.992629774084202943e-01
4.035228182546037878e+00 9.992651469651325780e-01
4.611689351481184751e+00 9.992676450890942697e-01
5.188150520416332512e+00 9.992704695555255645e-01
5.764611689351481161e+00 9.992736178485835952e-01
6.341072858286629810e+00 9.992770871634546470e-01
6.917534027221777571e+00 9.992808744086751904e-01
7.493995196156925331e+00 9.992849762087022691e-01
8.070456365092075757e+00 9.992893889067170354e-01
8.646917534027222629e+00 9.992941085676692037e-01
9.223378702962369502e+00 9.992991309815515422e-01
9.799839871897518151e+00 9.993044516669157273e-01
1.037630104083266502e+01 9.993100658746132403e-01
1.095276220976781545e+01 9.993159685917663015e-01
1.152922337870296232e+01 9.993221545459700650e-01
1.210568454763811097e+01 9.993286182097136372e-01
1.268214571657325962e+01 9.993353538050259166e-01
1.325860688550840827e+01 9.993423553083399247e-01
1.383506805444355514e+01 9.993496164555742967e-01
1.441152922337870379e+01 9.993571307474237164e-01
1.498799039231385066e+01 9.993648914548631801e-01
1.556445156124899931e+01 9.993728916248536542e-01
1.614091273018415151e+01 9.993811240862563450e-01
1.671737389911929483e+01 9.993895814559385915e-01
1.729383506805444526e+01 9.993982561450774904e-01
1.787029623698959213e+01 9.994071403656537012e-01
1.844675740592473900e+01 9.994162261371308809e-01
1.902321857485988943e+01 9.994255052933157524e-01
1.959967974379503630e+01 9.994349694893931435e-01
2.017614091273018673e+01 9.994446102091365525e-01
2.075260208166533005e+01 9.994544187722782524e-01
2.132906325060048047e+01 9.994643863420533680e-01
2.190552441953563090e+01 9.994745039328788438e-01
2.248198558847077777e+01 9.994847624182059409e-01
2.305844675740592464e+01 9.994951525384929703e-01
2.363490792634107507e+01 9.995056649093401191e-01
2.421136909527622194e+01 9.995162900297319686e-01
2.478783026421137237e+01 9.995270182904253398e-01
2.536429143314651924e+01 9.995378399824408344e-01
2.594075260208166256e+01 9.995487453056768334e-01
2.651721377101681654e+01 9.995597243776198626e-01
2.709367493995195986e+01 9.995707672421596524e-01
2.767013610888711028e+01 9.995818638784864651e-01
2.824659727782225715e+01 9.995930042100832358e-01
2.882305844675740758e+01 9.996041781137785520e-01
2.939951961569255445e+01 9.996153754288767956e-01
2.997598078462770133e+01 9.996265859663454600e-01
3.055244195356285175e+01 9.996377995180539822e-01
3.112890312249799862e+01 9.996490058660515432e-01
3.170536429143314550e+01 9.996601947918867248e-01
3.228182546036830303e+01 9.996713560859469272e-01
3.285828662930344990e+01 9.996824795568211020e-01
3.343474779823858967e+01 9.996935550406630400e-01
3.401120896717373654e+01 9.997045724105666498e-01
3.458767013610889052e+01 9.997155215859208077e-01
3.516413130504403739e+01 9.997263925417544383e-01
3.574059247397918426e+01 9.997371753180470666e-01
3.631705364291433114e+01 9.997478600290126138e-01
3.689351481184947801e+01 9.997584368723322346e-01
3.746997598078462488e+01 9.997688961383295325e-01
3.804643714971977886e+01 9.997792282190911539e-01
3.862289831865492573e+01 9.997894236175047800e-01
3.919935948759007260e+01 9.997994729562226235e-01
3.977582065652522658e+01 9.998093669865267819e-01
4.035228182546037345e+01 9.998190965971001098e-01
4.092874299439551322e+01 9.998286528226815184e-01
4.150520416333066009e+01 9.998380268526040338e-01
4.208166533226581407e+01 9.998472100392057360e-01
4.265812650120096094e+01 9.998561939061026971e-01
4.323458767013610782e+01 9.998649701563127046e-01
4.381104883907126180e+01 9.998735306802275513e-01
4.438751000800640867e+01 9.998818675634200126e-01
4.496397117694155554e+01 9.998899730942752972e-01
4.554043234587670241e+01 9.998978397714467503e-01
4.611689351481184929e+01 9.999054603111149353e-01
4.669335468374699616e+01 9.999128276540570903e-01
4.726981585268215014e+01 9.999199349725019781e-01
4.784627702161729701e+01 9.999267756767805659e-01
4.842273819055244388e+01 9.999333434217457794e-01
4.899919935948759786e+01 9.999396321129698784e-01
4.957566052842274473e+01 9.999456359127064653e-01
5.015212169735789161e+01 9.999513492456035824e-01
5.072858286629303848e+01 9.999567668041758894e-01
5.130504403522817825e+01 9.999618835540124984e-01
5.188150520416332512e+01 9.999666947387282345e-01
5.245796637309847199e+01 9.999711958846484450e-01
5.303442754203363307e+01 9.999753828052118099e-01
5.361088871096877284e+01 9.999792516051045910e-01
5.418734987990391971e+01 9.999827986841065552e-01
5.476381104883908080e+01 9.999860207406443546e-01
5.534027221777422056e+01 9.999889147750665730e-01
5.591673338670936744e+01 9.999914780926012492e-01
5.649319455564451431e+01 9.999937083060347343e-01
5.706965572457966118e+01 9.999956033380716924e-01
5.764611689351481516e+01 9.999971614233992279e-01
5.822257806244995493e+01 9.999983811104337095e-01
5.879903923138510891e+01 9.999992612627659483e-01
5.937550040032026288e+01 9.999998010602862974e-01
5.995196156925540265e+01 1.000000000000000000e+00
6.052842273819055663e+01 9.999998578965253460e-01
6.110488390712570350e+01 9.999993748822827433e-01
6.168134507606085037e+01 9.999985514073563841e-01
6.225780624499599725e+01 9.999973882390509328e-01
6.283426741393115122e+01 9.999958864611299125e-01
6.341072858286629099e+01 9.999940474727392337e-01
6.398718975180144497e+01 9.999918729870171941e-01
6.456365092073660605e+01 9.999893650293953939e-01
6.514011208967173161e+01 9.999865259355930069e-01
6.571657325860689980e+01 9.999833583492965250e-01
6.629303442754202536e+01 9.999798652195448501e-01
6.686949559647717933e+01 9.999760497978084084e-01
6.744595676541233331e+01 9.999719156347717242e-01
6.802241793434747308e+01 9.999674665768272241e-01
6.859887910328262706e+01 9.999627067622720578e-01
6.917534027221778103e+01 9.999576406172289156e-01
6.975180144115292080e+01 9.999522728512829639e-01
7.032826261008807478e+01 9.999466084528427778e-01
7.090472377902322876e+01 9.999406526842375964e-01
7.148118494795836853e+01 9.999344110765451266e-01
7.205764611689350829e+01 9.999278894241724336e-01
7.263410728582866227e+01 9.999210937791735976e-01
7.321056845476380204e+01 9.999140304453316697e-01
7.378702962369895602e+01 9.999067059720040396e-01
7.436349079263410999e+01 9.998991271477329912e-01
7.493995196156924976e+01 9.998913009936378771e-01
7.551641313050440374e+01 9.998832347565884682e-01
7.609287429943955772e+01 9.998749359021772420e-01
7.666933546837469748e+01 9.998664121074863909e-01
7.724579663730985146e+01 9.998576712536669797e-01
7.782225780624500544e+01 9.998487214183343630e-01
7.839871897518014521e+01 9.998395708677909610e-01
7.897518014411529919e+01 9.998302280490800609e-01
7.955164131305045316e+01 9.998207015818895149e-01
8.012810248198559293e+01 9.998110002502968996e-01
8.070456365092074691e+01 9.998011329943888859e-01
8.128102481985588668e+01 9.997911089017373909e-01
8.185748598879102644e+01 9.997809371987659288e-01
8.243394715772619463e+01 9.997706272419984996e-01
8.301040832666132019e+01 9.997601885092048946e-01
8.358686949559648838e+01 9.997496305904578495e-01
8.416333066453162814e+01 9.997389631791057107e-01
8.473979183346676791e+01 9.997281960626608344e-01
8.531625300240192189e+01 9.997173391136396914e-01
8.589271417133706166e+01 9.997064022803329175e-01
8.646917534027221564e+01 9.996953955775322864e-01
8.704563650920735540e+01 9.996843290772235990e-01
8.762209767814252359e+01 9.996732128992472655e-01
8.819855884707764915e+01 9.996620572019431217e-01
8.877502001601281734e+01 9.996508721727778157e-01
8.935148118494795710e+01 9.996396680189828521e-01
8.992794235388311108e+01 9.996284549581840873e-01
9.050440352281825085e+01 9.996172432090636439e-01
9.108086469175340483e+01 9.996060429820348148e-01
9.165732586068854459e+01 9.995948644699561569e-01
9.223378702962369857e+01 9.995837178388854438e-01
9.281024819855885255e+01 9.995726132188818003e-01
9.338670936749399232e+01 9.995615606948727860e-01
9.396317053642914630e+01 9.995505702975754359e-01
9.453963170536430027e+01 9.995396519945057845e-01
9.511609287429944004e+01 9.995288156810564484e-01
9.569255404323459402e+01 9.995180711716733502e-01
9.626901521216973379e+01 9.995074281911230374e-01
9.684547638110488776e+01 9.994968963658656946e-01
9.742193755004002753e+01 9.994864852155381785e-01
9.799839871897519572e+01 9.994762041445547363e-01
9.857485988791032128e+01 9.994660624338328470e-01
9.915132105684548947e+01 9.994560692326461826e-01
9.972778222578062923e+01 9.994462335506190120e-01
1.003042433947157832e+02 9.994365642498593827e-01
1.008807045636509230e+02 9.994270700372444027e-01
1.014571657325860770e+02 9.994177594568570688e-01
1.020336269015212167e+02 9.994086408825862966e-01
1.026100880704563565e+02 9.993997225108893767e-01
1.031865492393915105e+02 9.993910123537266266e-01
1.037630104083266502e+02 9.993825182316724565e-01
1.043394715772618184e+02 9.993742477672047375e-01
1.049159327461969440e+02 9.993662083781814642e-01
1.054923939151321122e+02 9.993584072715031574e-01
1.060688550840672661e+02 9.993508514369738860e-01
1.066453162530024059e+02 9.993435476413569107e-01
1.072217774219375457e+02 9.993365024226306126e-01
1.077982385908726997e+02 9.993297220844558071e-01
1.083746997598078394e+02 9.993232126908421220e-01
1.089511609287429934e+02 9.993169800610378628e-01
1.095276220976781616e+02 9.993110297646242701e-01
1.101040832666132872e+02 9.993053671168392604e-01
1.106805444355484411e+02 9.992999971741114429e-01
1.112570056044835951e+02 9.992949247298260618e-01
1.118334667734187349e+02 9.992901543103163142e-01
1.124099279423538889e+02 9.992856901710770456e-01
1.129863891112890286e+02 9.992815362932195855e-01
1.135628502802241826e+02 9.992776963801528467e-01
1.141393114491593224e+02 9.992741738545004582e-01
1.147157726180944906e+02 9.992709718552564846e-01
1.152922337870296303e+02 9.992680932351790668e-01
1.158686949559647701e+02 9.992655405584228712e-01
1.164451561248999099e+02 9.992633160984126794e-01
1.170216172938350780e+02 9.992614218359635592e-01
1.175980784627702178e+02 9.992598594576368454e-01
1.181745396317053718e+02 9.992586303543490311e-01
1.187510008006405258e+02 9.992577356202184680e-01
1.193274619695756655e+02 9.992571760516627544e-01
1.199039231385108053e+02 9.992569521467407068e-01
1.204803843074459593e+02 9.992570641047380242e-01
1.210568454763811133e+02 9.992575118260075273e-01
1.216333066453162672e+02 9.992582949120479840e-01
1.222097678142514070e+02 9.992594126658336240e-01
1.227862289831865326e+02 9.992608640923912322e-01
1.233626901521217007e+02 9.992626478996226025e-01
1.239391513210568547e+02 9.992647624993699074e-01
1.245156124899919945e+02 9.992672060087335328e-01
1.250920736589271627e+02 9.992699762516279449e-01
1.256685348278623024e+02 9.992730707605835816e-01
1.262449959967974280e+02 9.992764867787932159e-01
1.268214571657325820e+02 9.992802212623967950e-01
1.273979183346677502e+02 9.992842708830086407e-01
1.279743795036028899e+02 9.992886320304854575e-01
1.285508406725380439e+02 9.992933008159253783e-01
1.291273018414732121e+02 9.992982730749125908e-01
1.297037630104083235e+02 9.993035443709837873e-01
1.302802241793434632e+02 9.993091099993369752e-01
1.308566853482786314e+02 9.993149649907653309e-01
1.314331465172137996e+02 9.993211041158160945e-01
1.320096076861489394e+02 9.993275218891782830e-01
1.325860688550840507e+02 9.993342125742947779e-01
1.331625300240192189e+02 9.993411701881838027e-01
1.337389911929543587e+02 9.993483885064867733e-01
1.343154523618895269e+02 9.993558610687262034e-01
1.348919135308246666e+02 9.993635811837721095e-01
1.354683746997598348e+02 9.993715419355176932e-01
1.360448358686949462e+02 9.993797361887547526e-01
1.366212970376301143e+02 9.993881565952497104e-01
1.371977582065652541e+02 9.993967956000157082e-01
1.377742193755003939e+02 9.994056454477746598e-01
1.383506805444355621e+02 9.994146981896047111e-01
1.389271417133707018e+02 9.994239456897704432e-01
1.395036028823058416e+02 9.994333796327317110e-01
1.400800640512409814e+02 9.994429915303213452e-01
1.406565252201761496e+02 9.994527727290968278e-01
1.412329863891112893e+02 9.994627144178424016e-01
1.418094475580464575e+02 9.994728076352387136e-01
1.423859087269815973e+02 9.994830432776803386e-01
1.429623698959167371e+02 9.994934121072320821e-01
1.435388310648518768e+02 9.995039047597317206e-01
1.441152922337870166e+02 9.995145117530228607e-01
1.446917534027221848e+02 9.995252234953126980e-01
1.452682145716573245e+02 9.995360302936512342e-01
1.458446757405924927e+02 9.995469223625184085e-01
1.464211369095276041e+02 9.995578898325298001e-01
1.469975980784627723e+02 9.995689227592224890e-01
1.475740592473979120e+02 9.995800111319508297e-01
1.481505204163330518e+02 9.995911448828533885e-01
1.487269815852682200e+02 9.996023138959024834e-01
1.493034427542033598e+02 9.996135080160206687e-01
1.498799039231384995e+02 9.996247170582579500e-01
1.504563650920736393e+02 9.996359308170227331e-01
1.510328262610088075e+02 9.996471390753555175e-01
1.516092874299439472e+02 9.996583316142397813e-01
1.521857485988791154e+02 9.996694982219406223e-01
1.527622097678142268e+02 9.996806287033613847e-01
1.533386709367493950e+02 9.996917128894133864e-01
1.539151321056845347e+02 9.997027406463824262e-01
1.544915932746197029e+02 9.997137018852912949e-01
1.550680544435548427e+02 9.997245865712484081e-01
1.556445156124900109e+02 9.997353847327635767e-01
1.562209767814251222e+02 9.997460864710351336e-01
1.567974379503602904e+02 9.997566819691939832e-01
1.573738991192954302e+02 9.997671615014888102e-01
1.579503602882305984e+02 9.997775154424144439e-01
1.585268214571657381e+02 9.997877342757691688e-01
1.591032826261009063e+02 9.997978086036243273e-01
1.596797437950360177e+02 9.998077291552129875e-01
1.602562049639711859e+02 9.998174867957132506e-01
1.608326661329063256e+02 9.998270725349246435e-01
1.614091273018414938e+02 9.998364775358274947e-01
1.619855884707766336e+02 9.998456931230139677e-01
1.625620496397117734e+02 9.998547107909860898e-01
1.631385108086469131e+02 9.998635222123024580e-01
1.637149719775820529e+02 9.998721192455790607e-01
1.642914331465172211e+02 9.998804939433241223e-01
1.648678943154523893e+02 9.998886385595993076e-01
1.654443554843875290e+02 9.998965455575017369e-01
1.660208166533226404e+02 9.999042076164623705e-01
1.665972778222578086e+02 9.999116176393434419e-01
1.671737389911929768e+02 9.999187687593319440e-01
1.677502001601281165e+02 9.999256543466218394e-01
1.683266613290632563e+02 9.999322680148756692e-01
1.689031224979983961e+02 9.999386036274603429e-01
1.694795836669335358e+02 9.999446553034432306e-01
1.700560448358687040e+02 9.999504174233556641e-01
1.706325060048038438e+02 9.999558846346977559e-01
1.712089671737389835e+02 9.999610518571960815e-01
1.717854283426741233e+02 9.999659142877952434e-01
1.723618895116093199e+02 9.999704674053877529e-01
1.729383506805444313e+02 9.999747069752668027e-01
1.735148118494795710e+02 9.999786290533017041e-01
1.740912730184147108e+02 9.999822299898354361e-01
1.746677341873499074e+02 9.999855064332850985e-01
1.752441953562850472e+02 9.999884553334646986e-01
1.758206565252201869e+02 9.999910739445960761e-01
1.763971176941552983e+02 9.999933598280330571e-01
1.769735788630904949e+02 9.999953108546766334e-01
1.775500400320256347e+02 9.999969252070851633e-01
1.781265012009607744e+02 9.999982013812798165e-01
1.787029623698959142e+02 9.999991381882356034e-01
1.792794235388310824e+02 9.999997347550598770e-01
1.798558847077662222e+02 9.999999905258627475e-01
1.804323458767013619e+02 9.999999052623071982e-01
1.810088070456365017e+02 9.999994790438448966e-01
1.815852682145716699e+02 9.999987122676400331e-01
1.821617293835068097e+02 9.999976056481706399e-01
1.827381905524419778e+02 9.999961602165247099e-01
1.833146517213770892e+02 9.999943773193707974e-01
1.838911128903122290e+02 9.999922586176263062e-01
1.844675740592473971e+02 9.999898060848050330e-01
1.850440352281825369e+02 9.999870220050627312e-01
1.856204963971177051e+02 9.999839089709328110e-01
1.861969575660528164e+02 9.999804698807560621e-01
1.867734187349879846e+02 9.999767079358142796e-01
1.873498799039231244e+02 9.999726266371569139e-01
1.879263410728582926e+02 9.999682297821498311e-01
1.885028022417934608e+02 9.999635214607143219e-01
1.890792634107286005e+02 9.999585060512978796e-01
1.896557245796637119e+02 9.999531882165553220e-01
1.902321857485988801e+02 9.999475728987597956e-01
1.908086469175340198e+02 9.999416653149373335e-01
1.913851080864691880e+02 9.999354709517466189e-01
1.919615692554043278e+02 9.999289955600912938e-01
1.925380304243394676e+02 9.999222451494909070e-01
1.931144915932746073e+02 9.999152259821941779e-01
1.936909527622097755e+02 9.999079445670662203e-01
1.942674139311449153e+02 9.999004076532390650e-01
1.948438751000800551e+02 9.998926222235374750e-01
1.954203362690151948e+02 9.998845954876875997e-01
1.959967974379503914e+02 9.998763348753264557e-01
1.965732586068855028e+02 9.998678480287988002e-01
1.971497197758206426e+02 9.998591427957653766e-01
1.977261809447557823e+02 9.998502272216348574e-01
1.983026421136909789e+02 9.998411095418070493e-01
1.988791032826261187e+02 9.998317981737634419e-01
1.994555644515612585e+02 9.998223017089832299e-01
2.000320256204963698e+02 9.998126289047268855e-01
2.006084867894315664e+02 9.998027886756670757e-01
2.011849479583667062e+02 9.997927900853906813e-01
2.017614091273018460e+02 9.997826423377860205e-01
2.023378702962369857e+02 9.997723547683030620e-01
2.029143314651721539e+02 9.997619368351244873e-01
2.034907926341072937e+02 9.997513981102308378e-01
2.040672538030424334e+02 9.997407482703867254e-01
2.046437149719775732e+02 9.997299970880479947e-01
2.052201761409127130e+02 9.997191544222019388e-01
2.057966373098478812e+02 9.997082302091522266e-01
2.063730984787830209e+02 9.996972344532520927e-01
2.069495596477181607e+02 9.996861772176043326e-01
2.075260208166533005e+02 9.996750686147231058e-01
2.081024819855884687e+02 9.996639187971811946e-01
2.086789431545236368e+02 9.996527379482420539e-01
2.092554043234587766e+02 9.996415362724928588e-01
2.098318654923938880e+02 9.996303239864772205e-01
2.104083266613290562e+02 9.996191113093485514e-01
2.109847878302642243e+02 9.996079084535446357e-01
2.115612489991993641e+02 9.995967256154937308e-01
2.121377101681345323e+02 9.995855729663595257e-01
2.127141713370696721e+02 9.995744606428379475e-01
2.132906325060048118e+02 9.995633987380095897e-01
2.138670936749399516e+02 9.995523972922546463e-01
2.144435548438750914e+02 9.995414662842425635e-01
2.150200160128102596e+02 9.995306156220024052e-01
2.155964771817453993e+02 9.995198551340814808e-01
2.161729383506805391e+02 9.995091945607946782e-01
2.167493995196156789e+02 9.994986435455794904e-01
2.173258606885508470e+02 9.994882116264647287e-01
2.179023218574859868e+02 9.994779082276454840e-01
2.184787830264211266e+02 9.994677426511923146e-01
2.190552441953563232e+02 9.994577240688786723e-01
2.196317053642914630e+02 9.994478615141531019e-01
2.202081665332265743e+02 9.994381638742517726e-01
2.207846277021617141e+02 9.994286398824514528e-01
2.213610888710968823e+02 9.994192981104857987e-01
2.219375500400320504e+02 9.994101469611168520e-01
2.225140112089671902e+02 9.994011946608690744e-01
2.230904723779023016e+02 9.993924492529357995e-01
2.236669335468374697e+02 9.993839185902605449e-01
2.242433947157726379e+02 9.993756103287941839e-01
2.248198558847077777e+02 9.993675319209431862e-01
2.253963170536429175e+02 9.993596906091999355e-01
2.259727782225780572e+02 9.993520934199697781e-01
2.265492393915132254e+02 9.993447471575928054e-01
2.271257005604483652e+02 9.993376583985688066e-01
2.277021617293835050e+02 9.993308334859863917e-01
2.282786228983186447e+02 9.993242785241592818e-01
2.288550840672537845e+02 9.993179993734756517e-01
2.294315452361889811e+02 9.993120016454580812e-01
2.300080064051240925e+02 9.993062906980512139e-01
2.305844675740592606e+02 9.993008716311182482e-01
2.311609287429943720e+02 9.992957492821713528e-01
2.317373899119295402e+02 9.992909282223181311e-01
2.323138510808647084e+02 9.992864127524486717e-01
2.328903122497998197e+02 9.992822068996412010e-01
2.334667734187350163e+02 9.992783144138074336e-01
2.340432345876701561e+02 9.992747387645736223e-01
2.346196957566052959e+02 9.992714831383925356e-01
2.351961569255404356e+02 9.992685504358996829e-01
2.357726180944755470e+02 9.992659432695031319e-01
2.363490792634107436e+02 9.992636639612216820e-01
2.369255404323458833e+02 9.992617145407581836e-01
2.375020016012810515e+02 9.992600967438198811e-01
2.380784627702161629e+02 9.992588120106838945e-01
2.386549239391513311e+02 9.992578614850048391e-01
2.392313851080864708e+02 9.992572460128685830e-01
2.398078462770216106e+02 9.992569661420960259e-01
2.403843074459568072e+02 9.992570221217870197e-01
2.409607686148919186e+02 9.992574139021167534e-01
2.415372297838270583e+02 9.992581411343767206e-01
2.421136909527622265e+02 9.992592031712630440e-01
2.426901521216973379e+02 9.992605990674081617e-01
2.432666132906325345e+02 9.992623275801687521e-01
2.438430744595676458e+02 9.992643871706451408e-01
2.444195356285028140e+02 9.992667760049597225e-01
2.449959967974379538e+02 9.992694919557725264e-01
2.455724579663730651e+02 9.992725326040428069e-01
2.461489191353082617e+02 9.992758952410338846e-01
2.467253803042434015e+02 9.992795768705580173e-01
2.473018414731785413e+02 9.992835742114662967e-01
2.478783026421137095e+02 9.992878837003721371e-01
2.484547638110487924e+02 9.992925014946156814e-01
2.490312249799839890e+02 9.992974234754632423e-01
2.496076861489191288e+02 9.993026452515427760e-01
2.501841473178543254e+02 9.993081621625105049e-01
2.507606084867894367e+02 9.993139692829402509e-01
2.513370696557246049e+02 9.993200614264571291e-01
2.519135308246597162e+02 9.993264331500804065e-01
2.524899919935948560e+02 9.993330787587957342e-01
2.530664531625300526e+02 9.993399923103483129e-01
2.536429143314651640e+02 9.993471676202493326e-01
2.542193755004003322e+02 9.993545982670012373e-01
2.547958366693355003e+02 9.993622775975278261e-01
2.553722978382706117e+02 9.993701987328139635e-01
2.559487590072057799e+02 9.993783545737539020e-01
2.565252201761408628e+02 9.993867378071861207e-01
2.571016813450760878e+02 9.993953409121398845e-01
2.576781425140111992e+02 9.994041561662625472e-01
2.582546036829464242e+02 9.994131756524362586e-01
2.588310648518815356e+02 9.994223912655796349e-01
2.594075260208166469e+02 9.994317947196252883e-01
2.599839871897518151e+02 9.994413775546734380e-01
2.605604483586869264e+02 9.994511311443070589e-01
2.611369095276221515e+02 9.994610467030800027e-01
2.617133706965572628e+02 9.994711152941518906e-01
2.622898318654923742e+02 9.994813278370812126e-01
2.628662930344275992e+02 9.994916751157623125e-01
2.634427542033626537e+02 9.995021477865033699e-01
2.640192153722978787e+02 9.995127363862362779e-01
2.645956765412329901e+02 9.995234313408553062e-01
2.651721377101681014e+02 9.995342229736754458e-01
2.657485988791033265e+02 9.995451015140055517e-01
2.663250600480384378e+02 9.995560571058288435e-01
2.669015212169736060e+02 9.995670798165823268e-01
2.674779823859087173e+02 9.995781596460276974e-01
2.680544435548438855e+02 9.995892865352150602e-01
2.686309047237790537e+02 9.996004503755124837e-01
2.692073658927141651e+02 9.996116410177138256e-01
2.697838270616493332e+02 9.996228482812106186e-01
2.703602882305845014e+02 9.996340619632064772e-01
2.709367493995196696e+02 9.996452718479920119e-01
2.715132105684547810e+02 9.996564677162443902e-01
2.720896717373898923e+02 9.996676393543678651e-01
2.726661329063250605e+02 9.996787765638402989e-01
2.732425940752602287e+02 9.996898691705884410e-01
2.738190552441953969e+02 9.997009070343515491e-01
2.743955164131305082e+02 9.997118800580473419e-01
2.749719775820656764e+02 9.997227781971216309e-01
2.755484387510007878e+02 9.997335914688723069e-01
2.761248999199359559e+02 9.997443099617376872e-01
2.767013610888711241e+02 9.997549238445553321e-01
2.772778222578062355e+02 9.997654233757520270e-01
2.778542834267414037e+02 9.997757989124835820e-01
2.784307445956765719e+02 9.997860409197054654e-01
2.790072057646116832e+02 9.997961399791569503e-01
2.795836669335468514e+02 9.998060867982649924e-01
2.801601281024819627e+02 9.998158722189453007e-01
2.807365892714171309e+02 9.998254872262950510e-01
2.813130504403522991e+02 9.998349229571765751e-01
2.818895116092874105e+02 9.998441707086658248e-01
2.824659727782225787e+02 9.998532219463761583e-01
2.830424339471577468e+02 9.998620683126311359e-01
2.836188951160929150e+02 9.998707016344893228e-01
2.841953562850280264e+02 9.998791139316063337e-01
2.847718174539631946e+02 9.998872974239255695e-01
2.853482786228983059e+02 9.998952445391938726e-01
2.859247397918334741e+02 9.999029479202886650e-01
2.865012009607686423e+02 9.999104004323493555e-01
2.870776621297037536e+02 9.999175951697052422e-01
2.876541232986389218e+02 9.999245254625935830e-01
2.882305844675740332e+02 9.999311848836613947e-01
2.888070456365092014e+02 9.999375672542334392e-01
2.893835068054443695e+02 9.999436666503548343e-01
2.899599679743794809e+02 9.999494774085903037e-01
2.905364291433146491e+02 9.999549941315727386e-01
2.911128903122498173e+02 9.999602116933034024e-01
2.916893514811849855e+02 9.999651252441895677e-01
2.922658126501200968e+02 9.999697302158139234e-01
2.928422738190552082e+02 9.999740223254406368e-01
2.934187349879903763e+02 9.999779975802294274e-01
2.939951961569255445e+02 9.999816522811881825e-01
2.945716573258607127e+02 9.999849830268158213e-01
2.951481184947958241e+02 9.999879867164753744e-01
2.957245796637309923e+02 9.999906605534578663e-01
2.963010408326661036e+02 9.999930020477519887e-01
2.968775020016012718e+02 9.999950090185129037e-01
2.974539631705364400e+02 9.999966795962229593e-01
2.980304243394715513e+02 9.999980122245467618e-01
2.986068855084067195e+02 9.999990056618759393e-01
2.991833466773418877e+02 9.999996589825619342e-01
2.997598078462769990e+02 9.999999715778334908e-01
3.003362690152121672e+02 9.999999431564027264e-01
3.009127301841472786e+02 9.999995737447547883e-01
3.014891913530825036e+02 9.999988636871188774e-01
3.020656525220176150e+02 9.999978136451306288e-01
3.026421136909527263e+02 9.999964245971697530e-01
3.032185748598878945e+02 9.999946978373939199e-01
3.037950360288230627e+02 9.999926349744507892e-01
3.043714971977582309e+02 9.999902379298828414e-01
3.049479583666933422e+02 9.999875089362215697e-01
3.055244195356284536e+02 9.999844505347742496e-01
3.061008807045636786e+02 9.999810655731043996e-01
3.066773418734987899e+02 9.999773572022154777e-01
3.072538030424339581e+02 9.999733288734299341e-01
3.078302642113690695e+02 9.999689843349776064e-01
3.084067253803042945e+02 9.999643276282937920e-01
3.089831865492394058e+02 9.999593630840325487e-01
3.095596477181745172e+02 9.999540953177910030e-01
3.101361088871096854e+02 9.999485292255683166e-01
3.107125700560447967e+02 9.999426699789489836e-01
3.112890312249800218e+02 9.999365230200190080e-01
3.118654923939151331e+02 9.999300940560263973e-01
3.124419535628502445e+02 9.999233890537888580e-01
3.130184147317854695e+02 9.999164142338529127e-01
3.135948759007205808e+02 9.999091760644156501e-01
3.141713370696557490e+02 9.999016812550154398e-01
3.147477982385908604e+02 9.998939367499920516e-01
3.153242594075259717e+02 9.998859497217383874e-01
3.159007205764611967e+02 9.998777275637314998e-01
3.164771817453963081e+02 9.998692778833732087e-01
3.170536429143314763e+02 9.998606084946272121e-01
3.176301040832665876e+02 9.998517274104776753e-01
3.182065652522018127e+02 9.998426428352037432e-01
3.187830264211369240e+02 9.998333631564968460e-01
3.193594875900720353e+02 9.998238969374039220e-01
3.199359487590072604e+02 9.998142529081329721e-01
3.205124099279423717e+02 9.998044399577060704e-01
3.210888710968775399e+02 9.997944671254884730e-01
3.216653322658126513e+02 9.997843435925869437e-01
3.222417934347477626e+02 9.997740786731370566e-01
3.228182546036829876e+02 9.997636818054818075e-01
3.233947157726180990e+02 9.997531625432616309e-01
3.239711769415532672e+02 9.997425305464049394e-01
3.245476381104883785e+02 9.997317955720529392e-01
3.251240992794235467e+02 9.997209674654107259e-01
3.257005604483587149e+02 9.997100561505363192e-01
3.262770216172938262e+02 9.996990716210899519e-01
3.268534827862290513e+02 9.996880239310277361e-01
3.274299439551641058e+02 9.996769231852784543e-01
3.280064051240993308e+02 9.996657795303880434e-01
3.285828662930344422e+02 9.996546031451566394e-01
3.291593274619695535e+02 9.996434042312671853e-01
3.297357886309047785e+02 9.996321930039203663e-01
3.303122497998398330e+02 9.996209796824838678e-01
3.308887109687750581e+02 9.996097744811603958e-01
3.314651721377101694e+02 9.995985875996900027e-01
3.320416333066452808e+02 9.995874292140881634e-01
3.326180944755805058e+02 9.995763094674318117e-01
3.331945556445156171e+02 9.995652384607039975e-01
3.337710168134507853e+02 9.995542262436960534e-01
3.343474779823859535e+02 9.995432828059851449e-01
3.349239391513210649e+02 9.995324180679897585e-01
3.355004003202562330e+02 9.995216418721147855e-01
3.360768614891913444e+02 9.995109639739826468e-01
3.366533226581265126e+02 9.995003940337746640e-01
3.372297838270616808e+02 9.994899416076737930e-01
3.378062449959967921e+02 9.994796161394285949e-01
3.383827061649319603e+02 9.994694269520336682e-01
3.389591673338670716e+02 9.994593832395388677e-01
3.395356285028022398e+02 9.994494940590016308e-01
3.401120896717374080e+02 9.994397683225658691e-01
3.406885508406725194e+02 9.994302147897006217e-01
3.412650120096076876e+02 9.994208420595832587e-01
3.418414731785428557e+02 9.994116585636474426e-01
3.424179343474779671e+02 9.994026725582867421e-01
3.429943955164131353e+02 9.993938921177349943e-01
3.435708566853482466e+02 9.993853251271175298e-01
3.441473178542834148e+02 9.993769792756783676e-01
3.447237790232186398e+02 9.993688620501940401e-01
3.453002401921536944e+02 9.993609807285774860e-01
3.458767013610888625e+02 9.993533423736679078e-01
3.464531625300239739e+02 9.993459538272237985e-01
3.470296236989591421e+02 9.993388217041114796e-01
3.476060848678943671e+02 9.993319523866988074e-01
3.481825460368294216e+02 9.993253520194587125e-01
3.487590072057646466e+02 9.993190265037809050e-01
3.493354683746998148e+02 9.993129814930010735e-01
3.499119295436348693e+02 9.993072223876450222e-01
3.504883907125700944e+02 9.993017543308914119e-01
3.510648518815051489e+02 9.992965822042652047e-01
3.516413130504403739e+02 9.992917106235470470e-01
3.522177742193755421e+02 9.992871439349184648e-01
3.527942353883105966e+02 9.992828862113314337e-01
3.533706965572458216e+02 9.992789412491165368e-01
3.539471577261809898e+02 9.992753125648192736e-01
3.545236188951161012e+02 9.992720033922806167e-01
3.551000800640512693e+02 9.992690166799427232e-01
3.556765412329863238e+02 9.992663550884117729e-01
3.562530024019215489e+02 9.992640209882429625e-01
3.568294635708567171e+02 9.992620164579819608e-01
3.574059247397918284e+02 9.992603432824431753e-01
3.579823859087269966e+02 9.992590029512289362e-01
3.585588470776621648e+02 9.992579966575049211e-01
3.591353082465972761e+02 9.992573252970062825e-01
3.597117694155324443e+02 9.992569894673032360e-01
3.602882305844675557e+02 9.992569894673032360e-01
3.608646917534027239e+02 9.992573252970066155e-01
3.614411529223378921e+02 9.992579966575046990e-01
3.620176140912730034e+02 9.992590029512289362e-01
3.625940752602081716e+02 9.992603432824429532e-01
3.631705364291433398e+02 9.992620164579819608e-01
3.637469975980784511e+02 9.992640209882432956e-01
3.643234587670136193e+02 9.992663550884117729e-01
3.648999199359487307e+02 9.992690166799430562e-01
3.654763811048839557e+02 9.992720033922802836e-01
3.660528422738190670e+02 9.992753125648192736e-01
3.666293034427541784e+02 9.992789412491162038e-01
3.672057646116893466e+02 9.992828862113311006e-01
3.677822257806244579e+02 9.992871439349181317e-01
3.683586869495596829e+02 9.992917106235468250e-01
3.689351481184947943e+02 9.992965822042649826e-01
3.695116092874299056e+02 9.993017543308914119e-01
3.700880704563650738e+02 9.993072223876450222e-01
3.706645316253002420e+02 9.993129814930014065e-01
3.712409927942354102e+02 9.993190265037809050e-01
3.718174539631705215e+02 9.993253520194587125e-01
3.723939151321056329e+02 9.993319523866984744e-01
3.729703763010408579e+02 9.993388217041118127e-01
3.735468374699759693e+02 9.993459538272237985e-01
3.741232986389111375e+02 9.993533423736684629e-01
3.746997598078462488e+02 9.993609807285774860e-01
3.752762209767814738e+02 9.993688620501942621e-01
3.758526821457165852e+02 9.993769792756780346e-01
3.764291433146516965e+02 9.993853251271175298e-01
3.770056044835869216e+02 9.993938921177349943e-01
3.775820656525220329e+02 9.994026725582864090e-01
3.781585268214572011e+02 9.994116585636474426e-01
3.787349879903923124e+02 9.994208420595829256e-01
3.793114491593274238e+02 9.994302147897006217e-01
3.798879103282626488e+02 9.994397683225664242e-01
3.804643714971977602e+02 9.994494940590021859e-01
3.810408326661329284e+02 9.994593832395390898e-01
3.816172938350680397e+02 9.994694269520331131e-01
3.821937550040032079e+02 9.994796161394289280e-01
3.827702161729383761e+02 9.994899416076737930e-01
3.833466773418734874e+02 9.995003940337746640e-01
3.839231385108086556e+02 9.995109639739832019e-01
3.844995996797438238e+02 9.995216418721147855e-01
3.850760608486789351e+02 9.995324180679897585e-01
3.856525220176141033e+02 9.995432828059851449e-01
3.862289831865492147e+02 9.995542262436960534e-01
3.868054443554843829e+02 9.995652384607039975e-01
3.873819055244195511e+02 9.995763094674318117e-01
3.879583666933546624e+02 9.995874292140881634e-01
3.885348278622898306e+02 9.995985875996900027e-01
3.891112890312249419e+02 9.996097744811609509e-01
3.896877502001601101e+02 9.996209796824838678e-01
3.902642113690952783e+02 9.996321930039205883e-01
3.908406725380303897e+02 9.996434042312669632e-01
3.914171337069655578e+02 9.996546031451566394e-01
3.919935948759007829e+02 9.996657795303883765e-01
3.925700560448358374e+02 9.996769231852784543e-01
3.931465172137710056e+02 9.996880239310274030e-01
3.937229783827062306e+02 9.996990716210896188e-01
3.942994395516412851e+02 9.997100561505363192e-01
3.948759007205765101e+02 9.997209674654107259e-01
3.954523618895115646e+02 9.997317955720529392e-01
3.960288230584467328e+02 9.997425305464049394e-01
3.966052842273819579e+02 9.997531625432616309e-01
3.971817453963170124e+02 9.997636818054818075e-01
3.977582065652522374e+02 9.997740786731370566e-01
3.983346677341874056e+02 9.997843435925872768e-01
3.989111289031225169e+02 9.997944671254884730e-01
3.994875900720576851e+02 9.998044399577060704e-01
4.000640512409927396e+02 9.998142529081326391e-01
4.006405124099279647e+02 9.998238969374044771e-01
4.012169735788631328e+02 9.998333631564968460e-01
4.017934347477982442e+02 9.998426428352037432e-01
4.023698959167334124e+02 9.998517274104776753e-01
4.029463570856685237e+02 9.998606084946272121e-01
4.035228182546036919e+02 9.998692778833732087e-01
4.040992794235388601e+02 9.998777275637314998e-01
4.046757405924739714e+02 9.998859497217383874e-01
4.052522017614091396e+02 9.998939367499920516e-01
4.058286629303443078e+02 9.999016812550154398e-01
4.064051240992794192e+02 9.999091760644159832e-01
4.069815852682145874e+02 9.999164142338529127e-01
4.075580464371496987e+02 9.999233890537888580e-01
4.081345076060848669e+02 9.999300940560263973e-01
4.087109687750200351e+02 9.999365230200190080e-01
4.092874299439551464e+02 9.999426699789489836e-01
4.098638911128903146e+02 9.999485292255683166e-01
4.104403522818254260e+02 9.999540953177910030e-01
4.110168134507605942e+02 9.999593630840323266e-01
4.115932746196957623e+02 9.999643276282935700e-01
4.121697357886308737e+02 9.999689843349776064e-01
4.127461969575660419e+02 9.999733288734299341e-01
4.133226581265012101e+02 9.999773572022154777e-01
4.138991192954363214e+02 9.999810655731049547e-01
4.144755804643715464e+02 9.999844505347739165e-01
4.150520416333066009e+02 9.999875089362215697e-01
4.156285028022418260e+02 9.999902379298828414e-01
4.162049639711769373e+02 9.999926349744504561e-01
4.167814251401120487e+02 9.999946978373935869e-01
4.173578863090472737e+02 9.999964245971697530e-01
4.179343474779823282e+02 9.999978136451306288e-01
4.185108086469175532e+02 9.999988636871188774e-01
4.190872698158527214e+02 9.999995737447547883e-01
4.196637309847877759e+02 9.999999431564027264e-01
4.202401921537230010e+02 9.999999715778334908e-01
4.208166533226581123e+02 9.999996589825619342e-01
4.213931144915932805e+02 9.999990056618757173e-01
4.219695756605284487e+02 9.999980122245467618e-01
4.225460368294636169e+02 9.999966795962227373e-01
4.231224979983987282e+02 9.999950090185132368e-01
4.236989591673338964e+02 9.999930020477519887e-01
4.242754203362690646e+02 9.999906605534575332e-01
4.248518815052041759e+02 9.999879867164753744e-01
4.254283426741393441e+02 9.999849830268154882e-01
4.260048038430744555e+02 9.999816522811878494e-01
4.265812650120096237e+02 9.999779975802294274e-01
4.271577261809447918e+02 9.999740223254404148e-01
4.277341873498799032e+02 9.999697302158139234e-01
4.283106485188150714e+02 9.999651252441892346e-01
4.288871096877501827e+02 9.999602116933030693e-01
4.294635708566853509e+02 9.999549941315727386e-01
4.300400320256205191e+02 9.999494774085900817e-01
4.306164931945556305e+02 9.999436666503548343e-01
4.311929543634907986e+02 9.999375672542331062e-01
4.317694155324259100e+02 9.999311848836610617e-01
4.323458767013610782e+02 9.999245254625930279e-01
4.329223378702962464e+02 9.999175951697049092e-01
4.334987990392313577e+02 9.999104004323490225e-01
4.340752602081665259e+02 9.999029479202886650e-01
4.346517213771016941e+02 9.998952445391935395e-01
4.352281825460368623e+02 9.998872974239253475e-01
4.358046437149719736e+02 9.998791139316060006e-01
4.363811048839070850e+02 9.998707016344893228e-01
4.369575660528422532e+02 9.998620683126314690e-01
4.375340272217774213e+02 9.998532219463761583e-01
4.381104883907126464e+02 9.998441707086658248e-01
4.386869495596477009e+02 9.998349229571765751e-01
4.392634107285829259e+02 9.998254872262950510e-01
4.398398718975180373e+02 9.998158722189453007e-01
4.404163330664531486e+02 9.998060867982652145e-01
4.409927942353883736e+02 9.997961399791566173e-01
4.415692554043234281e+02 9.997860409197051323e-01
4.421457165732586532e+02 9.997757989124835820e-01
4.427221777421937645e+02 9.997654233757523601e-01
4.432986389111288759e+02 9.997549238445555542e-01
4.438751000800641009e+02 9.997443099617374651e-01
4.444515612489992122e+02 9.997335914688719738e-01
4.450280224179343804e+02 9.997227781971219640e-01
4.456044835868695486e+02 9.997118800580476750e-01
4.461809447558046031e+02 9.997009070343515491e-01
4.467574059247398282e+02 9.996898691705882189e-01
4.473338670936749395e+02 9.996787765638406320e-01
4.479103282626101077e+02 9.996676393543673100e-01
4.484867894315452759e+02 9.996564677162447232e-01
4.490632506004803872e+02 9.996452718479920119e-01
4.496397117694155554e+02 9.996340619632064772e-01
4.502161729383506668e+02 9.996228482812102856e-01
4.507926341072858349e+02 9.996116410177138256e-01
4.513690952762210031e+02 9.996004503755124837e-01
4.519455564451561145e+02 9.995892865352150602e-01
4.525220176140912827e+02 9.995781596460279195e-01
4.530984787830264509e+02 9.995670798165817716e-01
4.536749399519615622e+02 9.995560571058291766e-01
4.542514011208967304e+02 9.995451015140058848e-01
4.548278622898318417e+02 9.995342229736754458e-01
4.554043234587670099e+02 9.995234313408553062e-01
4.559807846277022350e+02 9.995127363862359449e-01
4.565572457966372895e+02 9.995021477865037030e-01
4.571337069655724576e+02 9.994916751157623125e-01
4.577101681345075690e+02 9.994813278370809906e-01
4.582866293034427372e+02 9.994711152941515575e-01
4.588630904723779622e+02 9.994610467030800027e-01
4.594395516413131304e+02 9.994511311443073920e-01
4.600160128102481849e+02 9.994413775546734380e-01
4.605924739791832963e+02 9.994317947196252883e-01
4.611689351481185213e+02 9.994223912655799680e-01
4.617453963170536326e+02 9.994131756524362586e-01
4.623218574859887440e+02 9.994041561662625472e-01
4.628983186549239690e+02 9.993953409121398845e-01
4.634747798238590804e+02 9.993867378071861207e-01
4.640512409927941917e+02 9.993783545737539020e-01
4.646277021617294167e+02 9.993701987328141856e-01
4.652041633306645849e+02 9.993622775975278261e-01
4.657806244995996394e+02 9.993545982670015704e-01
4.663570856685348645e+02 9.993471676202493326e-01
4.669335468374700326e+02 9.993399923103480909e-01
4.675100080064050871e+02 9.993330787587957342e-01
4.680864691753403122e+02 9.993264331500807396e-01
4.686629303442754235e+02 9.993200614264574622e-01
4.692393915132105917e+02 9.993139692829402509e-01
4.698158526821456462e+02 9.993081621625102828e-01
4.703923138510808712e+02 9.993026452515433311e-01
4.709687750200160394e+02 9.992974234754634644e-01
4.715452361889510939e+02 9.992925014946156814e-01
4.721216973578863190e+02 9.992878837003718040e-01
4.726981585268214872e+02 9.992835742114666298e-01
4.732746196957565417e+02 9.992795768705583503e-01
4.738510808646917667e+02 9.992758952410338846e-01
4.744275420336269349e+02 9.992725326040428069e-01
4.750040032025621031e+02 9.992694919557721933e-01
4.755804643714972144e+02 9.992667760049597225e-01
4.761569255404323258e+02 9.992643871706451408e-01
4.767333867093675508e+02 9.992623275801684191e-01
4.773098478783026621e+02 9.992605990674081617e-01
4.778863090472377735e+02 9.992592031712630440e-01
4.784627702161729417e+02 9.992581411343767206e-01
4.790392313851081667e+02 9.992574139021164203e-01
4.796156925540432212e+02 9.992570221217870197e-01
4.801921537229783894e+02 9.992569661420958038e-01
4.807686148919136144e+02 9.992572460128685830e-01
4.813450760608486689e+02 9.992578614850048391e-01
4.819215372297838371e+02 9.992588120106836724e-01
4.824979983987190053e+02 9.992600967438198811e-01
4.830744595676541167e+02 9.992617145407581836e-01
4.836509207365892280e+02 9.992636639612216820e-01
4.842273819055244530e+02 9.992659432695027988e-01
4.848038430744596212e+02 9.992685504358996829e-01
4.853803042433946757e+02 9.992714831383928686e-01
4.859567654123298439e+02 9.992747387645738444e-01
4.865332265812650689e+02 9.992783144138074336e-01
4.871096877502001234e+02 9.992822068996406459e-01
4.876861489191352916e+02 9.992864127524486717e-01
4.882626100880705167e+02 9.992909282223181311e-01
4.888390712570056280e+02 9.992957492821713528e-01
4.894155324259406825e+02 9.993008716311182482e-01
4.899919935948759075e+02 9.993062906980506588e-01
4.905684547638110757e+02 9.993120016454580812e-01
4.911449159327461302e+02 9.993179993734758737e-01
4.917213771016813553e+02 9.993242785241592818e-01
4.922978382706165235e+02 9.993308334859867248e-01
4.928742994395516348e+02 9.993376583985688066e-01
4.934507606084868030e+02 9.993447471575922503e-01
4.940272217774219712e+02 9.993520934199697781e-01
4.946036829463570825e+02 9.993596906091999355e-01
4.951801441152921939e+02 9.993675319209431862e-01
4.957566052842274189e+02 9.993756103287941839e-01
4.963330664531625303e+02 9.993839185902605449e-01
4.969095276220975848e+02 9.993924492529363546e-01
4.974859887910328098e+02 9.994011946608694075e-01
4.980624499599679780e+02 9.994101469611168520e-01
4.986389111289032030e+02 9.994192981104857987e-01
4.992153722978382575e+02 9.994286398824514528e-01
4.997918334667734257e+02 9.994381638742517726e-01
5.003682946357086507e+02 9.994478615141533240e-01
5.009447558046437052e+02 9.994577240688784503e-01
5.015212169735788734e+02 9.994677426511926477e-01
5.020976781425139848e+02 9.994779082276454840e-01
5.026741393114492098e+02 9.994882116264647287e-01
5.032506004803843211e+02 9.994986435455794904e-01
5.038270616493194325e+02 9.995091945607946782e-01
5.044035228182546575e+02 9.995198551340818138e-01
5.049799839871897120e+02 9.995306156220027383e-01
5.055564451561248802e+02 9.995414662842423414e-01
5.061329063250601052e+02 9.995523972922543132e-01
5.067093674939951597e+02 9.995633987380095897e-01
5.072858286629303279e+02 9.995744606428377255e-01
5.078622898318655530e+02 9.995855729663595257e-01
5.084387510008006643e+02 9.995967256154937308e-01
5.090152121697357757e+02 9.996079084535446357e-01
5.095916733386710007e+02 9.996191113093485514e-01
5.101681345076061120e+02 9.996303239864769985e-01
5.107445956765412234e+02 9.996415362724928588e-01
5.113210568454763347e+02 9.996527379482422759e-01
5.118975180144115598e+02 9.996639187971811946e-01
5.124739791833467280e+02 9.996750686147231058e-01
5.130504403522817256e+02 9.996861772176043326e-01
5.136269015212169506e+02 9.996972344532520927e-01
5.142033626901521757e+02 9.997082302091518935e-01
5.147798238590871733e+02 9.997191544222017168e-01
5.153562850280223984e+02 9.997299970880479947e-01
5.159327461969576234e+02 9.997407482703870585e-01
5.165092073658928484e+02 9.997513981102311709e-01
5.170856685348278461e+02 9.997619368351244873e-01
5.176621297037630711e+02 9.997723547683027290e-01
5.182385908726981825e+02 9.997826423377856875e-01
5.188150520416332938e+02 9.997927900853906813e-01
5.193915132105684052e+02 9.998027886756667426e-01
5.199679743795036302e+02 9.998126289047272186e-01
5.205444355484386278e+02 9.998223017089828968e-01
5.211208967173738529e+02 9.998317981737634419e-01
5.216973578863090779e+02 9.998411095418070493e-01
5.222738190552443029e+02 9.998502272216348574e-01
5.228502802241793006e+02 9.998591427957653766e-01
5.234267413931145256e+02 9.998678480287984671e-01
5.240032025620497507e+02 9.998763348753264557e-01
5.245796637309847483e+02 9.998845954876875997e-01
5.251561248999199734e+02 9.998926222235374750e-01
5.257325860688551984e+02 9.999004076532390650e-01
5.263090472377903097e+02 9.999079445670662203e-01
5.268855084067253074e+02 9.999152259821941779e-01
5.274619695756605324e+02 9.999222451494909070e-01
5.280384307445957575e+02 9.999289955600912938e-01
5.286148919135307551e+02 9.999354709517466189e-01
5.291913530824659802e+02 9.999416653149373335e-01
5.297678142514012052e+02 9.999475728987597956e-01
5.303442754203362028e+02 9.999531882165556551e-01
5.309207365892714279e+02 9.999585060512978796e-01
5.314971977582066529e+02 9.999635214607143219e-01
5.320736589271417643e+02 9.999682297821500532e-01
5.326501200960768756e+02 9.999726266371569139e-01
5.332265812650121006e+02 9.999767079358137245e-01
5.338030424339472120e+02 9.999804698807557291e-01
5.343795036028822096e+02 9.999839089709328110e-01
5.349559647718174347e+02 9.999870220050627312e-01
5.355324259407526597e+02 9.999898060848050330e-01
5.361088871096877710e+02 9.999922586176263062e-01
5.366853482786228824e+02 9.999943773193711305e-01
5.372618094475581074e+02 9.999961602165247099e-01
5.378382706164932188e+02 9.999976056481706399e-01
5.384147317854283301e+02 9.999987122676398110e-01
5.389911929543635551e+02 9.999994790438452297e-01
5.395676541232986665e+02 9.999999052623075313e-01
5.401441152922337778e+02 9.999999905258629695e-01
5.407205764611690029e+02 9.999997347550598770e-01
5.412970376301041142e+02 9.999991381882359365e-01
5.418734987990393392e+02 9.999982013812798165e-01
5.424499599679743369e+02 9.999969252070851633e-01
5.430264211369095619e+02 9.999953108546764113e-01
5.436028823058446733e+02 9.999933598280330571e-01
5.441793434747797846e+02 9.999910739445960761e-01
5.447558046437150097e+02 9.999884553334646986e-01
5.453322658126501210e+02 9.999855064332848764e-01
5.459087269815853460e+02 9.999822299898351030e-01
5.464851881505204574e+02 9.999786290533017041e-01
5.470616493194555687e+02 9.999747069752671358e-01
5.476381104883907938e+02 9.999704674053877529e-01
5.482145716573257914e+02 9.999659142877955764e-01
5.487910328262610165e+02 9.999610518571963036e-01
5.493674939951962415e+02 9.999558846346977559e-01
5.499439551641313528e+02 9.999504174233556641e-01
5.505204163330664642e+02 9.999446553034430085e-01
5.510968775020015755e+02 9.999386036274603429e-01
5.516733386709368006e+02 9.999322680148760023e-01
5.522497998398719119e+02 9.999256543466212843e-01
5.528262610088070232e+02 9.999187687593319440e-01
5.534027221777422483e+02 9.999116176393431088e-01
5.539791833466773596e+02 9.999042076164623705e-01
5.545556445156124710e+02 9.998965455575020700e-01
5.551321056845476960e+02 9.998886385595993076e-01
5.557085668534828073e+02 9.998804939433243444e-01
5.562850280224179187e+02 9.998721192455787277e-01
5.568614891913531437e+02 9.998635222123021249e-01
5.574379503602882551e+02 9.998547107909860898e-01
5.580144115292233664e+02 9.998456931230139677e-01
5.585908726981585914e+02 9.998364775358274947e-01
5.591673338670937028e+02 9.998270725349246435e-01
5.597437950360288141e+02 9.998174867957132506e-01
5.603202562049639255e+02 9.998077291552129875e-01
5.608967173738991505e+02 9.997978086036239942e-01
5.614731785428342619e+02 9.997877342757695018e-01
5.620496397117693732e+02 9.997775154424147770e-01
5.626261008807045982e+02 9.997671615014888102e-01
5.632025620496397096e+02 9.997566819691939832e-01
5.637790232185748209e+02 9.997460864710351336e-01
5.643554843875100460e+02 9.997353847327635767e-01
5.649319455564451573e+02 9.997245865712484081e-01
5.655084067253803823e+02 9.997137018852907397e-01
5.660848678943154937e+02 9.997027406463822041e-01
5.666613290632506050e+02 9.996917128894133864e-01
5.672377902321858301e+02 9.996806287033613847e-01
5.678142514011209414e+02 9.996694982219404002e-01
5.683907125700560528e+02 9.996583316142397813e-01
5.689671737389911641e+02 9.996471390753555175e-01
5.695436349079263891e+02 9.996359308170227331e-01
5.701200960768615005e+02 9.996247170582579500e-01
5.706965572457966118e+02 9.996135080160208908e-01
5.712730184147318369e+02 9.996023138959024834e-01
5.718494795836669482e+02 9.995911448828530554e-01
5.724259407526020595e+02 9.995800111319508297e-01
5.730024019215372846e+02 9.995689227592224890e-01
5.735788630904723959e+02 9.995578898325298001e-01
5.741553242594075073e+02 9.995469223625189636e-01
5.747317854283427323e+02 9.995360302936512342e-01
5.753082465972778436e+02 9.995252234953126980e-01
5.758847077662129550e+02 9.995145117530228607e-01
5.764611689351480663e+02 9.995039047597313875e-01
5.770376301040832914e+02 9.994934121072320821e-01
5.776140912730184027e+02 9.994830432776803386e-01
5.781905524419535141e+02 9.994728076352387136e-01
5.787670136108887391e+02 9.994627144178421796e-01
5.793434747798238504e+02 9.994527727290971608e-01
5.799199359487589618e+02 9.994429915303213452e-01
5.804963971176941868e+02 9.994333796327314889e-01
5.810728582866292982e+02 9.994239456897704432e-01
5.816493194555644095e+02 9.994146981896047111e-01
5.822257806244996345e+02 9.994056454477746598e-01
5.828022417934347459e+02 9.993967956000157082e-01
5.833787029623699709e+02 9.993881565952497104e-01
5.839551641313050823e+02 9.993797361887545305e-01
5.845316253002401936e+02 9.993715419355180263e-01
5.851080864691753050e+02 9.993635811837721095e-01
5.856845476381104163e+02 9.993558610687262034e-01
5.862610088070456413e+02 9.993483885064867733e-01
5.868374699759807527e+02 9.993411701881838027e-01
5.874139311449158640e+02 9.993342125742947779e-01
5.879903923138510891e+02 9.993275218891786160e-01
5.885668534827862004e+02 9.993211041158160945e-01
5.891433146517214254e+02 9.993149649907653309e-01
5.897197758206565368e+02 9.993091099993369752e-01
5.902962369895916481e+02 9.993035443709837873e-01
5.908726981585268732e+02 9.992982730749122577e-01
5.914491593274619845e+02 9.992933008159253783e-01
5.920256204963970958e+02 9.992886320304854575e-01
5.926020816653322072e+02 9.992842708830086407e-01
5.931785428342674322e+02 9.992802212623967950e-01
5.937550040032025436e+02 9.992764867787932159e-01
5.943314651721376549e+02 9.992730707605835816e-01
5.949079263410728799e+02 9.992699762516279449e-01
5.954843875100079913e+02 9.992672060087335328e-01
5.960608486789431026e+02 9.992647624993699074e-01
5.966373098478783277e+02 9.992626478996222694e-01
5.972137710168134390e+02 9.992608640923914542e-01
5.977902321857485504e+02 9.992594126658336240e-01
5.983666933546837754e+02 9.992582949120479840e-01
5.989431545236188867e+02 9.992575118260075273e-01
5.995196156925539981e+02 9.992570641047380242e-01
6.000960768614892231e+02 9.992569521467404847e-01
6.006725380304243345e+02 9.992571760516630874e-01
6.012489991993594458e+02 9.992577356202184680e-01
6.018254603682945572e+02 9.992586303543486981e-01
6.024019215372297822e+02 9.992598594576368454e-01
6.029783827061650072e+02 9.992614218359633371e-01
6.035548438751000049e+02 9.992633160984126794e-01
6.041313050440352299e+02 9.992655405584228712e-01
6.047077662129704549e+02 9.992680932351790668e-01
6.052842273819054526e+02 9.992709718552568177e-01
6.058606885508406776e+02 9.992741738545002361e-01
6.064371497197757890e+02 9.992776963801528467e-01
6.070136108887110140e+02 9.992815362932199186e-01
6.075900720576461254e+02 9.992856901710768236e-01
6.081665332265812367e+02 9.992901543103163142e-01
6.087429943955164617e+02 9.992949247298260618e-01
6.093194555644514594e+02 9.992999971741114429e-01
6.098959167333866844e+02 9.993053671168392604e-01
6.104723779023219095e+02 9.993110297646248252e-01
6.110488390712569071e+02 9.993169800610378628e-01
6.116253002401921322e+02 9.993232126908423441e-01
6.122017614091273572e+02 9.993297220844558071e-01
6.127782225780624685e+02 9.993365024226306126e-01
6.133546837469975799e+02 9.993435476413569107e-01
6.139311449159326912e+02 9.993508514369736639e-01
6.145076060848679163e+02 9.993584072715031574e-01
6.150840672538030276e+02 9.993662083781817973e-01
6.156605284227381389e+02 9.993742477672050706e-01
6.162369895916733640e+02 9.993825182316726785e-01
6.168134507606085890e+02 9.993910123537266266e-01
6.173899119295435867e+02 9.993997225108893767e-01
6.179663730984788117e+02 9.994086408825862966e-01
6.185428342674140367e+02 9.994177594568570688e-01
6.191192954363490344e+02 9.994270700372444027e-01
6.196957566052842594e+02 9.994365642498587166e-01
6.202722177742193708e+02 9.994462335506186790e-01
6.208486789431544821e+02 9.994560692326461826e-01
6.214251401120895935e+02 9.994660624338326249e-01
6.220016012810248185e+02 9.994762041445549583e-01
6.225780624499600435e+02 9.994864852155385115e-01
6.231545236188950412e+02 9.994968963658660277e-01
6.237309847878302662e+02 9.995074281911230374e-01
6.243074459567654912e+02 9.995180711716735722e-01
6.248839071257004889e+02 9.995288156810561153e-01
6.254603682946357139e+02 9.995396519945057845e-01
6.260368294635709390e+02 9.995505702975754359e-01
6.266132906325060503e+02 9.995615606948730081e-01
6.271897518014411617e+02 9.995726132188818003e-01
6.277662129703762730e+02 9.995837178388851108e-01
6.283426741393114980e+02 9.995948644699563790e-01
6.289191353082464957e+02 9.996060429820348148e-01
6.294955964771817207e+02 9.996172432090638660e-01
6.300720576461169458e+02 9.996284549581840873e-01
6.306485188150519434e+02 9.996396680189828521e-01
6.312249799839871685e+02 9.996508721727781488e-01
6.318014411529223935e+02 9.996620572019431217e-01
6.323779023218576185e+02 9.996732128992472655e-01
6.329543634907926162e+02 9.996843290772235990e-01
6.335308246597278412e+02 9.996953955775322864e-01
6.341072858286629526e+02 9.997064022803325845e-01
6.346837469975979502e+02 9.997173391136402465e-01
6.352602081665331752e+02 9.997281960626605013e-01
6.358366693354684003e+02 9.997389631791054887e-01
6.364131305044036253e+02 9.997496305904580716e-01
6.369895916733386230e+02 9.997601885092046725e-01
6.375660528422738480e+02 9.997706272419984996e-01
6.381425140112090730e+02 9.997809371987659288e-01
6.387189751801440707e+02 9.997911089017373909e-01
6.392954363490792957e+02 9.998011329943888859e-01
6.398718975180145208e+02 9.998110002502972327e-01
6.404483586869496321e+02 9.998207015818898480e-01
6.410248198558847434e+02 9.998302280490802829e-01
6.416012810248198548e+02 9.998395708677906280e-01
6.421777421937550798e+02 9.998487214183343630e-01
6.427542033626900775e+02 9.998576712536672018e-01
6.433306645316253025e+02 9.998664121074867239e-01
6.439071257005605275e+02 9.998749359021775751e-01
6.444835868694955252e+02 9.998832347565884682e-01
6.450600480384307502e+02 9.998913009936375440e-01
6.456365092073659753e+02 9.998991271477332132e-01
6.462129703763010866e+02 9.999067059720040396e-01
6.467894315452361980e+02 9.999140304453316697e-01
6.473658927141714230e+02 9.999210937791735976e-01
6.479423538831065343e+02 9.999278894241724336e-01
6.485188150520416457e+02 9.999344110765451266e-01
6.490952762209767570e+02 9.999406526842378184e-01
6.496717373899119821e+02 9.999466084528431109e-01
6.502481985588470934e+02 9.999522728512829639e-01
6.508246597277822048e+02 9.999576406172291376e-01
6.514011208967174298e+02 9.999627067622715026e-01
6.519775820656526548e+02 9.999674665768272241e-01
6.525540432345876525e+02 9.999719156347713911e-01
6.531305044035227638e+02 9.999760497978084084e-01
6.537069655724581025e+02 9.999798652195448501e-01
6.542834267413931002e+02 9.999833583492961919e-01
6.548598879103282115e+02 9.999865259355932290e-01
6.554363490792634366e+02 9.999893650293957270e-01
6.560128102481986616e+02 9.999918729870171941e-01
6.565892714171336593e+02 9.999940474727392337e-01
6.571657325860688843e+02 9.999958864611301346e-01
6.577421937550041093e+02 9.999973882390509328e-01
6.583186549239391070e+02 9.999985514073560511e-01
6.588951160928742183e+02 9.999993748822829653e-01
6.594715772618095571e+02 9.999998578965256790e-01
6.600480384307446684e+02 9.999999999999996669e-01
6.606244995996796661e+02 9.999998010602866305e-01
6.612009607686150048e+02 9.999992612627665034e-01
6.617774219375501161e+02 9.999983811104339315e-01
6.623538831064851138e+02 9.999971614233992279e-01
6.629303442754203388e+02 9.999956033380716924e-01
6.635068054443555638e+02 9.999937083060344012e-01
6.640832666132905615e+02 9.999914780926010272e-01
6.646597277822257865e+02 9.999889147750662399e-01
6.652361889511610116e+02 9.999860207406449097e-01
6.658126501200961229e+02 9.999827986841065552e-01
6.663891112890312343e+02 9.999792516051045910e-01
6.669655724579664593e+02 9.999753828052118099e-01
6.675420336269015706e+02 9.999711958846484450e-01
6.681184947958365683e+02 9.999666947387285676e-01
6.686949559647719070e+02 9.999618835540127204e-01
6.692714171337070184e+02 9.999567668041762225e-01
6.698478783026421297e+02 9.999513492456032493e-01
6.704243394715772411e+02 9.999456359127064653e-01
6.710008006405124661e+02 9.999396321129705445e-01
6.715772618094475774e+02 9.999333434217461125e-01
6.721537229783826888e+02 9.999267756767808990e-01
6.727301841473179138e+02 9.999199349725023112e-01
6.733066453162530252e+02 9.999128276540570903e-01
6.738831064851881365e+02 9.999054603111149353e-01
6.744595676541233615e+02 9.998978397714467503e-01
6.750360288230584729e+02 9.998899730942752972e-01
6.756124899919935842e+02 9.998818675634203457e-01
6.761889511609288093e+02 9.998735306802275513e-01
6.767654123298639206e+02 9.998649701563127046e-01
6.773418734987990319e+02 9.998561939061026971e-01
6.779183346677341433e+02 9.998472100392057360e-01
6.784947958366693683e+02 9.998380268526040338e-01
6.790712570056044797e+02 9.998286528226815184e-01
6.796477181745395910e+02 9.998190965971001098e-01
6.802241793434748161e+02 9.998093669865267819e-01
6.808006405124099274e+02 9.997994729562226235e-01
6.813771016813450387e+02 9.997894236175047800e-01
6.819535628502802638e+02 9.997792282190911539e-01
6.825300240192153751e+02 9.997688961383295325e-01
6.831064851881504865e+02 9.997584368723322346e-01
6.836829463570857115e+02 9.997478600290126138e-01
6.842594075260208228e+02 9.997371753180470666e-01
6.848358686949559342e+02 9.997263925417544383e-01
6.854123298638910455e+02 9.997155215859208077e-01
6.859887910328262706e+02 9.997045724105666498e-01
6.865652522017613819e+02 9.996935550406630400e-01
6.871417133706964933e+02 9.996824795568211020e-01
6.877181745396317183e+02 9.996713560859469272e-01
6.882946357085668296e+02 9.996601947918867248e-01
6.888710968775019410e+02 9.996490058660515432e-01
6.894475580464372797e+02 9.996377995180542042e-01
6.900240192153722774e+02 9.996265859663454600e-01
6.906004803843073887e+02 9.996153754288767956e-01
6.911769415532426137e+02 9.996041781137785520e-01
6.917534027221777251e+02 9.995930042100832358e-01
6.923298638911128364e+02 9.995818638784870203e-01
6.929063250600479478e+02 9.995707672421598744e-01
6.934827862289832865e+02 9.995597243776198626e-01
6.940592473979182842e+02 9.995487453056768334e-01
6.946357085668533955e+02 9.995378399824408344e-01
6.952121697357887342e+02 9.995270182904253398e-01
6.957886309047237319e+02 9.995162900297319686e-01
6.963650920736588432e+02 9.995056649093401191e-01
6.969415532425941819e+02 9.994951525384929703e-01
6.975180144115292933e+02 9.994847624182052748e-01
6.980944755804642909e+02 9.994745039328788438e-01
6.986709367493996297e+02 9.994643863420533680e-01
6.992473979183347410e+02 9.994544187722789186e-01
6.998238590872697387e+02 9.994446102091365525e-01
7.004003202562048500e+02 9.994349694893933655e-01
7.009767814251401887e+02 9.994255052933157524e-01
7.015532425940751864e+02 9.994162261371312139e-01
7.021297037630102977e+02 9.994071403656540342e-01
7.027061649319456365e+02 9.993982561450774904e-01
7.032826261008807478e+02 9.993895814559380364e-01
7.038590872698157455e+02 9.993811240862560119e-01
7.044355484387510842e+02 9.993728916248536542e-01
7.050120096076861955e+02 9.993648914548628470e-01
7.055884707766211932e+02 9.993571307474237164e-01
7.061649319455565319e+02 9.993496164555746297e-01
7.067413931144916432e+02 9.993423553083397026e-01
7.073178542834267546e+02 9.993353538050259166e-01
7.078943154523619796e+02 9.993286182097136372e-01
7.084707766212970910e+02 9.993221545459706201e-01
7.090472377902322023e+02 9.993159685917663015e-01
7.096236989591672000e+02 9.993100658746135734e-01
7.102001601281025387e+02 9.993044516669160604e-01
7.107766212970376500e+02 9.992991309815515422e-01
7.113530824659726477e+02 9.992941085676692037e-01
7.119295436349079864e+02 9.992893889067170354e-01
7.125060048038430978e+02 9.992849762087022691e-01
7.130824659727782091e+02 9.992808744086749684e-01
7.136589271417134341e+02 9.992770871634546470e-01
7.142353883106485455e+02 9.992736178485835952e-01
7.148118494795836568e+02 9.992704695555253425e-01
7.153883106485188819e+02 9.992676450890942697e-01
7.159647718174539932e+02 9.992651469651329110e-01
7.165412329863891046e+02 9.992629774084202943e-01
7.171176941553243296e+02 9.992611383508375189e-01
7.176941553242594409e+02 9.992596314297620408e-01
7.182706164931945523e+02 9.992584579867164196e-01
7.188470776621297773e+02 9.992576190662592062e-01
7.194235388310648887e+02 9.992571154151203006e-01
7.200000000000000000e+02 9.992569474815840014e-01
