Theta (degrees)	Normalized Energy
0.000000000000000000e+00 1.455181950223978324e-16
1.152922337870296188e+00 4.152843185291327206e-05
2.305844675740592375e+00 1.660920923492175284e-04
3.458767013610888785e+00 3.736260422763962546e-04
4.611689351481184751e+00 6.640219353860496400e-04
5.764611689351481161e+00 1.037127844191953639e-03
6.917534027221777571e+00 1.492748010295979252e-03
8.070456365092075757e+00 2.030642513218221864e-03
9.223378702962369502e+00 2.650526849669265772e-03
1.037630104083266502e+01 3.352071412918531702e-03
1.152922337870296232e+01 4.134900859225520107e-03
1.268214571657325962e+01 4.998593345254835965e-03
1.383506805444355514e+01 5.942679616703377792e-03
1.498799039231385066e+01 6.966641924011371736e-03
1.614091273018415151e+01 8.069912735747688734e-03
1.729383506805444526e+01 9.251873213836213361e-03
1.844675740592473900e+01 1.051185140692445855e-02
1.959967974379503630e+01 1.184912010846720862e-02
2.075260208166533005e+01 1.326289431404292785e-02
2.190552441953563090e+01 1.475232819734371460e-02
2.305844675740592464e+01 1.631651150532654679e-02
2.421136909527622194e+01 1.795446524902182331e-02
2.536429143314651924e+01 1.966513653599890471e-02
2.651721377101681654e+01 2.144739235139823258e-02
2.767013610888711028e+01 2.330001204403734164e-02
2.882305844675740758e+01 2.522167820874693725e-02
2.997598078462770133e+01 2.721096557060262780e-02
3.112890312249799862e+01 2.926632736434209639e-02
3.228182546036830303e+01 3.138607855311120048e-02
3.343474779823858967e+01 3.356837503164446929e-02
3.458767013610889052e+01 3.581118769085761544e-02
3.574059247397918426e+01 3.811226985715402554e-02
3.689351481184947801e+01 4.046911612225170818e-02
3.804643714971977886e+01 4.287890989339940978e-02
3.919935948759007260e+01 4.533845604079756592e-02
4.035228182546037345e+01 4.784409368486183117e-02
4.150520416333066009e+01 5.039158228622649810e-02
4.265812650120096094e+01 5.297595153924231082e-02
4.381104883907126180e+01 5.559130178929310578e-02
4.496397117694155554e+01 5.823053633233521431e-02
4.611689351481184929e+01 6.088499941039363095e-02
4.726981585268215014e+01 6.354398330985761012e-02
4.842273819055244388e+01 6.619405421641370857e-02
4.957566052842274473e+01 6.881812993685967883e-02
5.072858286629303848e+01 7.139422710347223533e-02
5.188150520416332512e+01 7.389379356698481949e-02
5.303442754203363307e+01 7.627958628621558934e-02
5.418734987990391971e+01 7.850322039244304884e-02
5.534027221777422056e+01 8.050293889322797380e-02
5.649319455564451431e+01 8.220300084531280416e-02
5.764611689351481516e+01 8.351728375615978528e-02
5.879903923138510891e+01 8.436022037004697882e-02
5.995196156925540265e+01 8.466560986217709639e-02
6.110488390712570350e+01 8.440687735652910306e-02
6.225780624499599725e+01 8.360663259742939779e-02
6.341072858286629099e+01 8.232848543717620482e-02
6.456365092073660605e+01 8.065719379429658886e-02
6.571657325860689980e+01 7.867937054513468587e-02
6.686949559647717933e+01 7.647184107572126133e-02
6.802241793434747308e+01 7.409754191111474209e-02
6.917534027221778103e+01 7.160589712674855778e-02
7.032826261008807478e+01 6.903498236769005370e-02
7.148118494795836853e+01 6.641398688666158567e-02
7.263410728582866227e+01 6.376537151717080742e-02
7.378702962369895602e+01 6.110657383751664368e-02
7.493995196156924976e+01 5.845129248838806107e-02
7.609287429943955772e+01 5.581043367750348344e-02
7.724579663730985146e+01 5.319280320868001455e-02
7.839871897518014521e+01 5.060561235026099502e-02
7.955164131305045316e+01 4.805484918311594966e-02
8.070456365092074691e+01 4.554555303684160866e-02
8.185748598879102644e+01 4.308201894912520868e-02
8.301040832666132019e+01 4.066795132602590152e-02
8.416333066453162814e+01 3.830658046186602439e-02
8.531625300240192189e+01 3.600075168482910759e-02
8.646917534027221564e+01 3.375299415342977033e-02
8.762209767814252359e+01 3.156557439429973771e-02
8.877502001601281734e+01 2.944053829922907081e-02
8.992794235388311108e+01 2.737974431949134063e-02
9.108086469175340483e+01 2.538488989071910687e-02
9.223378702962369857e+01 2.345753261075735063e-02
9.338670936749399232e+01 2.159910731970584100e-02
9.453963170536430027e+01 1.981093995647691813e-02
9.569255404323459402e+01 1.809425886215697971e-02
9.684547638110488776e+01 1.645020404777049194e-02
9.799839871897519572e+01 1.487983482899209349e-02
9.915132105684548947e+01 1.338413614293826673e-02
1.003042433947157832e+02 1.196402379533357402e-02
1.014571657325860770e+02 1.062034883487061702e-02
1.026100880704563565e+02 9.353901211665668902e-03
1.037630104083266502e+02 8.165412845578201573e-03
1.049159327461969440e+02 7.055560205693479393e-03
1.060688550840672661e+02 6.024966482947848902e-03
1.072217774219375457e+02 5.074203422514073428e-03
1.083746997598078394e+02 4.203792870271289527e-03
1.095276220976781616e+02 3.414208077800606842e-03
1.106805444355484411e+02 2.705874802329061735e-03
1.118334667734187349e+02 2.079172231525760160e-03
1.129863891112890286e+02 1.534433757677952474e-03
1.141393114491593224e+02 1.071947621344207166e-03
1.152922337870296303e+02 6.919574408670355753e-04
1.164451561248999099e+02 3.946626409941888765e-04
1.175980784627702178e+02 1.802187911706272505e-04
1.187510008006405258e+02 4.873786175466119188e-05
1.199039231385108053e+02 2.884043181963906322e-07
1.210568454763811133e+02 3.489566036345020543e-05
1.222097678142514070e+02 1.525416010322476685e-04
1.233626901521217007e+02 3.531648987594408892e-04
1.245156124899919945e+02 6.366608301961204468e-04
1.256685348278623024e+02 1.002881108087060741e-03
1.268214571657325820e+02 1.451633638088569746e-03
1.279743795036028899e+02 1.982682194664836268e-03
1.291273018414732121e+02 2.595746008192129171e-03
1.302802241793434632e+02 3.290499253102038574e-03
1.314331465172137996e+02 4.066570424298612992e-03
1.325860688550840507e+02 4.923541586025302966e-03
1.337389911929543587e+02 5.860947473742525275e-03
1.348919135308246666e+02 6.878274425295863824e-03
1.360448358686949462e+02 7.974959112429819141e-03
1.371977582065652541e+02 9.150387037416923136e-03
1.383506805444355621e+02 1.040389075179912366e-02
1.395036028823058416e+02 1.173474774473215985e-02
1.406565252201761496e+02 1.314217793654697507e-02
1.418094475580464575e+02 1.462534069835861976e-02
1.429623698959167371e+02 1.618333129996644970e-02
1.441152922337870166e+02 1.781517666477165987e-02
1.452682145716573245e+02 1.951983028054215738e-02
1.464211369095276041e+02 2.129616607657721164e-02
1.475740592473979120e+02 2.314297102850799634e-02
1.487269815852682200e+02 2.505893618800000833e-02
1.498799039231384995e+02 2.704264575109442681e-02
1.510328262610088075e+02 2.909256366905584035e-02
1.521857485988791154e+02 3.120701716003028772e-02
1.533386709367493950e+02 3.338417628549492089e-02
1.544915932746197029e+02 3.562202849408031141e-02
1.556445156124900109e+02 3.791834668083757937e-02
1.567974379503602904e+02 4.027064882553437614e-02
1.579503602882305984e+02 4.267614660593491149e-02
1.591032826261009063e+02 4.513167945498971351e-02
1.602562049639711859e+02 4.763362923392144843e-02
1.614091273018414938e+02 5.017780886679189950e-02
1.625620496397117734e+02 5.275931569645678915e-02
1.637149719775820529e+02 5.537233665035002500e-02
1.648678943154523893e+02 5.800988709557119982e-02
1.660208166533226404e+02 6.066345792574531076e-02
1.671737389911929768e+02 6.332253527823394901e-02
1.683266613290632563e+02 6.597394380854396112e-02
1.694795836669335358e+02 6.860094806011191038e-02
1.706325060048038438e+02 7.118203058159258689e-02
1.717854283426741233e+02 7.368926153704823123e-02
1.729383506805444313e+02 7.608621318728592264e-02
1.740912730184147108e+02 7.832552361652127260e-02
1.752441953562850472e+02 8.034660959640954614e-02
1.763971176941552983e+02 8.207483761293807301e-02
1.775500400320256347e+02 8.342465075994545676e-02
1.787029623698959142e+02 8.430980675952477743e-02
1.798558847077662222e+02 8.466166251500917284e-02
1.810088070456365017e+02 8.444974930158199999e-02
1.821617293835068097e+02 8.369265065579069296e-02
1.833146517213770892e+02 8.245123948079652321e-02
1.844675740592473971e+02 8.080932623581094099e-02
1.856204963971177051e+02 7.885393382901038917e-02
1.867734187349879846e+02 7.666294562767010656e-02
1.879263410728582926e+02 7.430048188884003091e-02
1.890792634107286005e+02 7.181702174258691729e-02
1.902321857485988801e+02 6.925149084591046555e-02
1.913851080864691880e+02 6.663373060625892019e-02
1.925380304243394676e+02 6.398669113693251920e-02
1.936909527622097755e+02 6.132817426911552766e-02
1.948438751000800551e+02 5.867214999400001407e-02
1.959967974379503914e+02 5.602972777988361741e-02
1.971497197758206426e+02 5.340986695996553096e-02
1.983026421136909789e+02 5.081989592434797698e-02
1.994555644515612585e+02 4.826589307070745793e-02
2.006084867894315664e+02 4.575296816159269558e-02
2.017614091273018460e+02 4.328547179237129949e-02
2.029143314651721539e+02 4.086715269921604304e-02
2.040672538030424334e+02 3.850127695606395811e-02
2.052201761409127130e+02 3.619071910139957937e-02
2.063730984787830209e+02 3.393803241365279250e-02
2.075260208166533005e+02 3.174550356258600686e-02
2.086789431545236368e+02 2.961519545205462331e-02
2.098318654923938880e+02 2.754898106198173588e-02
2.109847878302642243e+02 2.554857037319501270e-02
2.121377101681345323e+02 2.361553193423559724e-02
2.132906325060048118e+02 2.175131024622424872e-02
2.144435548438750914e+02 1.995723986001697245e-02
2.155964771817453993e+02 1.823455687073416778e-02
2.167493995196156789e+02 1.658440833840273826e-02
2.179023218574859868e+02 1.500786004566931515e-02
2.190552441953563232e+02 1.350590291412260245e-02
2.202081665332265743e+02 1.207945833245671098e-02
2.213610888710968823e+02 1.072938259708192295e-02
2.225140112089671902e+02 9.456470625061592569e-03
2.236669335468374697e+02 8.261459067433772618e-03
2.248198558847077777e+02 7.145028926066362800e-03
2.259727782225780572e+02 6.107807757450510119e-03
2.271257005604483652e+02 5.150371531214097826e-03
2.282786228983186447e+02 4.273246198597834000e-03
2.294315452361889811e+02 3.476909016080678271e-03
2.305844675740592606e+02 2.761789661190877827e-03
2.317373899119295402e+02 2.128271170891470401e-03
2.328903122497998197e+02 1.576690727484621971e-03
2.340432345876701561e+02 1.107340312469402843e-03
2.351961569255404356e+02 7.204672450221218669e-04
2.363490792634107436e+02 4.162746185813950427e-04
2.375020016012810515e+02 1.949216463309698096e-04
2.386549239391513311e+02 5.652392398535785136e-05
2.398078462770216106e+02 1.153616231311840648e-06
2.409607686148919186e+02 2.883957128491443771e-05
2.421136909527622265e+02 1.395673662953651338e-04
2.432666132906325345e+02 3.332792846730272488e-04
2.444195356285028140e+02 6.098742248038995038e-04
2.455724579663730651e+02 9.692075379775625960e-04
2.467253803042434015e+02 1.411090791656869443e-03
2.478783026421137095e+02 1.935291452392124637e-03
2.490312249799839890e+02 2.541532480674128965e-03
2.501841473178543254e+02 3.229491827778170360e-03
2.513370696557246049e+02 3.998801822047950288e-03
2.524899919935948560e+02 4.849048429079841870e-03
2.536429143314651640e+02 5.779770366693888842e-03
2.547958366693355003e+02 6.790458051350714563e-03
2.559487590072057799e+02 7.880552347558184359e-03
2.571016813450760878e+02 9.049443085593387309e-03
2.582546036829464242e+02 1.029646730526689348e-02
2.594075260208166469e+02 1.162090717407601552e-02
2.605604483586869264e+02 1.302198751646177488e-02
2.617133706965572628e+02 1.449887287636326093e-02
2.628662930344275992e+02 1.605066401702957488e-02
2.640192153722978787e+02 1.767639373900012703e-02
2.651721377101681014e+02 1.937502186785542216e-02
2.663250600480384378e+02 2.114542922587232462e-02
2.674779823859087173e+02 2.298641035341984079e-02
2.686309047237790537e+02 2.489666468336860367e-02
2.697838270616493332e+02 2.687478579010849772e-02
2.709367493995196696e+02 2.891924822740672002e-02
2.720896717373898923e+02 3.102839132719871842e-02
2.732425940752602287e+02 3.320039914175357265e-02
2.743955164131305082e+02 3.543327545670377915e-02
2.755484387510007878e+02 3.772481245693551366e-02
2.767013610888711241e+02 4.007255115541629581e-02
2.778542834267414037e+02 4.247373104522449844e-02
2.790072057646116832e+02 4.492522553327790713e-02
2.801601281024819627e+02 4.742345845346499639e-02
2.813130504403522991e+02 4.996429518222007121e-02
2.824659727782225787e+02 5.254289936813752449e-02
2.836188951160929150e+02 5.515354272161105548e-02
2.847718174539631946e+02 5.778935025029427464e-02
2.859247397918334741e+02 6.044195619206134407e-02
2.870776621297037536e+02 6.310103601222301350e-02
2.882305844675740332e+02 6.575366664307416564e-02
2.893835068054443695e+02 6.838345093117956242e-02
2.905364291433146491e+02 7.096932605398427463e-02
2.916893514811849855e+02 7.348396996398751102e-02
2.928422738190552082e+02 7.589175305115332393e-02
2.939951961569255445e+02 7.814631975638128281e-02
2.951481184947958241e+02 8.018825340562103776e-02
2.963010408326661036e+02 8.194404760062080906e-02
2.974539631705364400e+02 8.332878114736499975e-02
2.986068855084067195e+02 8.425566694632972975e-02
2.997598078462769990e+02 8.465377035842662490e-02
3.009127301841472786e+02 8.448880986787103697e-02
3.020656525220176150e+02 8.377529230776883939e-02
3.032185748598878945e+02 8.257121108513562624e-02
3.043714971977582309e+02 8.095928761834245146e-02
3.055244195356284536e+02 7.902686929422736428e-02
3.066773418734987899e+02 7.685286734993049262e-02
3.078302642113690695e+02 7.450258827112836435e-02
3.089831865492394058e+02 7.202758161660835490e-02
3.101361088871096854e+02 6.946764054417638168e-02
3.112890312249800218e+02 6.685327392334017294e-02
3.124419535628502445e+02 6.420793322827919591e-02
3.135948759007205808e+02 6.154979363453161323e-02
3.147477982385908604e+02 5.889310317960808061e-02
3.159007205764611967e+02 5.624917948549327390e-02
3.170536429143314763e+02 5.362713899006466001e-02
3.182065652522018127e+02 5.103442982873414302e-02
3.193594875900720353e+02 4.847722265416303661e-02
3.205124099279423717e+02 4.596069910532724068e-02
3.216653322658126513e+02 4.348926641974389107e-02
3.228182546036829876e+02 4.106671848577549133e-02
3.239711769415532672e+02 3.869635778571026141e-02
3.251240992794235467e+02 3.638108855339878406e-02
3.262770216172938262e+02 3.412348856454602841e-02
3.274299439551641058e+02 3.192586492797160058e-02
3.285828662930344422e+02 2.979029779342922540e-02
3.297357886309047785e+02 2.771867485558163549e-02
3.308887109687750581e+02 2.571271878955647475e-02
3.320416333066452808e+02 2.377400921480710486e-02
3.331945556445156171e+02 2.190400039098499424e-02
3.343474779823859535e+02 2.010403556041011341e-02
3.355004003202562330e+02 1.837535863742480527e-02
3.366533226581265126e+02 1.671912378474908756e-02
3.378062449959967921e+02 1.513640329641329635e-02
3.389591673338670716e+02 1.362819411536722765e-02
3.401120896717374080e+02 1.219542324401816889e-02
3.412650120096076876e+02 1.083895225220867300e-02
3.424179343474779671e+02 9.559581045507045335e-03
3.435708566853482466e+02 8.358051024257696568e-03
3.447237790232186398e+02 7.235047738374280647e-03
3.458767013610888625e+02 6.191203122779353682e-03
3.470296236989591421e+02 5.227097382421255246e-03
3.481825460368294216e+02 4.343260583073623934e-03
3.493354683746998148e+02 3.540173993844141290e-03
3.504883907125700944e+02 2.818271219065907138e-03
3.516413130504403739e+02 2.177939150439293231e-03
3.527942353883105966e+02 1.619518764813833705e-03
3.539471577261809898e+02 1.143305788362153829e-03
3.551000800640512693e+02 7.495512441169172122e-04
3.562530024019215489e+02 4.384618966062543179e-04
3.574059247397918284e+02 2.102006045698582193e-04
3.585588470776621648e+02 6.488659037238966225e-05
3.597117694155324443e+02 2.595632609395493445e-06
3.608646917534027239e+02 2.336018652543401768e-05
3.620176140912730034e+02 1.271694351207198928e-04
3.631705364291433398e+02 3.139692721472503076e-04
3.643234587670136193e+02 5.836622166025319004e-04
3.654763811048839557e+02 9.361072566808159665e-04
3.666293034427541784e+02 1.371119619455412166e-03
3.677822257806244579e+02 1.888470460751911833e-03
3.689351481184947943e+02 2.487886467691505232e-03
3.700880704563650738e+02 3.169049364138226688e-03
3.712409927942354102e+02 3.931595306748533226e-03
3.723939151321056329e+02 4.775114156341112373e-03
3.735468374699759693e+02 5.699148605792949025e-03
3.746997598078462488e+02 6.703193141516569815e-03
3.758526821457165852e+02 7.786692810512677379e-03
3.770056044835869216e+02 8.949041758897161719e-03
3.781585268214572011e+02 1.018958150032843457e-02
3.793114491593274238e+02 1.150759886353127856e-02
3.804643714971977602e+02 1.290232355671195978e-02
3.816172938350680397e+02 1.437292527239530937e-02
3.827702161729383761e+02 1.591851023832436748e-02
3.839231385108086556e+02 1.753811709747322631e-02
3.850760608486789351e+02 1.923071197150610923e-02
3.862289831865492147e+02 2.099518252530040152e-02
3.873819055244195511e+02 2.283033080289010447e-02
3.885348278622898306e+02 2.473486454396820605e-02
3.896877502001601101e+02 2.670738661022524149e-02
3.908406725380303897e+02 2.874638204588901222e-02
3.919935948759007829e+02 3.085020215800384283e-02
3.931465172137710056e+02 3.301704481691381671e-02
3.942994395516412851e+02 3.524492992872899078e-02
3.954523618895115646e+02 3.753166869481188578e-02
3.966052842273819579e+02 3.987482481364128251e-02
3.977582065652522374e+02 4.227166514789655605e-02
3.989111289031225169e+02 4.471909650236157580e-02
4.000640512409927396e+02 4.721358393253432401e-02
4.012169735788631328e+02 4.975104427938802087e-02
4.023698959167334124e+02 5.232670618631971027e-02
4.035228182546036919e+02 5.493492439149466611e-02
4.046757405924739714e+02 5.756893117340727839e-02
4.058286629303443078e+02 6.022050089138576701e-02
4.069815852682145874e+02 6.287949393263082831e-02
4.081345076060848669e+02 6.553323347271287902e-02
4.092874299439551464e+02 6.816565243836619770e-02
4.104403522818254260e+02 7.075613160700859605e-02
4.115932746196957623e+02 7.327794246309300707e-02
4.127461969575660419e+02 7.569623650263047898e-02
4.138991192954363214e+02 7.796564764346808341e-02
4.150520416333066009e+02 8.002791723683130853e-02
4.162049639711769373e+02 8.181068256121755422e-02
4.173578863090472737e+02 8.322972327497754619e-02
4.185108086469175532e+02 8.419783327569939357e-02
4.196637309847877759e+02 8.464193846047485259e-02
4.208166533226581123e+02 8.452403486969420343e-02
4.219695756605284487e+02 8.385451302913778104e-02
4.231224979983987282e+02 8.268834844298728060e-02
4.242754203362690646e+02 8.110702883596657142e-02
4.254283426741393441e+02 7.919813529041293265e-02
4.265812650120096237e+02 7.704157297877885224e-02
4.277341873498799032e+02 7.470383527002510959e-02
4.288871096877501827e+02 7.223755697916890706e-02
4.300400320256205191e+02 6.968341630663522912e-02
4.311929543634907986e+02 6.707260514122900807e-02
4.323458767013610782e+02 6.442908866830536485e-02
4.334987990392313577e+02 6.177142472721573740e-02
4.346517213771016941e+02 5.911414627346181505e-02
4.358046437149719736e+02 5.646878410582270580e-02
4.369575660528422532e+02 5.384461543644122883e-02
4.381104883907126464e+02 5.124921083751504680e-02
4.392634107285829259e+02 4.868883520380646451e-02
4.404163330664531486e+02 4.616874352959681599e-02
4.415692554043234281e+02 4.369340080479485605e-02
4.427221777421937645e+02 4.126664691093880760e-02
4.438751000800641009e+02 3.889182138139754552e-02
4.450280224179343804e+02 3.657185864089068650e-02
4.461809447558046031e+02 3.430936134761988082e-02
4.473338670936749395e+02 3.210665735135449089e-02
4.484867894315452759e+02 2.996584428614436357e-02
4.496397117694155554e+02 2.788882475101328584e-02
4.507926341072858349e+02 2.587733426722807831e-02
4.519455564451561145e+02 2.393296364752517391e-02
4.530984787830264509e+02 2.205717700928685326e-02
4.542514011208967304e+02 2.025132636716705375e-02
4.554043234587670099e+02 1.851666352099226934e-02
4.565572457966372895e+02 1.685434979073281020e-02
4.577101681345075690e+02 1.526546402691620306e-02
4.588630904723779622e+02 1.375100923130825013e-02
4.600160128102481849e+02 1.231191805124475305e-02
4.611689351481185213e+02 1.094905735609259453e-02
4.623218574859887440e+02 9.663232061804713155e-03
4.634747798238590804e+02 8.455188336416433539e-03
4.646277021617294167e+02 7.325616293375599927e-03
4.657806244995996394e+02 6.275152259091644827e-03
4.669335468374700326e+02 5.304380684856215174e-03
4.680864691753403122e+02 4.413835760275221752e-03
4.692393915132105917e+02 3.604002774930317211e-03
4.703923138510808712e+02 2.875319266553321828e-03
4.715452361889510939e+02 2.228175987113959790e-03
4.726981585268214872e+02 1.662917712611001108e-03
4.738510808646917667e+02 1.179843917683048339e-03
4.750040032025621031e+02 7.792093323033053151e-04
4.761569255404323258e+02 4.612243945308484622e-04
4.773098478783026621e+02 2.260556105315162561e-04
4.784627702161729417e+02 7.382583065408381147e-05
4.796156925540432212e+02 4.614448235838334747e-06
4.807686148919136144e+02 1.845752590640609009e-05
4.819215372297838371e+02 1.153478523976920003e-04
4.830744595676541167e+02 2.952349312108498171e-04
4.842273819055244530e+02 5.580249008740575988e-04
4.853803042433946757e+02 9.035803848895388249e-04
4.865332265812650689e+02 1.331720267790737714e-03
4.876861489191352916e+02 1.842219391926201537e-03
4.888390712570056280e+02 2.434808167617863710e-03
4.899919935948759075e+02 3.109172087134202088e-03
4.911449159327461302e+02 3.864951130396549611e-03
4.922978382706165235e+02 4.701739047399697800e-03
4.934507606084868030e+02 5.619082498884609908e-03
4.946036829463570825e+02 6.616480032672415225e-03
4.957566052842274189e+02 7.693380868129534936e-03
4.969095276220975848e+02 8.849183455216321284e-03
4.980624499599679780e+02 1.008323376722102330e-02
4.992153722978382575e+02 1.139482327722451775e-02
5.003682946357086507e+02 1.278318655715005893e-02
5.015212169735788734e+02 1.424749842422081553e-02
5.026741393114492098e+02 1.578687054214486171e-02
5.038270616493194325e+02 1.740034736215456679e-02
5.049799839871897120e+02 1.908690126091124734e-02
5.061329063250601052e+02 2.084542669630659595e-02
5.072858286629303279e+02 2.267473315594869740e-02
5.084387510008006643e+02 2.457353661319622296e-02
5.095916733386710007e+02 2.654044912753307159e-02
5.107445956765412234e+02 2.857396612354725848e-02
5.118975180144115598e+02 3.067245074718704528e-02
5.130504403522817256e+02 3.283411451732724112e-02
5.142033626901521757e+02 3.505699324812779072e-02
5.153562850280223984e+02 3.733891688939874193e-02
5.165092073658928484e+02 3.967747148444573935e-02
5.176621297037630711e+02 4.206995082909822936e-02
5.188150520416332938e+02 4.451329456227602621e-02
5.199679743795036302e+02 4.700400822669368456e-02
5.211208967173738529e+02 4.953805916266424553e-02
5.222738190552443029e+02 5.211073972843604379e-02
5.234267413931145256e+02 5.471648597749435156e-02
5.245796637309847483e+02 5.734863514869661255e-02
5.257325860688551984e+02 5.999909858230548232e-02
5.268855084067253074e+02 6.265791729523012554e-02
5.280384307445957575e+02 6.531265482840305225e-02
5.291913530824659802e+02 6.794756617191069492e-02
5.303442754203362028e+02 7.054246492980401073e-02
5.314971977582066529e+02 7.307120213276697973e-02
5.326501200960768756e+02 7.549969352801086386e-02
5.338030424339472120e+02 7.778354540188527066e-02
5.349559647718174347e+02 7.986564739891147124e-02
5.361088871096877710e+02 8.167479408264487206e-02
5.372618094475581074e+02 8.312752622623993670e-02
5.384147317854283301e+02 8.413633993305806580e-02
5.395676541232986665e+02 8.462617440461434049e-02
5.407205764611690029e+02 8.455540233962796637e-02
5.418734987990393392e+02 8.393026949019610772e-02
5.430264211369095619e+02 8.280259990132848857e-02
5.441793434747797846e+02 8.125250030820285740e-02
5.453322658126501210e+02 7.936768947191305545e-02
5.464851881505204574e+02 7.722902857183869263e-02
5.476381104883907938e+02 7.490419652821084240e-02
5.487910328262610165e+02 7.244692761551184412e-02
5.499439551641313528e+02 6.989880264090657380e-02
5.510968775020015755e+02 6.729171231231460826e-02
5.522497998398719119e+02 6.465014814753107519e-02
5.534027221777422483e+02 6.199306020141212570e-02
5.545556445156124710e+02 5.933527339920057625e-02
5.557085668534828073e+02 5.668853687302131267e-02
5.568614891913531437e+02 5.406229237575488344e-02
5.580144115292233664e+02 5.146423567767229035e-02
5.591673338670937028e+02 4.890072795303883335e-02
5.603202562049639255e+02 4.637709906668104759e-02
5.614731785428342619e+02 4.389787289760378047e-02
5.626261008807045982e+02 4.146693618090369765e-02
5.637790232185748209e+02 3.908766615810189277e-02
5.649319455564451573e+02 3.676302795098426723e-02
5.660848678943154937e+02 3.449564949351412169e-02
5.672377902321858301e+02 3.228787968440803569e-02
5.683907125700560528e+02 3.014183388508086953e-02
5.695436349079263891e+02 2.805942979213432026e-02
5.706965572457966118e+02 2.604241592761876931e-02
5.718494795836669482e+02 2.409239442211182428e-02
5.730024019215372846e+02 2.221083935165757417e-02
5.741553242594075073e+02 2.039911158548511974e-02
5.753082465972778436e+02 1.865847087626498410e-02
5.764611689351480663e+02 1.699008575665422044e-02
5.776140912730184027e+02 1.539504167950567042e-02
5.787670136108887391e+02 1.387434774343589312e-02
5.799199359487589618e+02 1.242894227239600170e-02
5.810728582866292982e+02 1.105969746176101859e-02
5.822257806244996345e+02 9.767423260067454455e-03
5.833787029623699709e+02 8.552870621698000983e-03
5.845316253002401936e+02 7.416734239338511163e-03
5.856845476381104163e+02 6.359654844131664049e-03
5.868374699759807527e+02 5.382221144889306683e-03
5.879903923138510891e+02 4.484971464483638107e-03
5.891433146517214254e+02 3.668395120926342366e-03
5.902962369895916481e+02 2.932933592042090681e-03
5.914491593274619845e+02 2.278981495682231174e-03
5.926020816653322072e+02 1.706887411667432162e-03
5.937550040032025436e+02 1.216954566962215800e-03
5.949079263410728799e+02 8.094414016167536790e-04
5.960608486789431026e+02 4.845620297177228707e-04
5.972137710168134390e+02 2.424866067686346947e-04
5.983666933546837754e+02 8.334161248145453816e-05
5.995196156925539981e+02 7.210055810429074927e-06
6.006725380304243345e+02 1.413160716373378229e-05
6.018254603682945572e+02 1.041026609258019215e-04
6.029783827061650072e+02 2.770763297961574665e-04
6.041313050440352299e+02 5.329623707921760404e-04
6.052842273819054526e+02 8.716270411726114711e-04
6.064371497197757890e+02 1.292892880829031805e-03
6.075900720576461254e+02 1.796538415930739804e-03
6.087429943955164617e+02 2.382297776633631337e-03
6.098959167333866844e+02 3.049860219491152408e-03
6.110488390712569071e+02 3.798869542716863928e-03
6.122017614091273572e+02 4.628923379528367132e-03
6.133546837469975799e+02 5.539572351435428053e-03
6.145076060848679163e+02 6.530319059245985429e-03
6.156605284227381389e+02 7.600616884710574908e-03
6.168134507606085890e+02 8.749868569807020199e-03
6.179663730984788117e+02 9.977424533432440942e-03
6.191192954363490344e+02 1.128258087639733530e-02
6.202722177742193708e+02 1.266457701457533377e-02
6.214251401120895935e+02 1.412259286635263178e-02
6.225780624499600435e+02 1.565574550329731918e-02
6.237309847878302662e+02 1.726308515123709322e-02
6.248839071257004889e+02 1.894359040137143235e-02
6.260368294635709390e+02 2.069616245580391256e-02
6.271897518014411617e+02 2.251961818658798284e-02
6.283426741393114980e+02 2.441268172879442616e-02
6.294955964771817207e+02 2.637397425170194196e-02
6.306485188150519434e+02 2.840200145206678642e-02
6.318014411529223935e+02 3.049513818095783355e-02
6.329543634907926162e+02 3.265160943934586335e-02
6.341072858286629526e+02 3.486946674101796401e-02
6.352602081665331752e+02 3.714655852142492720e-02
6.364131305044036253e+02 3.948049283484704464e-02
6.375660528422738480e+02 4.186858998286886735e-02
6.387189751801440707e+02 4.430782188688453527e-02
6.398718975180145208e+02 4.679473385868021529e-02
6.410248198558847434e+02 4.932534279476463723e-02
6.421777421937550798e+02 5.189500351846921405e-02
6.433306645316253025e+02 5.449823172774111157e-02
6.444835868694955252e+02 5.712846736896159960e-02
6.456365092073659753e+02 5.977775570285756568e-02
6.467894315452361980e+02 6.243631419474904992e-02
6.479423538831065343e+02 6.509194102473846166e-02
6.490952762209767570e+02 6.772920543119378967e-02
6.502481985588470934e+02 7.032834332343752826e-02
6.514011208967174298e+02 7.286377156500010999e-02
6.525540432345876525e+02 7.530215348428417887e-02
6.537069655724581025e+02 7.760005044975486210e-02
6.548598879103282115e+02 7.970148957475191309e-02
6.560128102481986616e+02 8.153643353398264126e-02
6.571657325860688843e+02 8.302223972228477133e-02
6.583186549239391070e+02 8.407122285725010524e-02
6.594715772618095571e+02 8.460648826753548735e-02
6.606244995996796661e+02 8.458289258981900594e-02
6.617774219375501161e+02 8.400251965115893005e-02
6.629303442754203388e+02 8.291391403480964650e-02
6.640832666132905615e+02 8.139565201487562740e-02
6.652361889511610116e+02 7.953548880465681481e-02
6.663891112890312343e+02 7.741519950162602248e-02
6.675420336269015706e+02 7.510364510864055154e-02
6.686949559647719070e+02 7.265567285579281609e-02
6.698478783026421297e+02 7.011378370989353181e-02
6.710008006405124661e+02 6.751058323178250886e-02
6.721537229783826888e+02 6.487110216524542838e-02
6.733066453162530252e+02 6.221469256875029191e-02
6.744595676541233615e+02 5.955647857336653778e-02
6.756124899919935842e+02 5.690843293807897052e-02
6.767654123298639206e+02 5.428016582252164629e-02
6.779183346677341433e+02 5.167950102807496171e-02
6.790712570056044797e+02 4.911289809758984798e-02
6.802241793434748161e+02 4.658576331902813256e-02
6.813771016813450387e+02 4.410268062435093034e-02
6.825300240192153751e+02 4.166758448250262870e-02
6.836829463570857115e+02 3.928389051492670730e-02
6.848358686949559342e+02 3.695459505763105251e-02
6.859887910328262706e+02 3.468235172183946335e-02
6.871417133706964933e+02 3.246953076945496841e-02
6.882946357085668296e+02 3.031826553710144714e-02
6.894475580464372797e+02 2.823048901585657744e-02
6.906004803843073887e+02 2.620796288605125798e-02
6.917534027221777251e+02 2.425230072290206554e-02
6.929063250600479478e+02 2.236498666380788355e-02
6.940592473979182842e+02 2.054739051621064932e-02
6.952121697357887342e+02 1.880078005410351638e-02
6.963650920736588432e+02 1.712633107916373965e-02
6.975180144115292933e+02 1.552513569312043845e-02
6.986709367493996297e+02 1.399820913007135750e-02
6.998238590872697387e+02 1.254649542274724472e-02
7.009767814251401887e+02 1.117087211941050935e-02
7.021297037630102977e+02 9.872154223709274368e-03
7.032826261008807478e+02 8.651097495296777504e-03
7.044355484387510842e+02 7.508401222029672910e-03
7.055884707766211932e+02 6.444710553219288283e-03
7.067413931144916432e+02 5.460618466532228196e-03
7.078943154523619796e+02 4.556667427677785036e-03
7.090472377902322023e+02 3.733350791163458395e-03
7.102001601281025387e+02 2.991113981704576676e-03
7.113530824659726477e+02 2.330355488723874838e-03
7.125060048038430978e+02 1.751427700615962660e-03
7.136589271417134341e+02 1.254637600592632988e-03
7.148118494795836568e+02 8.402473419742027740e-04
7.159647718174539932e+02 5.084747174222465802e-04
7.171176941553243296e+02 2.594935337375691873e-04
7.182706164931945523e+02 9.343390141507439042e-05
7.194235388310648887e+02 1.038244594520688019e-05
7.205764611689351113e+02 1.038244594527963863e-05
7.217293835068054477e+02 9.343390141507439042e-05
7.228823058446757841e+02 2.594935337369143292e-04
7.240352281825460068e+02 5.084747174217373305e-04
7.251881505204163432e+02 8.402473419741300241e-04
7.263410728582866795e+02 1.254637600592778488e-03
7.274939951961569022e+02 1.751427700616326518e-03
7.286469175340272386e+02 2.330355488723802413e-03
7.297998398718974613e+02 2.991113981704649535e-03
7.309527622097679114e+02 3.733350791164768111e-03
7.321056845476381341e+02 4.556667427677494470e-03
7.332586068855083568e+02 5.460618466532301055e-03
7.344115292233786931e+02 6.444710553218923992e-03
7.355644515612489158e+02 7.508401222029745768e-03
7.367173738991193659e+02 8.651097495296994344e-03
7.378702962369895886e+02 9.872154223708982934e-03
7.390232185748598113e+02 1.117087211941087364e-02
7.401761409127301476e+02 1.254649542274659073e-02
7.413290632506004840e+02 1.399820913007143036e-02
7.424819855884708204e+02 1.552513569312101958e-02
7.436349079263410431e+02 1.712633107916373965e-02
7.447878302642112658e+02 1.880078005410358924e-02
7.459407526020817158e+02 2.054739051620970217e-02
7.470936749399519385e+02 2.236498666380781070e-02
7.482465972778222749e+02 2.425230072290235697e-02
7.493995196156924976e+02 2.620796288605154942e-02
7.505524419535629477e+02 2.823048901585686887e-02
7.517053642914331704e+02 3.031826553710166572e-02
7.528582866293033931e+02 3.246953076945518352e-02
7.540112089671738431e+02 3.468235172183939397e-02
7.551641313050440658e+02 3.695459505763105251e-02
7.563170536429144022e+02 3.928389051492678363e-02
7.574699759807846249e+02 4.166758448250240665e-02
7.586228983186548476e+02 4.410268062435093034e-02
7.597758206565252976e+02 4.658576331902813256e-02
7.609287429943955203e+02 4.911289809759043085e-02
7.620816653322658567e+02 5.167950102807474660e-02
7.632345876701360794e+02 5.428016582252127853e-02
7.643875100080064158e+02 5.690843293807874848e-02
7.655404323458767522e+02 5.955647857336682921e-02
7.666933546837469748e+02 6.221469256874978537e-02
7.678462770216173112e+02 6.487110216524549777e-02
7.689991993594876476e+02 6.751058323178302234e-02
7.701521216973578703e+02 7.011378370989382325e-02
7.713050440352282067e+02 7.265567285579273282e-02
7.724579663730984294e+02 7.510364510864019072e-02
7.736108887109687657e+02 7.741519950162559227e-02
7.747638110488391021e+02 7.953548880465703685e-02
7.759167333867093248e+02 8.139565201487562740e-02
7.770696557245796612e+02 8.291391403480971589e-02
7.782225780624498839e+02 8.400251965115913821e-02
7.793755004003202203e+02 8.458289258981885328e-02
7.805284227381905566e+02 8.460648826753555674e-02
7.816813450760607793e+02 8.407122285725032729e-02
7.828342674139311157e+02 8.302223972228506277e-02
7.839871897518015658e+02 8.153643353398271065e-02
7.851401120896716748e+02 7.970148957475184370e-02
7.862930344275420111e+02 7.760005044975486210e-02
7.874459567654124612e+02 7.530215348428417887e-02
7.885988791032825702e+02 7.286377156500010999e-02
7.897518014411530203e+02 7.032834332343752826e-02
7.909047237790231293e+02 6.772920543119401171e-02
7.920576461168934657e+02 6.509194102473853105e-02
7.932105684547639157e+02 6.243631419474897359e-02
7.943634907926340247e+02 5.977775570285756568e-02
7.955164131305044748e+02 5.712846736896167593e-02
7.966693354683748112e+02 5.449823172774111157e-02
7.978222578062450339e+02 5.189500351846935977e-02
7.989751801441153702e+02 4.932534279476521316e-02
8.001281024819854792e+02 4.679473385868006957e-02
8.012810248198559293e+02 4.430782188688475037e-02
8.024339471577262657e+02 4.186858998286894368e-02
8.035868694955964884e+02 3.948049283484704464e-02
8.047397918334668248e+02 3.714655852142492720e-02
8.058927141713370474e+02 3.486946674101825544e-02
8.070456365092073838e+02 3.265160943934586335e-02
8.081985588470777202e+02 3.049513818095805212e-02
8.093514811849479429e+02 2.840200145206678642e-02
8.105044035228182793e+02 2.637397425170201481e-02
8.116573258606886156e+02 2.441268172879420759e-02
8.128102481985588383e+02 2.251961818658834713e-02
8.139631705364291747e+02 2.069616245580383970e-02
8.151160928742993974e+02 1.894359040137157807e-02
8.162690152121697338e+02 1.726308515123702036e-02
8.174219375500400702e+02 1.565574550329761061e-02
8.185748598879102929e+02 1.412259286635285035e-02
8.197277822257806292e+02 1.266457701457533377e-02
8.208807045636508519e+02 1.128258087639748102e-02
8.220336269015211883e+02 9.977424533432149509e-03
8.231865492393915247e+02 8.749868569806510191e-03
8.243394715772617474e+02 7.600616884710720625e-03
8.254923939151320837e+02 6.530319059245985429e-03
8.266453162530024201e+02 5.539572351435500912e-03
8.277982385908726428e+02 4.628923379528367132e-03
8.289511609287430929e+02 3.798869542716863928e-03
8.301040832666132019e+02 3.049860219491152408e-03
8.312570056044836520e+02 2.382297776633412762e-03
8.324099279423538746e+02 1.796538415931176304e-03
8.335628502802240973e+02 1.292892880829177304e-03
8.347157726180945474e+02 8.716270411726114711e-04
8.358686949559646564e+02 5.329623707921760404e-04
8.370216172938351065e+02 2.770763297962302164e-04
8.381745396317054428e+02 1.041026609263112391e-04
8.393274619695755518e+02 1.413160716387929916e-05
8.404803843074460019e+02 7.210055810429074927e-06
8.416333066453162246e+02 8.334161248109073412e-05
8.427862289831865610e+02 2.424866067688529717e-04
8.439391513210568974e+02 4.845620297175773708e-04
8.450920736589272337e+02 8.094414016165354291e-04
8.462449959967974564e+02 1.216954566962797800e-03
8.473979183346677928e+02 1.706887411667286662e-03
8.485508406725381292e+02 2.278981495682303599e-03
8.497037630104083519e+02 2.932933592041945398e-03
8.508566853482786883e+02 3.668395120926342366e-03
8.520096076861489109e+02 4.484971464483565248e-03
8.531625300240192473e+02 5.382221144888943258e-03
8.543154523618895837e+02 6.359654844131445474e-03
8.554683746997598064e+02 7.416734239338147738e-03
8.566212970376301428e+02 8.552870621698073841e-03
8.577742193755003655e+02 9.767423260067454455e-03
8.589271417133707018e+02 1.105969746176109145e-02
8.600800640512410382e+02 1.242894227239592884e-02
8.612329863891112609e+02 1.387434774343589312e-02
8.623859087269815973e+02 1.539504167950530612e-02
8.635388310648518200e+02 1.699008575665436616e-02
8.646917534027221564e+02 1.865847087626519921e-02
8.658446757405924927e+02 2.039911158548490117e-02
8.669975980784627154e+02 2.221083935165757417e-02
8.681505204163330518e+02 2.409239442211204285e-02
8.693034427542033882e+02 2.604241592761862359e-02
8.704563650920737246e+02 2.805942979213432026e-02
8.716092874299439472e+02 3.014183388508043238e-02
8.727622097678141699e+02 3.228787968440803569e-02
8.739151321056845063e+02 3.449564949351426740e-02
8.750680544435548427e+02 3.676302795098426723e-02
8.762209767814252928e+02 3.908766615810181644e-02
8.773738991192954018e+02 4.146693618090355193e-02
8.785268214571658518e+02 4.389787289760371108e-02
8.796797437950360745e+02 4.637709906668119331e-02
8.808326661329062972e+02 4.890072795303875702e-02
8.819855884707767473e+02 5.146423567767206830e-02
8.831385108086468563e+02 5.406229237575495283e-02
8.842914331465173063e+02 5.668853687302138900e-02
8.854443554843875290e+02 5.933527339920043053e-02
8.865972778222577517e+02 6.199306020141204937e-02
8.877502001601282018e+02 6.465014814753107519e-02
8.889031224979984245e+02 6.729171231231460826e-02
8.900560448358687609e+02 6.989880264090679585e-02
8.912089671737390972e+02 7.244692761551140003e-02
8.923618895116092062e+02 7.490419652821099505e-02
8.935148118494796563e+02 7.722902857183862324e-02
8.946677341873498790e+02 7.936768947191298607e-02
8.958206565252202154e+02 8.125250030820278802e-02
8.969735788630905517e+02 8.280259990132819714e-02
8.981265012009607744e+02 8.393026949019610772e-02
8.992794235388311108e+02 8.455540233962811902e-02
9.004323458767013335e+02 8.462617440461427110e-02
9.015852682145716699e+02 8.413633993305799641e-02
9.027381905524420063e+02 8.312752622624001997e-02
9.038911128903122290e+02 8.167479408264494145e-02
9.050440352281825653e+02 7.986564739891169329e-02
9.061969575660529017e+02 7.778354540188549271e-02
9.073498799039231244e+02 7.549969352801086386e-02
9.085028022417934608e+02 7.307120213276727116e-02
9.096557245796636835e+02 7.054246492980392746e-02
9.108086469175340198e+02 6.794756617191091697e-02
9.119615692554044699e+02 6.531265482840296899e-02
9.131144915932745789e+02 6.265791729523005615e-02
9.142674139311449153e+02 5.999909858230569742e-02
9.154203362690151380e+02 5.734863514869704970e-02
9.165732586068854744e+02 5.471648597749428217e-02
9.177261809447559244e+02 5.211073972843560664e-02
9.188791032826262608e+02 4.953805916266402348e-02
9.200320256204963698e+02 4.700400822669397599e-02
9.211849479583665925e+02 4.451329456227631765e-02
9.223378702962370426e+02 4.206995082909808364e-02
9.234907926341072653e+02 3.967747148444603078e-02
9.246437149719774879e+02 3.733891688939910275e-02
9.257966373098479380e+02 3.505699324812749929e-02
9.269495596477181607e+02 3.283411451732775460e-02
9.281024819855883834e+02 3.067245074718689957e-02
9.292554043234588335e+02 2.857396612354740420e-02
9.304083266613291698e+02 2.654044912753292587e-02
9.315612489991992788e+02 2.457353661319622296e-02
9.327141713370697289e+02 2.267473315594884312e-02
9.338670936749400653e+02 2.084542669630659595e-02
9.350200160128101743e+02 1.908690126091095590e-02
9.361729383506806244e+02 1.740034736215456679e-02
9.373258606885508470e+02 1.578687054214457028e-02
9.384787830264211834e+02 1.424749842422037838e-02
9.396317053642912924e+02 1.278318655715013179e-02
9.407846277021617425e+02 1.139482327722495490e-02
9.419375500400320789e+02 1.008323376722087758e-02
9.430904723779021879e+02 8.849183455216902416e-03
9.442433947157726379e+02 7.693380868129753511e-03
9.453963170536429743e+02 6.616480032672342367e-03
9.465492393915130833e+02 5.619082498885046191e-03
9.477021617293835334e+02 4.701739047399697800e-03
9.488550840672538698e+02 3.864951130396331036e-03
9.500080064051242061e+02 3.109172087134056371e-03
9.511609287429944288e+02 2.434808167618154710e-03
9.523138510808646515e+02 1.842219391925910320e-03
9.534667734187351016e+02 1.331720267790883214e-03
9.546196957566053243e+02 9.035803848892478250e-04
9.557726180944755470e+02 5.580249008742030987e-04
9.569255404323458833e+02 2.952349312107770672e-04
9.580784627702163334e+02 1.153478523975464868e-04
9.592313851080864424e+02 1.845752590618781309e-05
9.603843074459567788e+02 4.614448235765575463e-06
9.615372297838272289e+02 7.382583065437485199e-05
9.626901521216973379e+02 2.260556105318800601e-04
9.638430744595676742e+02 4.612243945305574623e-04
9.649959967974380106e+02 7.792093323035236734e-04
9.661489191353082333e+02 1.179843917683484839e-03
9.673018414731784560e+02 1.662917712610928467e-03
9.684547638110489061e+02 2.228175987114105507e-03
9.696076861489192424e+02 2.875319266552812687e-03
9.707606084867893514e+02 3.604002774930171495e-03
9.719135308246596878e+02 4.413835760275076903e-03
9.730664531625301379e+02 5.304380684856651457e-03
9.742193755004002469e+02 6.275152259091499110e-03
9.753722978382705833e+02 7.325616293375236503e-03
9.765252201761410333e+02 8.455188336416506398e-03
9.776781425140112560e+02 9.663232061804421721e-03
9.788310648518813650e+02 1.094905735609266739e-02
9.799839871897518151e+02 1.231191805124453448e-02
9.811369095276221515e+02 1.375100923130825013e-02
9.822898318654922605e+02 1.526546402691620306e-02
9.834427542033627105e+02 1.685434979073266448e-02
9.845956765412330469e+02 1.851666352099212362e-02
9.857485988791032696e+02 2.025132636716668946e-02
9.869015212169736060e+02 2.205717700928656530e-02
9.880544435548439424e+02 2.393296364752524677e-02
9.892073658927141651e+02 2.587733426722800545e-02
9.903602882305843877e+02 2.788882475101314012e-02
9.915132105684548378e+02 2.996584428614429071e-02
9.926661329063250605e+02 3.210665735135485171e-02
9.938190552441951695e+02 3.430936134761937428e-02
9.949719775820656196e+02 3.657185864089054078e-02
9.961248999199359559e+02 3.889182138139776063e-02
9.972778222578064060e+02 4.126664691093887699e-02
9.984307445956765150e+02 4.369340080479492544e-02
9.995836669335468514e+02 4.616874352959667027e-02
1.000736589271417301e+03 4.868883520380667962e-02
1.001889511609287410e+03 5.124921083751497047e-02
1.003042433947157747e+03 5.384461543644100678e-02
1.004195356285027970e+03 5.646878410582278213e-02
1.005348278622898420e+03 5.911414627346203710e-02
1.006501200960768642e+03 6.177142472721595945e-02
1.007654123298638865e+03 6.442908866830572567e-02
1.008807045636509315e+03 6.707260514122907746e-02
1.009959967974379424e+03 6.968341630663529851e-02
1.011112890312249760e+03 7.223755697916869889e-02
1.012265812650120210e+03 7.470383527002497082e-02
1.013418734987990319e+03 7.704157297877833876e-02
1.014571657325860656e+03 7.919813529041300204e-02
1.015724579663731106e+03 8.110702883596686286e-02
1.016877502001601329e+03 8.268834844298741937e-02
1.018030424339471551e+03 8.385451302913755900e-02
1.019183346677342001e+03 8.452403486969412016e-02
1.020336269015212224e+03 8.464193846047499137e-02
1.021489191353082447e+03 8.419783327569894948e-02
1.022642113690952669e+03 8.322972327497746292e-02
1.023795036028823120e+03 8.181068256121762361e-02
1.024947958366693456e+03 8.002791723683153058e-02
1.026100880704563451e+03 7.796564764346866627e-02
1.027253803042433901e+03 7.569623650263070103e-02
1.028406725380304351e+03 7.327794246309314585e-02
1.029559647718174347e+03 7.075613160700874871e-02
1.030712570056044797e+03 6.816565243836619770e-02
1.031865492393915247e+03 6.553323347271280963e-02
1.033018414731785697e+03 6.287949393263053688e-02
1.034171337069655692e+03 6.022050089138591272e-02
1.035324259407526142e+03 5.756893117340654981e-02
1.036477181745396365e+03 5.493492439149517959e-02
1.037630104083266588e+03 5.232670618631993231e-02
1.038783026421136810e+03 4.975104427938794455e-02
1.039935948759007260e+03 4.721358393253483055e-02
1.041088871096877256e+03 4.471909650236186723e-02
1.042241793434747706e+03 4.227166514789634094e-02
1.043394715772618156e+03 3.987482481364171966e-02
1.044547638110488606e+03 3.753166869481203149e-02
1.045700560448358601e+03 3.524492992872928221e-02
1.046853482786229051e+03 3.301704481691403181e-02
1.048006405124099501e+03 3.085020215800398855e-02
1.049159327461969497e+03 2.874638204588937651e-02
1.050312249799839947e+03 2.670738661022509924e-02
1.051465172137710397e+03 2.473486454396806034e-02
1.052618094475580619e+03 2.283033080289003161e-02
1.053771016813450615e+03 2.099518252530083520e-02
1.054923939151321065e+03 1.923071197150647352e-02
1.056076861489191515e+03 1.753811709747278916e-02
1.057229783827061510e+03 1.591851023832465892e-02
1.058382706164931960e+03 1.437292527239545335e-02
1.059535628502802410e+03 1.290232355671195978e-02
1.060688550840672406e+03 1.150759886353120570e-02
1.061841473178542856e+03 1.018958150032828885e-02
1.062994395516413306e+03 8.949041758897598869e-03
1.064147317854283529e+03 7.786692810512750237e-03
1.065300240192153751e+03 6.703193141516933240e-03
1.066453162530024201e+03 5.699148605792803308e-03
1.067606084867894424e+03 4.775114156340530373e-03
1.068759007205764419e+03 3.931595306748388377e-03
1.069911929543634869e+03 3.169049364137571830e-03
1.071064851881505319e+03 2.487886467691941949e-03
1.072217774219375542e+03 1.888470460752057550e-03
1.073370696557245765e+03 1.371119619455484807e-03
1.074523618895116215e+03 9.361072566807432166e-04
1.075676541232986438e+03 5.836622166024591505e-04
1.076829463570856660e+03 3.139692721471775577e-04
1.077982385908727110e+03 1.271694351205743929e-04
1.079135308246597333e+03 2.336018652536125755e-05
1.080288230584467556e+03 2.595632609395493445e-06
1.081441152922338006e+03 6.488659037253517573e-05
1.082594075260208228e+03 2.102006045700764963e-04
1.083746997598078678e+03 4.384618966062543179e-04
1.084899919935948674e+03 7.495512441174993204e-04
1.086052842273819124e+03 1.143305788362153829e-03
1.087205764611689347e+03 1.619518764814343063e-03
1.088358686949559569e+03 2.177939150439147948e-03
1.089511609287430019e+03 2.818271219065397997e-03
1.090664531625300242e+03 3.540173993844141290e-03
1.091817453963170692e+03 4.343260583073479085e-03
1.092970376301040915e+03 5.227097382421400963e-03
1.094123298638911137e+03 6.191203122779280824e-03
1.095276220976781588e+03 7.235047738374062072e-03
1.096429143314651583e+03 8.358051024257115436e-03
1.097582065652522033e+03 9.559581045507336769e-03
1.098734987990392483e+03 1.083895225220889158e-02
1.099887910328262706e+03 1.219542324401780634e-02
1.101040832666132928e+03 1.362819411536693621e-02
1.102193755004003151e+03 1.513640329641315237e-02
1.103346677341873601e+03 1.671912378474901470e-02
1.104499599679743824e+03 1.837535863742458669e-02
1.105652522017614046e+03 2.010403556041018627e-02
1.106805444355484497e+03 2.190400039098492138e-02
1.107958366693354719e+03 2.377400921480739629e-02
1.109111289031224942e+03 2.571271878955611045e-02
1.110264211369095392e+03 2.771867485558178121e-02
1.111417133706965615e+03 2.979029779342915255e-02
1.112570056044835837e+03 3.192586492797166997e-02
1.113722978382706287e+03 3.412348856454566065e-02
1.114875900720576510e+03 3.638108855339863834e-02
1.116028823058446733e+03 3.869635778570996998e-02
1.117181745396317183e+03 4.106671848577563705e-02
1.118334667734187406e+03 4.348926641974366902e-02
1.119487590072057628e+03 4.596069910532701863e-02
1.120640512409927851e+03 4.847722265416252313e-02
1.121793434747798301e+03 5.103442982873378220e-02
1.122946357085668524e+03 5.362713899006509716e-02
1.124099279423538746e+03 5.624917948549327390e-02
1.125252201761409196e+03 5.889310317960830266e-02
1.126405124099279419e+03 6.154979363453161323e-02
1.127558046437149642e+03 6.420793322827868244e-02
1.128710968775020092e+03 6.685327392334061702e-02
1.129863891112890315e+03 6.946764054417638168e-02
1.131016813450760765e+03 7.202758161660799407e-02
1.132169735788630987e+03 7.450258827112785087e-02
1.133322658126501210e+03 7.685286734993020119e-02
1.134475580464371660e+03 7.902686929422721163e-02
1.135628502802241883e+03 8.095928761834260412e-02
1.136781425140112106e+03 8.257121108513577890e-02
1.137934347477982328e+03 8.377529230776861735e-02
1.139087269815852778e+03 8.448880986787081493e-02
1.140240192153723001e+03 8.465377035842640285e-02
1.141393114491593224e+03 8.425566694632995179e-02
1.142546036829463674e+03 8.332878114736506914e-02
1.143698959167333896e+03 8.194404760062118376e-02
1.144851881505204119e+03 8.018825340562125981e-02
1.146004803843074569e+03 7.814631975638157424e-02
1.147157726180944792e+03 7.589175305115354597e-02
1.148310648518815015e+03 7.348396996398766368e-02
1.149463570856685465e+03 7.096932605398449667e-02
1.150616493194555687e+03 6.838345093117934037e-02
1.151769415532425910e+03 6.575366664307423503e-02
1.152922337870296133e+03 6.310103601222294412e-02
1.154075260208166583e+03 6.044195619206127468e-02
1.155228182546036805e+03 5.778935025029427464e-02
1.156381104883907028e+03 5.515354272161142324e-02
1.157534027221777478e+03 5.254289936813716366e-02
1.158686949559647701e+03 4.996429518221985611e-02
1.159839871897517924e+03 4.742345845346543354e-02
1.160992794235388374e+03 4.492522553327754631e-02
1.162145716573258596e+03 4.247373104522413761e-02
1.163298638911128819e+03 4.007255115541658030e-02
1.164451561248999269e+03 3.772481245693573570e-02
1.165604483586869492e+03 3.543327545670370976e-02
1.166757405924739942e+03 3.320039914175371837e-02
1.167910328262610165e+03 3.102839132719893700e-02
1.169063250600480387e+03 2.891924822740664716e-02
1.170216172938350610e+03 2.687478579010820628e-02
1.171369095276220833e+03 2.489666468336860367e-02
1.172522017614091283e+03 2.298641035341998651e-02
1.173674939951961505e+03 2.114542922587232462e-02
1.174827862289831728e+03 1.937502186785585584e-02
1.175980784627702178e+03 1.767639373900012703e-02
1.177133706965572401e+03 1.605066401702957488e-02
1.178286629303442851e+03 1.449887287636297123e-02
1.179439551641313074e+03 1.302198751646206458e-02
1.180592473979183296e+03 1.162090717407637981e-02
1.181745396317053746e+03 1.029646730526674950e-02
1.182898318654923969e+03 9.049443085593168734e-03
1.184051240992794192e+03 7.880552347558184359e-03
1.185204163330664414e+03 6.790458051350787422e-03
1.186357085668534864e+03 5.779770366693816851e-03
1.187510008006405087e+03 4.849048429079987586e-03
1.188662930344275310e+03 3.998801822048096005e-03
1.189815852682145760e+03 3.229491827778170360e-03
1.190968775020015983e+03 2.541532480674565248e-03
1.192121697357886205e+03 1.935291452392270137e-03
1.193274619695756655e+03 1.411090791657087585e-03
1.194427542033626878e+03 9.692075379774170961e-04
1.195580464371497101e+03 6.098742248040451121e-04
1.196733386709367551e+03 3.332792846730999988e-04
1.197886309047237773e+03 1.395673662951468568e-04
1.199039231385107996e+03 2.883957128484167758e-05
1.200192153722978446e+03 1.153616231166322505e-06
1.201345076060848669e+03 5.652392398535785136e-05
1.202497998398718892e+03 1.949216463312608365e-04
1.203650920736589114e+03 4.162746185815405968e-04
1.204803843074459564e+03 7.204672450220491169e-04
1.205956765412330014e+03 1.107340312469548343e-03
1.207109687750200010e+03 1.576690727484185255e-03
1.208262610088070460e+03 2.128271170891179401e-03
1.209415532425940910e+03 2.761789661191241686e-03
1.210568454763810905e+03 3.476909016080605413e-03
1.211721377101681355e+03 4.273246198597615425e-03
1.212874299439551578e+03 5.150371531214169817e-03
1.214027221777422028e+03 6.107807757450437261e-03
1.215180144115292251e+03 7.145028926065926517e-03
1.216333066453162473e+03 8.261459067433918335e-03
1.217485988791032923e+03 9.456470625061592569e-03
1.218638911128902919e+03 1.072938259708185009e-02
1.219791833466773369e+03 1.207945833245663812e-02
1.220944755804643819e+03 1.350590291412260245e-02
1.222097678142513814e+03 1.500786004566902546e-02
1.223250600480384264e+03 1.658440833840281112e-02
1.224403522818254714e+03 1.823455687073387635e-02
1.225556445156124937e+03 1.995723986001740960e-02
1.226709367493995160e+03 2.175131024622446729e-02
1.227862289831865382e+03 2.361553193423545152e-02
1.229015212169735833e+03 2.554857037319523128e-02
1.230168134507606055e+03 2.754898106198129873e-02
1.231321056845476278e+03 2.961519545205462331e-02
1.232473979183346728e+03 3.174550356258615258e-02
1.233626901521217178e+03 3.393803241365293821e-02
1.234779823859087173e+03 3.619071910139935733e-02
1.235932746196957623e+03 3.850127695606381240e-02
1.237085668534828073e+03 4.086715269921633448e-02
1.238238590872698069e+03 4.328547179237086234e-02
1.239391513210568519e+03 4.575296816159240415e-02
1.240544435548438742e+03 4.826589307070716650e-02
1.241697357886308964e+03 5.081989592434768555e-02
1.242850280224179187e+03 5.340986695996538525e-02
1.244003202562049637e+03 5.602972777988361741e-02
1.245156124899920087e+03 5.867214999400008346e-02
1.246309047237790082e+03 6.132817426911559705e-02
1.247461969575660532e+03 6.398669113693236654e-02
1.248614891913530982e+03 6.663373060625885080e-02
1.249767814251400978e+03 6.925149084591010473e-02
1.250920736589271428e+03 7.181702174258683402e-02
1.252073658927141878e+03 7.430048188883996152e-02
1.253226581265012101e+03 7.666294562767024534e-02
1.254379503602882323e+03 7.885393382901023651e-02
1.255532425940752546e+03 8.080932623581087160e-02
1.256685348278622996e+03 8.245123948079652321e-02
1.257838270616492991e+03 8.369265065579069296e-02
1.258991192954363441e+03 8.444974930158206938e-02
1.260144115292233892e+03 8.466166251500903406e-02
1.261297037630103887e+03 8.430980675952462478e-02
1.262449959967974337e+03 8.342465075994559554e-02
1.263602882305844787e+03 8.207483761293778157e-02
1.264755804643715237e+03 8.034660959640933797e-02
1.265908726981585232e+03 7.832552361652134199e-02
1.267061649319455682e+03 7.608621318728635285e-02
1.268214571657325905e+03 7.368926153704845328e-02
1.269367493995195900e+03 7.118203058159303098e-02
1.270520416333066350e+03 6.860094806011211854e-02
1.271673338670936801e+03 6.597394380854396112e-02
1.272826261008807251e+03 6.332253527823365757e-02
1.273979183346677246e+03 6.066345792574553281e-02
1.275132105684547696e+03 5.800988709557090839e-02
1.276285028022418146e+03 5.537233665034987928e-02
1.277437950360288141e+03 5.275931569645671976e-02
1.278590872698158591e+03 5.017780886679203828e-02
1.279743795036029042e+03 4.763362923392151782e-02
1.280896717373899264e+03 4.513167945498971351e-02
1.282049639711769487e+03 4.267614660593527925e-02
1.283202562049639710e+03 4.027064882553466757e-02
1.284355484387510160e+03 3.791834668083765569e-02
1.285508406725380155e+03 3.562202849408045713e-02
1.286661329063250605e+03 3.338417628549499722e-02
1.287814251401121055e+03 3.120701716003006915e-02
1.288967173738991050e+03 2.909256366905613178e-02
1.290120096076861500e+03 2.704264575109449967e-02
1.291273018414731951e+03 2.505893618799993547e-02
1.292425940752602173e+03 2.314297102850799634e-02
1.293578863090472396e+03 2.129616607657735736e-02
1.294731785428342846e+03 1.951983028054208452e-02
1.295884707766213069e+03 1.781517666477165987e-02
1.297037630104083291e+03 1.618333129996681399e-02
1.298190552441953514e+03 1.462534069835861976e-02
1.299343474779823964e+03 1.314217793654690221e-02
1.300496397117694187e+03 1.173474774473252241e-02
1.301649319455564410e+03 1.040389075179897968e-02
1.302802241793434860e+03 9.150387037416704561e-03
1.303955164131305310e+03 7.974959112430110575e-03
1.305108086469175305e+03 6.878274425295500399e-03
1.306261008807045528e+03 5.860947473742379558e-03
1.307413931144916205e+03 4.923541586025157249e-03
1.308566853482786200e+03 4.066570424298612992e-03
1.309719775820656423e+03 3.290499253101747575e-03
1.310872698158526873e+03 2.595746008192129171e-03
1.312025620496397323e+03 1.982682194665054409e-03
1.313178542834267319e+03 1.451633638088642387e-03
1.314331465172137769e+03 1.002881108087424382e-03
1.315484387510008219e+03 6.366608301964115551e-04
1.316637309847878214e+03 3.531648987596591933e-04
1.317790232185748437e+03 1.525416010320293915e-04
1.318943154523619114e+03 3.489566036366848243e-05
1.320096076861489337e+03 2.884043185601860950e-07
1.321248999199359332e+03 4.873786175495222562e-05
1.322401921537230010e+03 1.802187911706272505e-04
1.323554843875100232e+03 3.946626409937523225e-04
1.324707766212970228e+03 6.919574408673993251e-04
1.325860688550840678e+03 1.071947621344207166e-03
1.327013610888711128e+03 1.534433757677734116e-03
1.328166533226581123e+03 2.079172231525905443e-03
1.329319455564451573e+03 2.705874802329571310e-03
1.330472377902322023e+03 3.414208077800679267e-03
1.331625300240192246e+03 4.203792870271580960e-03
1.332778222578062469e+03 5.074203422514219144e-03
1.333931144915932919e+03 6.024966482948139468e-03
1.335084067253803141e+03 7.055560205693624243e-03
1.336236989591673137e+03 8.165412845577910139e-03
1.337389911929543814e+03 9.353901211665814619e-03
1.338542834267414037e+03 1.062034883487061702e-02
1.339695756605284259e+03 1.196402379533320973e-02
1.340848678943154482e+03 1.338413614293768560e-02
1.342001601281024932e+03 1.487983482899216635e-02
1.343154523618895155e+03 1.645020404777020051e-02
1.344307445956765378e+03 1.809425886215683399e-02
1.345460368294635828e+03 1.981093995647691813e-02
1.346613290632506050e+03 2.159910731970598671e-02
1.347766212970376273e+03 2.345753261075749635e-02
1.348919135308246723e+03 2.538488989071888829e-02
1.350072057646116946e+03 2.737974431949141349e-02
1.351224979983987168e+03 2.944053829922899795e-02
1.352377902321857619e+03 3.156557439429981404e-02
1.353530824659727841e+03 3.375299415342940257e-02
1.354683746997598064e+03 3.600075168482918392e-02
1.355836669335468287e+03 3.830658046186573296e-02
1.356989591673338737e+03 4.066795132602546436e-02
1.358142514011208959e+03 4.308201894912520868e-02
1.359295436349079182e+03 4.554555303684196949e-02
1.360448358686949632e+03 4.805484918311580395e-02
1.361601281024819855e+03 5.060561235026077298e-02
1.362754203362690077e+03 5.319280320867979250e-02
1.363907125700560528e+03 5.581043367750296996e-02
1.365060048038430750e+03 5.845129248838798475e-02
1.366212970376300973e+03 6.110657383751678939e-02
1.367365892714171423e+03 6.376537151717059926e-02
1.368518815052041646e+03 6.641398688666180772e-02
1.369671737389911868e+03 6.903498236769012308e-02
1.370824659727782091e+03 7.160589712674869656e-02
1.371977582065652541e+03 7.409754191111452004e-02
1.373130504403522764e+03 7.647184107572117806e-02
1.374283426741392987e+03 7.867937054513454709e-02
1.375436349079263437e+03 8.065719379429688030e-02
1.376589271417133659e+03 8.232848543717591339e-02
1.377742193755003882e+03 8.360663259742932840e-02
1.378895116092874559e+03 8.440687735652881163e-02
1.380048038430744555e+03 8.466560986217731843e-02
1.381200960768614777e+03 8.436022037004697882e-02
1.382353883106485227e+03 8.351728375616000732e-02
1.383506805444355450e+03 8.220300084531309559e-02
1.384659727782225673e+03 8.050293889322775176e-02
1.385812650120095896e+03 7.850322039244297945e-02
1.386965572457966573e+03 7.627958628621558934e-02
1.388118494795836568e+03 7.389379356698504153e-02
1.389271417133706791e+03 7.139422710347266554e-02
1.390424339471577468e+03 6.881812993686003965e-02
1.391577261809447464e+03 6.619405421641444409e-02
1.392730184147317686e+03 6.354398330985812360e-02
1.393883106485188364e+03 6.088499941039385299e-02
1.395036028823058587e+03 5.823053633233521431e-02
1.396188951160928582e+03 5.559130178929332089e-02
1.397341873498799259e+03 5.297595153924244959e-02
1.398494795836669482e+03 5.039158228622700464e-02
1.399647718174539477e+03 4.784409368486212261e-02
1.400800640512409700e+03 4.533845604079764224e-02
1.401953562850280377e+03 4.287890989339955550e-02
1.403106485188150373e+03 4.046911612225193022e-02
1.404259407526020595e+03 3.811226985715467780e-02
1.405412329863891273e+03 3.581118769085776116e-02
1.406565252201761496e+03 3.356837503164476072e-02
1.407718174539631491e+03 3.138607855311149192e-02
1.408871096877502168e+03 2.926632736434173210e-02
1.410024019215372391e+03 2.721096557060320720e-02
1.411176941553242386e+03 2.522167820874730154e-02
1.412329863891113064e+03 2.330001204403806675e-02
1.413482786228983286e+03 2.144739235139764971e-02
1.414635708566853509e+03 1.966513653599890471e-02
1.415788630904723959e+03 1.795446524902182331e-02
1.416941553242594182e+03 1.631651150532661965e-02
1.418094475580464405e+03 1.475232819734371460e-02
1.419247397918334400e+03 1.326289431404307183e-02
1.420400320256205077e+03 1.184912010846800832e-02
1.421553242594075300e+03 1.051185140692496855e-02
1.422706164931945295e+03 9.251873213835994786e-03
1.423859087269815973e+03 8.069912735747471894e-03
1.425012009607686196e+03 6.966641924011590312e-03
1.426164931945556418e+03 5.942679616703522641e-03
1.427317854283426868e+03 4.998593345254908824e-03
1.428470776621297091e+03 4.134900859225520107e-03
1.429623698959167314e+03 3.352071412918676985e-03
1.430776621297037764e+03 2.650526849669629630e-03
1.431929543634907986e+03 2.030642513218003722e-03
1.433082465972778209e+03 1.492748010296415751e-03
1.434235388310648659e+03 1.037127844192026280e-03
1.435388310648518882e+03 6.640219353862678899e-04
1.436541232986389105e+03 3.736260422768328086e-04
1.437694155324259555e+03 1.660920923489992514e-04
1.438847077662129777e+03 4.152843185298603557e-05
1.440000000000000000e+03 0.000000000000000000e+00
