# Theta (radians)	State 0	State 1	State 2	State 3
0.00000000	0.00000000	0.00000000	0.00000000	0.00000000
0.00628947	0.00000000	0.00000000	0.00000000	0.00000000
0.01257895	0.00000000	0.00000000	0.00000000	0.00000000
0.01886842	0.00000000	0.00000000	0.00000000	0.00000000
0.02515790	0.00000000	0.00000000	0.00000000	0.00000000
0.03144737	0.00000000	0.00000000	0.00000000	0.00000000
0.03773685	0.00000000	0.00000000	0.00000000	0.00000000
0.04402632	0.00000000	0.00000000	0.00000000	0.00000000
0.05031580	0.00000000	0.00000000	0.00000000	0.00000000
0.05660527	0.00000000	0.00000000	0.00000000	0.00000000
0.06289475	0.00000000	0.00000000	0.00000000	0.00000000
0.06918422	0.00000000	0.00000000	0.00000000	0.00000000
0.07547370	0.00000000	0.00000000	0.00000000	0.00000000
0.08176317	0.00000000	0.00000000	0.00000000	0.00000000
0.08805265	0.00000000	0.00000000	0.00000000	0.00000000
0.09434212	0.00000000	0.00000000	0.00000000	0.00000000
0.10063160	0.00000000	0.00000000	0.00000000	0.00000000
0.10692107	0.00000000	0.00000000	0.00000000	0.00000000
0.11321055	0.00000000	0.00000000	0.00000000	0.00000000
0.11950002	0.00000000	0.00000000	0.00000000	0.00000000
0.12578950	0.00000000	0.00000000	0.00000000	0.00000000
0.13207897	0.00000000	0.00000000	0.00000000	0.00000000
0.13836845	0.00000000	0.00000000	0.00000000	0.00000000
0.14465792	0.00000000	0.00000000	0.00000000	0.00000000
0.15094739	0.00000000	0.00000000	0.00000000	0.00000000
0.15723687	0.00000000	0.00000000	0.00000000	0.00000000
0.16352634	0.00000000	0.00000000	0.00000000	0.00000000
0.16981582	0.00000000	0.00000000	0.00000000	0.00000000
0.17610529	0.00000000	0.00000000	0.00000000	0.00000000
0.18239477	0.00000000	0.00000000	0.00000000	0.00000000
0.18868424	0.00000000	0.00000000	0.00000000	0.00000000
0.19497372	0.00000000	0.00000000	0.00000000	0.00000000
0.20126319	0.00000000	0.00000000	0.00000000	0.00000000
0.20755267	0.00000000	0.00000000	0.00000000	0.00000000
0.21384214	0.00000000	0.00000000	0.00000000	0.00000000
0.22013162	0.00000000	0.00000000	0.00000000	0.00000000
0.22642109	0.00000000	0.00000000	0.00000000	0.00000000
0.23271057	0.00000000	0.00000000	0.00000000	0.00000000
0.23900004	0.00000000	0.00000000	0.00000000	0.00000000
0.24528952	0.00000000	0.00000000	0.00000000	0.00000000
0.25157899	0.00000000	0.00000000	0.00000000	0.00000000
0.25786847	0.00000000	0.00000000	0.00000000	0.00000000
0.26415794	0.00000000	0.00000000	0.00000000	0.00000000
0.27044742	0.00000000	0.00000000	0.00000000	0.00000000
0.27673689	0.00000000	0.00000000	0.00000000	0.00000000
0.28302637	0.00000000	0.00000000	0.00000000	0.00000000
0.28931584	0.00000000	0.00000000	0.00000000	0.00000000
0.29560531	0.00000000	0.00000000	0.00000000	0.00000000
0.30189479	0.00000000	0.00000000	0.00000000	0.00000000
0.30818426	0.00000000	0.00000000	0.00000000	0.00000000
0.31447374	0.00000000	0.00000000	0.00000000	0.00000000
0.32076321	0.00000000	0.00000000	0.00000000	0.00000000
0.32705269	0.00000000	0.00000000	0.00000000	0.00000000
0.33334216	0.00000000	0.00000000	0.00000000	0.00000000
0.33963164	0.00000000	0.00000000	0.00000000	0.00000000
0.34592111	0.00000000	0.00000000	0.00000000	0.00000000
0.35221059	0.00000000	0.00000000	0.00000000	0.00000000
0.35850006	0.00000000	0.00000000	0.00000000	0.00000000
0.36478954	0.00000000	0.00000000	0.00000000	0.00000000
0.37107901	0.00000000	0.00000000	0.00000000	0.00000000
0.37736849	0.00000000	0.00000000	0.00000000	0.00000000
0.38365796	0.00000000	0.00000000	0.00000000	0.00000000
0.38994744	0.00000000	0.00000000	0.00000000	0.00000000
0.39623691	0.00000000	0.00000000	0.00000000	0.00000000
0.40252639	0.00000000	0.00000000	0.00000000	0.00000000
0.40881586	0.00000000	0.00000000	0.00000000	0.00000000
0.41510534	0.00000000	0.00000000	0.00000000	0.00000000
0.42139481	0.00000000	0.00000000	0.00000000	0.00000000
0.42768429	0.00000000	0.00000000	0.00000000	0.00000000
0.43397376	0.00000000	0.00000000	0.00000000	0.00000000
0.44026323	0.00000000	0.00000000	0.00000000	0.00000000
0.44655271	0.00000000	0.00000000	0.00000000	0.00000000
0.45284218	0.00000000	0.00000000	0.00000000	0.00000000
0.45913166	0.00000000	0.00000000	0.00000000	0.00000000
0.46542113	0.00000000	0.00000000	0.00000000	0.00000000
0.47171061	0.00000000	0.00000000	0.00000000	0.00000000
0.47800008	0.00000000	0.00000000	0.00000000	0.00000000
0.48428956	0.00000000	0.00000000	0.00000000	0.00000000
0.49057903	0.00000000	0.00000000	0.00000000	0.00000000
0.49686851	0.00000000	0.00000000	0.00000000	0.00000000
0.50315798	0.00000000	0.00000000	0.00000000	0.00000000
0.50944746	0.00000000	0.00000000	0.00000000	0.00000000
0.51573693	0.00000000	0.00000000	0.00000000	0.00000000
0.52202641	0.00000000	0.00000000	0.00000000	0.00000000
0.52831588	0.00000000	3.14159265	0.00000000	0.00000000
0.53460536	0.00000000	3.14159265	0.00000000	0.00000000
0.54089483	0.00000000	3.14159265	0.00000000	0.00000000
0.54718431	0.00000000	3.14159265	0.00000000	0.00000000
0.55347378	0.00000000	3.14159265	0.00000000	0.00000000
0.55976326	0.00000000	3.14159265	0.00000000	0.00000000
0.56605273	0.00000000	3.14159265	0.00000000	0.00000000
0.57234221	0.00000000	3.14159265	0.00000000	0.00000000
0.57863168	0.00000000	3.14159265	0.00000000	0.00000000
0.58492115	0.00000000	3.14159265	0.00000000	0.00000000
0.59121063	0.00000000	3.14159265	0.00000000	0.00000000
0.59750010	0.00000000	3.14159265	0.00000000	0.00000000
0.60378958	0.00000000	3.14159265	0.00000000	0.00000000
0.61007905	0.00000000	3.14159265	0.00000000	0.00000000
0.61636853	0.00000000	3.14159265	0.00000000	0.00000000
0.62265800	0.00000000	3.14159265	0.00000000	0.00000000
0.62894748	0.00000000	3.14159265	0.00000000	0.00000000
0.63523695	0.00000000	3.14159265	0.00000000	0.00000000
0.64152643	0.00000000	3.14159265	0.00000000	0.00000000
0.64781590	0.00000000	3.14159265	0.00000000	0.00000000
0.65410538	0.00000000	3.14159265	0.00000000	0.00000000
0.66039485	0.00000000	3.14159265	0.00000000	0.00000000
0.66668433	0.00000000	3.14159265	0.00000000	0.00000000
0.67297380	0.00000000	3.14159265	0.00000000	0.00000000
0.67926328	0.00000000	3.14159265	0.00000000	0.00000000
0.68555275	0.00000000	3.14159265	0.00000000	0.00000000
0.69184223	0.00000000	3.14159265	0.00000000	0.00000000
0.69813170	0.00000000	3.14159265	0.00000000	0.00000000
0.70442118	0.00000000	3.14159265	0.00000000	0.00000000
0.71071065	0.00000000	3.14159265	0.00000000	0.00000000
0.71700013	0.00000000	3.14159265	0.00000000	0.00000000
0.72328960	0.00000000	3.14159265	0.00000000	0.00000000
0.72957907	0.00000000	3.14159265	0.00000000	0.00000000
0.73586855	0.00000000	3.14159265	0.00000000	0.00000000
0.74215802	0.00000000	3.14159265	0.00000000	0.00000000
0.74844750	0.00000000	3.14159265	0.00000000	0.00000000
0.75473697	0.00000000	3.14159265	0.00000000	0.00000000
0.76102645	0.00000000	3.14159265	0.00000000	0.00000000
0.76731592	0.00000000	3.14159265	0.00000000	0.00000000
0.77360540	0.00000000	3.14159265	0.00000000	0.00000000
0.77989487	0.00000000	3.14159265	0.00000000	0.00000000
0.78618435	0.00000000	3.14159265	0.00000000	0.00000000
0.79247382	0.00000000	3.14159265	0.00000000	0.00000000
0.79876330	0.00000000	3.14159265	0.00000000	0.00000000
0.80505277	0.00000000	3.14159265	0.00000000	0.00000000
0.81134225	0.00000000	3.14159265	0.00000000	0.00000000
0.81763172	0.00000000	3.14159265	0.00000000	0.00000000
0.82392120	0.00000000	3.14159265	0.00000000	0.00000000
0.83021067	0.00000000	3.14159265	0.00000000	0.00000000
0.83650015	0.00000000	3.14159265	0.00000000	0.00000000
0.84278962	0.00000000	3.14159265	0.00000000	0.00000000
0.84907910	0.00000000	3.14159265	0.00000000	0.00000000
0.85536857	0.00000000	3.14159265	0.00000000	0.00000000
0.86165805	0.00000000	3.14159265	0.00000000	0.00000000
0.86794752	0.00000000	3.14159265	0.00000000	0.00000000
0.87423699	0.00000000	3.14159265	0.00000000	0.00000000
0.88052647	0.00000000	3.14159265	0.00000000	0.00000000
0.88681594	0.00000000	3.14159265	0.00000000	0.00000000
0.89310542	0.00000000	3.14159265	0.00000000	0.00000000
0.89939489	0.00000000	3.14159265	0.00000000	0.00000000
0.90568437	0.00000000	3.14159265	0.00000000	0.00000000
0.91197384	0.00000000	3.14159265	0.00000000	0.00000000
0.91826332	0.00000000	3.14159265	0.00000000	0.00000000
0.92455279	0.00000000	3.14159265	0.00000000	0.00000000
0.93084227	0.00000000	3.14159265	0.00000000	0.00000000
0.93713174	0.00000000	3.14159265	0.00000000	0.00000000
0.94342122	0.00000000	3.14159265	0.00000000	0.00000000
0.94971069	0.00000000	3.14159265	0.00000000	0.00000000
0.95600017	0.00000000	3.14159265	0.00000000	0.00000000
0.96228964	0.00000000	3.14159265	0.00000000	0.00000000
0.96857912	0.00000000	3.14159265	0.00000000	0.00000000
0.97486859	0.00000000	3.14159265	0.00000000	0.00000000
0.98115807	0.00000000	3.14159265	0.00000000	0.00000000
0.98744754	0.00000000	3.14159265	0.00000000	0.00000000
0.99373702	0.00000000	3.14159265	0.00000000	0.00000000
1.00002649	0.00000000	3.14159265	0.00000000	0.00000000
1.00631597	0.00000000	3.14159265	0.00000000	0.00000000
1.01260544	0.00000000	3.14159265	0.00000000	0.00000000
1.01889491	0.00000000	3.14159265	0.00000000	0.00000000
1.02518439	0.00000000	3.14159265	0.00000000	0.00000000
1.03147386	0.00000000	3.14159265	0.00000000	0.00000000
1.03776334	0.00000000	3.14159265	0.00000000	0.00000000
1.04405281	0.00000000	3.14159265	0.00000000	0.00000000
1.05034229	0.00000000	3.14159265	0.00000000	0.00000000
1.05663176	0.00000000	3.14159265	0.00000000	0.00000000
1.06292124	0.00000000	3.14159265	0.00000000	0.00000000
1.06921071	0.00000000	3.14159265	0.00000000	0.00000000
1.07550019	0.00000000	3.14159265	0.00000000	0.00000000
1.08178966	0.00000000	3.14159265	0.00000000	0.00000000
1.08807914	0.00000000	3.14159265	0.00000000	0.00000000
1.09436861	0.00000000	3.14159265	0.00000000	0.00000000
1.10065809	0.00000000	3.14159265	0.00000000	0.00000000
1.10694756	0.00000000	3.14159265	0.00000000	0.00000000
1.11323704	0.00000000	3.14159265	0.00000000	0.00000000
1.11952651	0.00000000	3.14159265	0.00000000	0.00000000
1.12581599	0.00000000	3.14159265	0.00000000	0.00000000
1.13210546	0.00000000	3.14159265	0.00000000	0.00000000
1.13839494	0.00000000	3.14159265	0.00000000	0.00000000
1.14468441	0.00000000	3.14159265	0.00000000	0.00000000
1.15097389	0.00000000	3.14159265	0.00000000	0.00000000
1.15726336	0.00000000	3.14159265	0.00000000	0.00000000
1.16355283	0.00000000	3.14159265	0.00000000	0.00000000
1.16984231	0.00000000	3.14159265	0.00000000	0.00000000
1.17613178	0.00000000	3.14159265	0.00000000	0.00000000
1.18242126	0.00000000	3.14159265	0.00000000	0.00000000
1.18871073	0.00000000	3.14159265	0.00000000	0.00000000
1.19500021	0.00000000	3.14159265	0.00000000	0.00000000
1.20128968	0.00000000	3.14159265	0.00000000	0.00000000
1.20757916	0.00000000	3.14159265	0.00000000	0.00000000
1.21386863	0.00000000	3.14159265	0.00000000	0.00000000
1.22015811	0.00000000	3.14159265	0.00000000	0.00000000
1.22644758	0.00000000	3.14159265	0.00000000	0.00000000
1.23273706	0.00000000	3.14159265	0.00000000	0.00000000
1.23902653	0.00000000	3.14159265	0.00000000	0.00000000
1.24531601	0.00000000	3.14159265	0.00000000	0.00000000
1.25160548	0.00000000	3.14159265	0.00000000	0.00000000
1.25789496	0.00000000	3.14159265	0.00000000	0.00000000
1.26418443	0.00000000	3.14159265	0.00000000	0.00000000
1.27047391	0.00000000	3.14159265	0.00000000	0.00000000
1.27676338	0.00000000	3.14159265	0.00000000	0.00000000
1.28305286	0.00000000	3.14159265	0.00000000	0.00000000
1.28934233	0.00000000	3.14159265	0.00000000	0.00000000
1.29563181	0.00000000	3.14159265	0.00000000	0.00000000
1.30192128	0.00000000	3.14159265	0.00000000	0.00000000
1.30821075	0.00000000	3.14159265	0.00000000	0.00000000
1.31450023	0.00000000	3.14159265	0.00000000	0.00000000
1.32078970	0.00000000	3.14159265	0.00000000	0.00000000
1.32707918	0.00000000	3.14159265	0.00000000	0.00000000
1.33336865	0.00000000	3.14159265	0.00000000	0.00000000
1.33965813	0.00000000	3.14159265	0.00000000	0.00000000
1.34594760	0.00000000	3.14159265	0.00000000	0.00000000
1.35223708	0.00000000	3.14159265	0.00000000	0.00000000
1.35852655	0.00000000	3.14159265	0.00000000	0.00000000
1.36481603	0.00000000	3.14159265	0.00000000	0.00000000
1.37110550	0.00000000	3.14159265	0.00000000	0.00000000
1.37739498	0.00000000	3.14159265	0.00000000	0.00000000
1.38368445	0.00000000	3.14159265	0.00000000	0.00000000
1.38997393	0.00000000	3.14159265	0.00000000	0.00000000
1.39626340	0.00000000	3.14159265	0.00000000	0.00000000
1.40255288	0.00000000	3.14159265	0.00000000	0.00000000
1.40884235	0.00000000	3.14159265	0.00000000	0.00000000
1.41513183	0.00000000	3.14159265	0.00000000	0.00000000
1.42142130	0.00000000	3.14159265	0.00000000	0.00000000
1.42771078	0.00000000	3.14159265	0.00000000	0.00000000
1.43400025	0.00000000	3.14159265	0.00000000	0.00000000
1.44028973	0.00000000	3.14159265	0.00000000	0.00000000
1.44657920	0.00000000	3.14159265	0.00000000	0.00000000
1.45286867	0.00000000	3.14159265	0.00000000	0.00000000
1.45915815	0.00000000	3.14159265	0.00000000	0.00000000
1.46544762	0.00000000	3.14159265	0.00000000	0.00000000
1.47173710	0.00000000	3.14159265	0.00000000	0.00000000
1.47802657	0.00000000	3.14159265	0.00000000	0.00000000
1.48431605	0.00000000	3.14159265	0.00000000	0.00000000
1.49060552	0.00000000	3.14159265	0.00000000	0.00000000
1.49689500	0.00000000	3.14159265	0.00000000	0.00000000
1.50318447	0.00000000	3.14159265	0.00000000	0.00000000
1.50947395	0.00000000	3.14159265	0.00000000	0.00000000
1.51576342	0.00000000	3.14159265	0.00000000	0.00000000
1.52205290	0.00000000	3.14159265	0.00000000	0.00000000
1.52834237	0.00000000	3.14159265	0.00000000	0.00000000
1.53463185	0.00000000	3.14159265	0.00000000	0.00000000
1.54092132	0.00000000	3.14159265	0.00000000	0.00000000
1.54721080	0.00000000	3.14159265	0.00000000	0.00000000
1.55350027	0.00000000	3.14159265	0.00000000	0.00000000
1.55978975	0.00000000	3.14159265	0.00000000	0.00000000
1.56607922	0.00000000	3.14159265	0.00000000	0.00000000
1.57236870	0.00000000	3.14159265	3.14159265	0.00000000
1.57865817	0.00000000	3.14159265	3.14159265	0.00000000
1.58494765	0.00000000	3.14159265	3.14159265	0.00000000
1.59123712	0.00000000	3.14159265	3.14159265	0.00000000
1.59752659	0.00000000	3.14159265	3.14159265	0.00000000
1.60381607	0.00000000	3.14159265	3.14159265	0.00000000
1.61010554	0.00000000	3.14159265	3.14159265	0.00000000
1.61639502	0.00000000	3.14159265	3.14159265	0.00000000
1.62268449	0.00000000	3.14159265	3.14159265	0.00000000
1.62897397	0.00000000	3.14159265	3.14159265	0.00000000
1.63526344	0.00000000	3.14159265	3.14159265	0.00000000
1.64155292	0.00000000	3.14159265	3.14159265	0.00000000
1.64784239	0.00000000	3.14159265	3.14159265	0.00000000
1.65413187	0.00000000	3.14159265	3.14159265	0.00000000
1.66042134	0.00000000	3.14159265	3.14159265	0.00000000
1.66671082	0.00000000	3.14159265	3.14159265	0.00000000
1.67300029	0.00000000	3.14159265	3.14159265	0.00000000
1.67928977	0.00000000	3.14159265	3.14159265	0.00000000
1.68557924	0.00000000	3.14159265	3.14159265	0.00000000
1.69186872	0.00000000	3.14159265	3.14159265	0.00000000
1.69815819	0.00000000	3.14159265	3.14159265	0.00000000
1.70444767	0.00000000	3.14159265	3.14159265	0.00000000
1.71073714	0.00000000	3.14159265	3.14159265	0.00000000
1.71702662	0.00000000	3.14159265	3.14159265	0.00000000
1.72331609	0.00000000	3.14159265	3.14159265	0.00000000
1.72960557	0.00000000	3.14159265	3.14159265	0.00000000
1.73589504	0.00000000	3.14159265	3.14159265	0.00000000
1.74218451	0.00000000	3.14159265	3.14159265	0.00000000
1.74847399	0.00000000	3.14159265	3.14159265	0.00000000
1.75476346	0.00000000	3.14159265	3.14159265	0.00000000
1.76105294	0.00000000	3.14159265	3.14159265	0.00000000
1.76734241	0.00000000	3.14159265	3.14159265	0.00000000
1.77363189	0.00000000	3.14159265	3.14159265	0.00000000
1.77992136	0.00000000	3.14159265	3.14159265	0.00000000
1.78621084	0.00000000	3.14159265	3.14159265	0.00000000
1.79250031	0.00000000	3.14159265	3.14159265	0.00000000
1.79878979	0.00000000	3.14159265	3.14159265	0.00000000
1.80507926	0.00000000	3.14159265	3.14159265	0.00000000
1.81136874	0.00000000	3.14159265	3.14159265	0.00000000
1.81765821	0.00000000	3.14159265	3.14159265	0.00000000
1.82394769	0.00000000	3.14159265	3.14159265	0.00000000
1.83023716	0.00000000	3.14159265	3.14159265	0.00000000
1.83652664	0.00000000	3.14159265	3.14159265	0.00000000
1.84281611	0.00000000	3.14159265	3.14159265	0.00000000
1.84910559	0.00000000	3.14159265	3.14159265	0.00000000
1.85539506	0.00000000	3.14159265	3.14159265	0.00000000
1.86168454	0.00000000	3.14159265	3.14159265	0.00000000
1.86797401	0.00000000	3.14159265	3.14159265	0.00000000
1.87426349	0.00000000	3.14159265	3.14159265	0.00000000
1.88055296	0.00000000	3.14159265	3.14159265	0.00000000
1.88684243	0.00000000	3.14159265	3.14159265	0.00000000
1.89313191	0.00000000	3.14159265	3.14159265	0.00000000
1.89942138	0.00000000	3.14159265	3.14159265	0.00000000
1.90571086	0.00000000	3.14159265	3.14159265	0.00000000
1.91200033	0.00000000	3.14159265	3.14159265	0.00000000
1.91828981	0.00000000	3.14159265	3.14159265	0.00000000
1.92457928	0.00000000	3.14159265	3.14159265	0.00000000
1.93086876	0.00000000	3.14159265	3.14159265	0.00000000
1.93715823	0.00000000	3.14159265	3.14159265	0.00000000
1.94344771	0.00000000	3.14159265	3.14159265	0.00000000
1.94973718	0.00000000	3.14159265	3.14159265	0.00000000
1.95602666	0.00000000	3.14159265	3.14159265	0.00000000
1.96231613	0.00000000	3.14159265	3.14159265	0.00000000
1.96860561	0.00000000	3.14159265	3.14159265	0.00000000
1.97489508	0.00000000	3.14159265	3.14159265	0.00000000
1.98118456	0.00000000	3.14159265	3.14159265	0.00000000
1.98747403	0.00000000	3.14159265	3.14159265	0.00000000
1.99376351	0.00000000	3.14159265	3.14159265	0.00000000
2.00005298	0.00000000	3.14159265	3.14159265	0.00000000
2.00634246	0.00000000	3.14159265	3.14159265	0.00000000
2.01263193	0.00000000	3.14159265	3.14159265	0.00000000
2.01892141	0.00000000	3.14159265	3.14159265	0.00000000
2.02521088	0.00000000	3.14159265	3.14159265	0.00000000
2.03150035	0.00000000	3.14159265	3.14159265	0.00000000
2.03778983	0.00000000	3.14159265	3.14159265	0.00000000
2.04407930	0.00000000	3.14159265	3.14159265	0.00000000
2.05036878	0.00000000	3.14159265	3.14159265	0.00000000
2.05665825	0.00000000	3.14159265	3.14159265	0.00000000
2.06294773	0.00000000	3.14159265	3.14159265	0.00000000
2.06923720	0.00000000	3.14159265	3.14159265	0.00000000
2.07552668	0.00000000	3.14159265	3.14159265	0.00000000
2.08181615	0.00000000	3.14159265	3.14159265	0.00000000
2.08810563	0.00000000	3.14159265	3.14159265	0.00000000
2.09439510	0.00000000	3.14159265	3.14159265	0.00000000
2.10068458	0.00000000	3.14159265	3.14159265	0.00000000
2.10697405	0.00000000	3.14159265	3.14159265	0.00000000
2.11326353	0.00000000	3.14159265	3.14159265	0.00000000
2.11955300	0.00000000	3.14159265	3.14159265	0.00000000
2.12584248	0.00000000	3.14159265	3.14159265	0.00000000
2.13213195	0.00000000	3.14159265	3.14159265	0.00000000
2.13842143	0.00000000	3.14159265	3.14159265	0.00000000
2.14471090	0.00000000	3.14159265	3.14159265	0.00000000
2.15100038	0.00000000	3.14159265	3.14159265	0.00000000
2.15728985	0.00000000	3.14159265	3.14159265	0.00000000
2.16357932	0.00000000	3.14159265	3.14159265	0.00000000
2.16986880	0.00000000	3.14159265	3.14159265	0.00000000
2.17615827	0.00000000	3.14159265	3.14159265	0.00000000
2.18244775	0.00000000	3.14159265	3.14159265	0.00000000
2.18873722	0.00000000	3.14159265	3.14159265	0.00000000
2.19502670	0.00000000	3.14159265	3.14159265	0.00000000
2.20131617	0.00000000	3.14159265	3.14159265	0.00000000
2.20760565	0.00000000	3.14159265	3.14159265	0.00000000
2.21389512	0.00000000	3.14159265	3.14159265	0.00000000
2.22018460	0.00000000	3.14159265	3.14159265	0.00000000
2.22647407	0.00000000	3.14159265	3.14159265	0.00000000
2.23276355	0.00000000	3.14159265	3.14159265	0.00000000
2.23905302	0.00000000	3.14159265	3.14159265	0.00000000
2.24534250	0.00000000	3.14159265	3.14159265	0.00000000
2.25163197	0.00000000	3.14159265	3.14159265	0.00000000
2.25792145	0.00000000	3.14159265	3.14159265	0.00000000
2.26421092	0.00000000	3.14159265	3.14159265	0.00000000
2.27050040	0.00000000	3.14159265	3.14159265	0.00000000
2.27678987	0.00000000	3.14159265	3.14159265	0.00000000
2.28307935	0.00000000	3.14159265	3.14159265	0.00000000
2.28936882	0.00000000	3.14159265	3.14159265	0.00000000
2.29565830	0.00000000	3.14159265	3.14159265	0.00000000
2.30194777	0.00000000	3.14159265	3.14159265	0.00000000
2.30823724	0.00000000	3.14159265	3.14159265	0.00000000
2.31452672	0.00000000	3.14159265	3.14159265	0.00000000
2.32081619	0.00000000	3.14159265	3.14159265	0.00000000
2.32710567	0.00000000	3.14159265	3.14159265	0.00000000
2.33339514	0.00000000	3.14159265	3.14159265	0.00000000
2.33968462	0.00000000	3.14159265	3.14159265	0.00000000
2.34597409	0.00000000	3.14159265	3.14159265	0.00000000
2.35226357	0.00000000	3.14159265	3.14159265	0.00000000
2.35855304	0.00000000	6.28318531	6.28318531	0.00000000
2.36484252	0.00000000	6.28318531	6.28318531	0.00000000
2.37113199	0.00000000	6.28318531	6.28318531	0.00000000
2.37742147	0.00000000	6.28318531	6.28318531	0.00000000
2.38371094	0.00000000	6.28318531	6.28318531	0.00000000
2.39000042	0.00000000	6.28318531	6.28318531	0.00000000
2.39628989	0.00000000	6.28318531	6.28318531	0.00000000
2.40257937	0.00000000	6.28318531	6.28318531	0.00000000
2.40886884	0.00000000	6.28318531	6.28318531	0.00000000
2.41515832	0.00000000	6.28318531	6.28318531	0.00000000
2.42144779	0.00000000	6.28318531	6.28318531	0.00000000
2.42773727	0.00000000	6.28318531	6.28318531	0.00000000
2.43402674	0.00000000	6.28318531	6.28318531	0.00000000
2.44031622	0.00000000	6.28318531	6.28318531	0.00000000
2.44660569	0.00000000	6.28318531	6.28318531	0.00000000
2.45289516	0.00000000	6.28318531	6.28318531	0.00000000
2.45918464	0.00000000	6.28318531	6.28318531	0.00000000
2.46547411	0.00000000	6.28318531	6.28318531	0.00000000
2.47176359	0.00000000	6.28318531	6.28318531	0.00000000
2.47805306	0.00000000	6.28318531	6.28318531	0.00000000
2.48434254	0.00000000	6.28318531	6.28318531	0.00000000
2.49063201	0.00000000	6.28318531	6.28318531	0.00000000
2.49692149	0.00000000	6.28318531	6.28318531	0.00000000
2.50321096	0.00000000	6.28318531	6.28318531	0.00000000
2.50950044	0.00000000	6.28318531	6.28318531	0.00000000
2.51578991	0.00000000	6.28318531	6.28318531	0.00000000
2.52207939	0.00000000	6.28318531	6.28318531	0.00000000
2.52836886	0.00000000	6.28318531	6.28318531	0.00000000
2.53465834	0.00000000	6.28318531	6.28318531	0.00000000
2.54094781	0.00000000	6.28318531	6.28318531	0.00000000
2.54723729	0.00000000	6.28318531	6.28318531	0.00000000
2.55352676	0.00000000	6.28318531	6.28318531	0.00000000
2.55981624	0.00000000	6.28318531	6.28318531	0.00000000
2.56610571	0.00000000	6.28318531	6.28318531	0.00000000
2.57239519	0.00000000	6.28318531	6.28318531	0.00000000
2.57868466	0.00000000	6.28318531	6.28318531	0.00000000
2.58497414	0.00000000	6.28318531	6.28318531	0.00000000
2.59126361	0.00000000	6.28318531	6.28318531	0.00000000
2.59755308	0.00000000	6.28318531	6.28318531	0.00000000
2.60384256	0.00000000	6.28318531	6.28318531	0.00000000
2.61013203	0.00000000	6.28318531	6.28318531	0.00000000
2.61642151	0.00000000	6.28318531	6.28318531	0.00000000
2.62271098	0.00000000	9.42477796	6.28318531	0.00000000
2.62900046	0.00000000	9.42477796	6.28318531	0.00000000
2.63528993	0.00000000	9.42477796	6.28318531	0.00000000
2.64157941	0.00000000	9.42477796	6.28318531	0.00000000
2.64786888	0.00000000	9.42477796	6.28318531	0.00000000
2.65415836	0.00000000	9.42477796	6.28318531	0.00000000
2.66044783	0.00000000	9.42477796	6.28318531	0.00000000
2.66673731	0.00000000	9.42477796	6.28318531	0.00000000
2.67302678	0.00000000	9.42477796	6.28318531	0.00000000
2.67931626	0.00000000	9.42477796	6.28318531	0.00000000
2.68560573	0.00000000	9.42477796	6.28318531	0.00000000
2.69189521	0.00000000	9.42477796	6.28318531	0.00000000
2.69818468	0.00000000	9.42477796	6.28318531	0.00000000
2.70447416	0.00000000	9.42477796	6.28318531	0.00000000
2.71076363	0.00000000	9.42477796	6.28318531	0.00000000
2.71705311	0.00000000	9.42477796	6.28318531	0.00000000
2.72334258	0.00000000	9.42477796	6.28318531	0.00000000
2.72963206	0.00000000	9.42477796	6.28318531	0.00000000
2.73592153	0.00000000	9.42477796	6.28318531	0.00000000
2.74221100	0.00000000	9.42477796	6.28318531	0.00000000
2.74850048	0.00000000	9.42477796	6.28318531	0.00000000
2.75478995	0.00000000	9.42477796	6.28318531	0.00000000
2.76107943	0.00000000	9.42477796	6.28318531	0.00000000
2.76736890	0.00000000	9.42477796	6.28318531	0.00000000
2.77365838	0.00000000	9.42477796	6.28318531	0.00000000
2.77994785	0.00000000	9.42477796	6.28318531	0.00000000
2.78623733	0.00000000	9.42477796	6.28318531	0.00000000
2.79252680	0.00000000	9.42477796	6.28318531	0.00000000
2.79881628	0.00000000	9.42477796	6.28318531	0.00000000
2.80510575	0.00000000	9.42477796	6.28318531	0.00000000
2.81139523	0.00000000	9.42477796	6.28318531	0.00000000
2.81768470	0.00000000	9.42477796	6.28318531	0.00000000
2.82397418	0.00000000	9.42477796	6.28318531	0.00000000
2.83026365	0.00000000	9.42477796	6.28318531	0.00000000
2.83655313	0.00000000	9.42477796	6.28318531	0.00000000
2.84284260	0.00000000	9.42477796	6.28318531	0.00000000
2.84913208	0.00000000	9.42477796	6.28318531	0.00000000
2.85542155	0.00000000	9.42477796	6.28318531	0.00000000
2.86171103	0.00000000	9.42477796	6.28318531	0.00000000
2.86800050	0.00000000	9.42477796	6.28318531	0.00000000
2.87428998	0.00000000	9.42477796	6.28318531	0.00000000
2.88057945	0.00000000	9.42477796	6.28318531	0.00000000
2.88686892	0.00000000	9.42477796	6.28318531	0.00000000
2.89315840	0.00000000	9.42477796	6.28318531	0.00000000
2.89944787	0.00000000	9.42477796	6.28318531	0.00000000
2.90573735	0.00000000	9.42477796	6.28318531	0.00000000
2.91202682	0.00000000	9.42477796	6.28318531	0.00000000
2.91831630	0.00000000	9.42477796	6.28318531	0.00000000
2.92460577	0.00000000	9.42477796	6.28318531	0.00000000
2.93089525	0.00000000	9.42477796	6.28318531	0.00000000
2.93718472	0.00000000	9.42477796	6.28318531	0.00000000
2.94347420	0.00000000	9.42477796	6.28318531	0.00000000
2.94976367	0.00000000	9.42477796	6.28318531	0.00000000
2.95605315	0.00000000	9.42477796	6.28318531	0.00000000
2.96234262	0.00000000	9.42477796	6.28318531	0.00000000
2.96863210	0.00000000	9.42477796	6.28318531	0.00000000
2.97492157	0.00000000	9.42477796	6.28318531	0.00000000
2.98121105	0.00000000	9.42477796	6.28318531	0.00000000
2.98750052	0.00000000	9.42477796	6.28318531	0.00000000
2.99379000	0.00000000	9.42477796	6.28318531	0.00000000
3.00007947	0.00000000	9.42477796	6.28318531	0.00000000
3.00636895	0.00000000	9.42477796	6.28318531	0.00000000
3.01265842	0.00000000	9.42477796	6.28318531	0.00000000
3.01894790	0.00000000	9.42477796	6.28318531	0.00000000
3.02523737	0.00000000	9.42477796	6.28318531	0.00000000
3.03152684	0.00000000	9.42477796	6.28318531	0.00000000
3.03781632	0.00000000	9.42477796	6.28318531	0.00000000
3.04410579	0.00000000	9.42477796	6.28318531	0.00000000
3.05039527	0.00000000	9.42477796	6.28318531	0.00000000
3.05668474	0.00000000	9.42477796	6.28318531	0.00000000
3.06297422	0.00000000	9.42477796	6.28318531	0.00000000
3.06926369	0.00000000	9.42477796	6.28318531	0.00000000
3.07555317	0.00000000	9.42477796	6.28318531	0.00000000
3.08184264	0.00000000	9.42477796	6.28318531	0.00000000
3.08813212	0.00000000	9.42477796	6.28318531	0.00000000
3.09442159	0.00000000	9.42477796	6.28318531	0.00000000
3.10071107	0.00000000	9.42477796	6.28318531	0.00000000
3.10700054	0.00000000	9.42477796	6.28318531	0.00000000
3.11329002	0.00000000	9.42477796	6.28318531	0.00000000
3.11957949	0.00000000	9.42477796	6.28318531	0.00000000
3.12586897	0.00000000	9.42477796	6.28318531	0.00000000
3.13215844	0.00000000	9.42477796	6.28318531	0.00000000
3.13844792	0.00000000	9.42477796	6.28318531	0.00000000
3.14473739	0.00000000	9.42477796	6.28318531	0.00000000
3.15102687	0.00000000	9.42477796	6.28318531	0.00000000
3.15731634	0.00000000	9.42477796	6.28318531	0.00000000
3.16360582	0.00000000	9.42477796	6.28318531	0.00000000
3.16989529	0.00000000	9.42477796	6.28318531	0.00000000
3.17618476	0.00000000	9.42477796	6.28318531	0.00000000
3.18247424	0.00000000	9.42477796	6.28318531	0.00000000
3.18876371	0.00000000	9.42477796	6.28318531	0.00000000
3.19505319	0.00000000	9.42477796	6.28318531	0.00000000
3.20134266	0.00000000	9.42477796	6.28318531	0.00000000
3.20763214	0.00000000	9.42477796	6.28318531	0.00000000
3.21392161	0.00000000	9.42477796	6.28318531	0.00000000
3.22021109	0.00000000	9.42477796	6.28318531	0.00000000
3.22650056	0.00000000	9.42477796	6.28318531	0.00000000
3.23279004	0.00000000	9.42477796	6.28318531	0.00000000
3.23907951	0.00000000	9.42477796	6.28318531	0.00000000
3.24536899	0.00000000	9.42477796	6.28318531	0.00000000
3.25165846	0.00000000	9.42477796	6.28318531	0.00000000
3.25794794	0.00000000	9.42477796	6.28318531	0.00000000
3.26423741	0.00000000	9.42477796	6.28318531	0.00000000
3.27052689	0.00000000	9.42477796	6.28318531	0.00000000
3.27681636	0.00000000	9.42477796	6.28318531	0.00000000
3.28310584	0.00000000	9.42477796	6.28318531	0.00000000
3.28939531	0.00000000	9.42477796	6.28318531	0.00000000
3.29568479	0.00000000	9.42477796	6.28318531	0.00000000
3.30197426	0.00000000	9.42477796	6.28318531	0.00000000
3.30826374	0.00000000	9.42477796	6.28318531	0.00000000
3.31455321	0.00000000	9.42477796	6.28318531	0.00000000
3.32084268	0.00000000	9.42477796	6.28318531	0.00000000
3.32713216	0.00000000	9.42477796	6.28318531	0.00000000
3.33342163	0.00000000	9.42477796	6.28318531	0.00000000
3.33971111	0.00000000	9.42477796	6.28318531	0.00000000
3.34600058	0.00000000	9.42477796	6.28318531	0.00000000
3.35229006	0.00000000	9.42477796	6.28318531	0.00000000
3.35857953	0.00000000	9.42477796	6.28318531	0.00000000
3.36486901	0.00000000	9.42477796	6.28318531	0.00000000
3.37115848	0.00000000	9.42477796	6.28318531	0.00000000
3.37744796	0.00000000	9.42477796	6.28318531	0.00000000
3.38373743	0.00000000	9.42477796	6.28318531	0.00000000
3.39002691	0.00000000	9.42477796	6.28318531	0.00000000
3.39631638	0.00000000	9.42477796	6.28318531	0.00000000
3.40260586	0.00000000	9.42477796	6.28318531	0.00000000
3.40889533	0.00000000	9.42477796	6.28318531	0.00000000
3.41518481	0.00000000	9.42477796	6.28318531	0.00000000
3.42147428	0.00000000	9.42477796	6.28318531	0.00000000
3.42776376	0.00000000	9.42477796	6.28318531	0.00000000
3.43405323	0.00000000	9.42477796	6.28318531	0.00000000
3.44034271	0.00000000	9.42477796	6.28318531	0.00000000
3.44663218	0.00000000	9.42477796	6.28318531	0.00000000
3.45292166	0.00000000	9.42477796	6.28318531	0.00000000
3.45921113	0.00000000	9.42477796	6.28318531	0.00000000
3.46550060	0.00000000	9.42477796	6.28318531	0.00000000
3.47179008	0.00000000	9.42477796	6.28318531	0.00000000
3.47807955	0.00000000	9.42477796	6.28318531	0.00000000
3.48436903	0.00000000	9.42477796	6.28318531	0.00000000
3.49065850	0.00000000	9.42477796	6.28318531	0.00000000
3.49694798	0.00000000	9.42477796	6.28318531	0.00000000
3.50323745	0.00000000	9.42477796	6.28318531	0.00000000
3.50952693	0.00000000	9.42477796	6.28318531	0.00000000
3.51581640	0.00000000	9.42477796	6.28318531	0.00000000
3.52210588	0.00000000	9.42477796	6.28318531	0.00000000
3.52839535	0.00000000	9.42477796	6.28318531	0.00000000
3.53468483	0.00000000	9.42477796	6.28318531	0.00000000
3.54097430	0.00000000	9.42477796	6.28318531	0.00000000
3.54726378	0.00000000	9.42477796	6.28318531	0.00000000
3.55355325	0.00000000	9.42477796	6.28318531	0.00000000
3.55984273	0.00000000	9.42477796	6.28318531	0.00000000
3.56613220	0.00000000	9.42477796	6.28318531	0.00000000
3.57242168	0.00000000	9.42477796	6.28318531	0.00000000
3.57871115	0.00000000	9.42477796	6.28318531	0.00000000
3.58500063	0.00000000	9.42477796	6.28318531	0.00000000
3.59129010	0.00000000	9.42477796	6.28318531	0.00000000
3.59757958	0.00000000	9.42477796	6.28318531	0.00000000
3.60386905	0.00000000	9.42477796	6.28318531	0.00000000
3.61015852	0.00000000	9.42477796	6.28318531	0.00000000
3.61644800	0.00000000	9.42477796	6.28318531	0.00000000
3.62273747	0.00000000	9.42477796	6.28318531	0.00000000
3.62902695	0.00000000	9.42477796	6.28318531	0.00000000
3.63531642	0.00000000	9.42477796	6.28318531	0.00000000
3.64160590	0.00000000	9.42477796	6.28318531	0.00000000
3.64789537	0.00000000	9.42477796	6.28318531	0.00000000
3.65418485	0.00000000	9.42477796	6.28318531	0.00000000
3.66047432	0.00000000	9.42477796	6.28318531	0.00000000
3.66676380	0.00000000	9.42477796	9.42477796	0.00000000
3.67305327	0.00000000	9.42477796	9.42477796	0.00000000
3.67934275	0.00000000	9.42477796	9.42477796	0.00000000
3.68563222	0.00000000	9.42477796	9.42477796	0.00000000
3.69192170	0.00000000	9.42477796	9.42477796	0.00000000
3.69821117	0.00000000	9.42477796	9.42477796	0.00000000
3.70450065	0.00000000	9.42477796	9.42477796	0.00000000
3.71079012	0.00000000	9.42477796	9.42477796	0.00000000
3.71707960	0.00000000	9.42477796	9.42477796	0.00000000
3.72336907	0.00000000	9.42477796	9.42477796	0.00000000
3.72965855	0.00000000	9.42477796	9.42477796	0.00000000
3.73594802	0.00000000	9.42477796	9.42477796	0.00000000
3.74223750	0.00000000	9.42477796	9.42477796	0.00000000
3.74852697	0.00000000	9.42477796	9.42477796	0.00000000
3.75481644	0.00000000	9.42477796	9.42477796	0.00000000
3.76110592	0.00000000	9.42477796	9.42477796	0.00000000
3.76739539	0.00000000	9.42477796	9.42477796	0.00000000
3.77368487	0.00000000	9.42477796	9.42477796	0.00000000
3.77997434	0.00000000	9.42477796	9.42477796	0.00000000
3.78626382	0.00000000	9.42477796	9.42477796	0.00000000
3.79255329	0.00000000	9.42477796	9.42477796	0.00000000
3.79884277	0.00000000	9.42477796	9.42477796	0.00000000
3.80513224	0.00000000	9.42477796	9.42477796	0.00000000
3.81142172	0.00000000	9.42477796	9.42477796	0.00000000
3.81771119	0.00000000	9.42477796	9.42477796	0.00000000
3.82400067	0.00000000	9.42477796	9.42477796	0.00000000
3.83029014	0.00000000	9.42477796	9.42477796	0.00000000
3.83657962	0.00000000	9.42477796	9.42477796	0.00000000
3.84286909	0.00000000	9.42477796	9.42477796	0.00000000
3.84915857	0.00000000	9.42477796	9.42477796	0.00000000
3.85544804	0.00000000	9.42477796	9.42477796	0.00000000
3.86173752	0.00000000	9.42477796	9.42477796	0.00000000
3.86802699	0.00000000	9.42477796	9.42477796	0.00000000
3.87431647	0.00000000	9.42477796	9.42477796	0.00000000
3.88060594	0.00000000	9.42477796	9.42477796	0.00000000
3.88689542	0.00000000	9.42477796	9.42477796	0.00000000
3.89318489	0.00000000	9.42477796	9.42477796	0.00000000
3.89947436	0.00000000	9.42477796	9.42477796	0.00000000
3.90576384	0.00000000	9.42477796	9.42477796	0.00000000
3.91205331	0.00000000	9.42477796	9.42477796	0.00000000
3.91834279	0.00000000	9.42477796	9.42477796	0.00000000
3.92463226	0.00000000	9.42477796	9.42477796	0.00000000
3.93092174	0.00000000	9.42477796	9.42477796	0.00000000
3.93721121	0.00000000	9.42477796	9.42477796	0.00000000
3.94350069	0.00000000	9.42477796	9.42477796	0.00000000
3.94979016	0.00000000	9.42477796	9.42477796	0.00000000
3.95607964	0.00000000	9.42477796	9.42477796	0.00000000
3.96236911	0.00000000	9.42477796	9.42477796	0.00000000
3.96865859	0.00000000	9.42477796	9.42477796	0.00000000
3.97494806	0.00000000	9.42477796	9.42477796	0.00000000
3.98123754	0.00000000	9.42477796	9.42477796	0.00000000
3.98752701	0.00000000	9.42477796	9.42477796	0.00000000
3.99381649	0.00000000	9.42477796	9.42477796	0.00000000
4.00010596	0.00000000	9.42477796	9.42477796	0.00000000
4.00639544	0.00000000	9.42477796	9.42477796	0.00000000
4.01268491	0.00000000	9.42477796	9.42477796	0.00000000
4.01897439	0.00000000	9.42477796	9.42477796	0.00000000
4.02526386	0.00000000	9.42477796	9.42477796	0.00000000
4.03155334	0.00000000	9.42477796	9.42477796	0.00000000
4.03784281	0.00000000	9.42477796	9.42477796	0.00000000
4.04413228	0.00000000	9.42477796	9.42477796	0.00000000
4.05042176	0.00000000	9.42477796	9.42477796	0.00000000
4.05671123	0.00000000	9.42477796	9.42477796	0.00000000
4.06300071	0.00000000	9.42477796	9.42477796	0.00000000
4.06929018	0.00000000	9.42477796	9.42477796	0.00000000
4.07557966	0.00000000	9.42477796	9.42477796	0.00000000
4.08186913	0.00000000	9.42477796	9.42477796	0.00000000
4.08815861	0.00000000	9.42477796	9.42477796	0.00000000
4.09444808	0.00000000	9.42477796	9.42477796	0.00000000
4.10073756	0.00000000	9.42477796	9.42477796	0.00000000
4.10702703	0.00000000	9.42477796	9.42477796	0.00000000
4.11331651	0.00000000	9.42477796	9.42477796	0.00000000
4.11960598	0.00000000	9.42477796	9.42477796	0.00000000
4.12589546	0.00000000	9.42477796	9.42477796	0.00000000
4.13218493	0.00000000	9.42477796	9.42477796	0.00000000
4.13847441	0.00000000	9.42477796	9.42477796	0.00000000
4.14476388	0.00000000	9.42477796	9.42477796	0.00000000
4.15105336	0.00000000	9.42477796	9.42477796	0.00000000
4.15734283	0.00000000	9.42477796	9.42477796	0.00000000
4.16363231	0.00000000	9.42477796	9.42477796	0.00000000
4.16992178	0.00000000	9.42477796	9.42477796	0.00000000
4.17621126	0.00000000	9.42477796	9.42477796	0.00000000
4.18250073	0.00000000	9.42477796	9.42477796	0.00000000
4.18879020	0.00000000	9.42477796	9.42477796	0.00000000
4.19507968	0.00000000	9.42477796	9.42477796	0.00000000
4.20136915	0.00000000	9.42477796	9.42477796	0.00000000
4.20765863	0.00000000	9.42477796	9.42477796	0.00000000
4.21394810	0.00000000	9.42477796	9.42477796	0.00000000
4.22023758	0.00000000	9.42477796	9.42477796	0.00000000
4.22652705	0.00000000	9.42477796	9.42477796	0.00000000
4.23281653	0.00000000	9.42477796	9.42477796	0.00000000
4.23910600	0.00000000	9.42477796	9.42477796	0.00000000
4.24539548	0.00000000	9.42477796	9.42477796	0.00000000
4.25168495	0.00000000	9.42477796	9.42477796	0.00000000
4.25797443	0.00000000	9.42477796	9.42477796	0.00000000
4.26426390	0.00000000	9.42477796	9.42477796	0.00000000
4.27055338	0.00000000	9.42477796	9.42477796	0.00000000
4.27684285	0.00000000	9.42477796	9.42477796	0.00000000
4.28313233	0.00000000	9.42477796	9.42477796	0.00000000
4.28942180	0.00000000	9.42477796	9.42477796	0.00000000
4.29571128	0.00000000	9.42477796	9.42477796	0.00000000
4.30200075	0.00000000	9.42477796	9.42477796	0.00000000
4.30829023	0.00000000	9.42477796	9.42477796	0.00000000
4.31457970	0.00000000	9.42477796	9.42477796	0.00000000
4.32086918	0.00000000	9.42477796	9.42477796	0.00000000
4.32715865	0.00000000	9.42477796	9.42477796	0.00000000
4.33344812	0.00000000	9.42477796	9.42477796	0.00000000
4.33973760	0.00000000	9.42477796	9.42477796	0.00000000
4.34602707	0.00000000	9.42477796	9.42477796	0.00000000
4.35231655	0.00000000	9.42477796	9.42477796	0.00000000
4.35860602	0.00000000	9.42477796	9.42477796	0.00000000
4.36489550	0.00000000	9.42477796	9.42477796	0.00000000
4.37118497	0.00000000	9.42477796	9.42477796	0.00000000
4.37747445	0.00000000	9.42477796	9.42477796	0.00000000
4.38376392	0.00000000	9.42477796	9.42477796	0.00000000
4.39005340	0.00000000	9.42477796	9.42477796	0.00000000
4.39634287	0.00000000	9.42477796	9.42477796	0.00000000
4.40263235	0.00000000	9.42477796	9.42477796	0.00000000
4.40892182	0.00000000	9.42477796	9.42477796	0.00000000
4.41521130	0.00000000	9.42477796	9.42477796	0.00000000
4.42150077	0.00000000	9.42477796	9.42477796	0.00000000
4.42779025	0.00000000	9.42477796	9.42477796	0.00000000
4.43407972	0.00000000	9.42477796	9.42477796	0.00000000
4.44036920	0.00000000	9.42477796	9.42477796	0.00000000
4.44665867	0.00000000	9.42477796	9.42477796	0.00000000
4.45294815	0.00000000	9.42477796	9.42477796	0.00000000
4.45923762	0.00000000	9.42477796	9.42477796	0.00000000
4.46552710	0.00000000	9.42477796	9.42477796	0.00000000
4.47181657	0.00000000	9.42477796	9.42477796	0.00000000
4.47810604	0.00000000	9.42477796	9.42477796	0.00000000
4.48439552	0.00000000	9.42477796	9.42477796	0.00000000
4.49068499	0.00000000	9.42477796	9.42477796	0.00000000
4.49697447	0.00000000	9.42477796	9.42477796	0.00000000
4.50326394	0.00000000	9.42477796	9.42477796	0.00000000
4.50955342	0.00000000	9.42477796	9.42477796	0.00000000
4.51584289	0.00000000	9.42477796	9.42477796	0.00000000
4.52213237	0.00000000	9.42477796	9.42477796	0.00000000
4.52842184	0.00000000	9.42477796	9.42477796	0.00000000
4.53471132	0.00000000	9.42477796	9.42477796	0.00000000
4.54100079	0.00000000	9.42477796	9.42477796	0.00000000
4.54729027	0.00000000	9.42477796	9.42477796	0.00000000
4.55357974	0.00000000	9.42477796	9.42477796	0.00000000
4.55986922	0.00000000	9.42477796	9.42477796	0.00000000
4.56615869	0.00000000	9.42477796	9.42477796	0.00000000
4.57244817	0.00000000	9.42477796	9.42477796	0.00000000
4.57873764	0.00000000	9.42477796	9.42477796	0.00000000
4.58502712	0.00000000	9.42477796	9.42477796	0.00000000
4.59131659	0.00000000	9.42477796	9.42477796	0.00000000
4.59760607	0.00000000	9.42477796	9.42477796	0.00000000
4.60389554	0.00000000	9.42477796	9.42477796	0.00000000
4.61018502	0.00000000	9.42477796	9.42477796	0.00000000
4.61647449	0.00000000	9.42477796	9.42477796	0.00000000
4.62276396	0.00000000	9.42477796	9.42477796	0.00000000
4.62905344	0.00000000	9.42477796	9.42477796	0.00000000
4.63534291	0.00000000	9.42477796	9.42477796	0.00000000
4.64163239	0.00000000	9.42477796	9.42477796	0.00000000
4.64792186	0.00000000	9.42477796	9.42477796	0.00000000
4.65421134	0.00000000	9.42477796	9.42477796	0.00000000
4.66050081	0.00000000	9.42477796	9.42477796	0.00000000
4.66679029	0.00000000	9.42477796	9.42477796	0.00000000
4.67307976	0.00000000	9.42477796	9.42477796	0.00000000
4.67936924	0.00000000	9.42477796	9.42477796	0.00000000
4.68565871	0.00000000	9.42477796	9.42477796	0.00000000
4.69194819	0.00000000	9.42477796	9.42477796	0.00000000
4.69823766	0.00000000	9.42477796	9.42477796	0.00000000
4.70452714	0.00000000	9.42477796	9.42477796	0.00000000
4.71081661	0.00000000	9.42477796	9.42477796	0.00000000
4.71710609	0.00000000	6.28318531	9.42477796	0.00000000
4.72339556	0.00000000	6.28318531	9.42477796	0.00000000
4.72968504	0.00000000	6.28318531	9.42477796	0.00000000
4.73597451	0.00000000	6.28318531	9.42477796	0.00000000
4.74226399	0.00000000	6.28318531	9.42477796	0.00000000
4.74855346	0.00000000	6.28318531	9.42477796	0.00000000
4.75484294	0.00000000	6.28318531	9.42477796	0.00000000
4.76113241	0.00000000	6.28318531	9.42477796	0.00000000
4.76742188	0.00000000	6.28318531	9.42477796	0.00000000
4.77371136	0.00000000	6.28318531	9.42477796	0.00000000
4.78000083	0.00000000	6.28318531	9.42477796	0.00000000
4.78629031	0.00000000	6.28318531	9.42477796	0.00000000
4.79257978	0.00000000	6.28318531	9.42477796	0.00000000
4.79886926	0.00000000	6.28318531	9.42477796	0.00000000
4.80515873	0.00000000	6.28318531	9.42477796	0.00000000
4.81144821	0.00000000	6.28318531	9.42477796	0.00000000
4.81773768	0.00000000	6.28318531	9.42477796	0.00000000
4.82402716	0.00000000	6.28318531	9.42477796	0.00000000
4.83031663	0.00000000	6.28318531	9.42477796	0.00000000
4.83660611	0.00000000	6.28318531	9.42477796	0.00000000
4.84289558	0.00000000	6.28318531	9.42477796	0.00000000
4.84918506	0.00000000	6.28318531	9.42477796	0.00000000
4.85547453	0.00000000	6.28318531	9.42477796	0.00000000
4.86176401	0.00000000	6.28318531	9.42477796	0.00000000
4.86805348	0.00000000	6.28318531	9.42477796	0.00000000
4.87434296	0.00000000	6.28318531	9.42477796	0.00000000
4.88063243	0.00000000	6.28318531	9.42477796	0.00000000
4.88692191	0.00000000	6.28318531	9.42477796	0.00000000
4.89321138	0.00000000	6.28318531	9.42477796	0.00000000
4.89950086	0.00000000	6.28318531	9.42477796	0.00000000
4.90579033	0.00000000	6.28318531	9.42477796	0.00000000
4.91207980	0.00000000	6.28318531	9.42477796	0.00000000
4.91836928	0.00000000	6.28318531	9.42477796	0.00000000
4.92465875	0.00000000	6.28318531	9.42477796	0.00000000
4.93094823	0.00000000	6.28318531	9.42477796	0.00000000
4.93723770	0.00000000	6.28318531	9.42477796	0.00000000
4.94352718	0.00000000	6.28318531	9.42477796	0.00000000
4.94981665	0.00000000	6.28318531	9.42477796	0.00000000
4.95610613	0.00000000	6.28318531	9.42477796	0.00000000
4.96239560	0.00000000	6.28318531	9.42477796	0.00000000
4.96868508	0.00000000	6.28318531	9.42477796	0.00000000
4.97497455	0.00000000	6.28318531	9.42477796	0.00000000
4.98126403	0.00000000	6.28318531	9.42477796	0.00000000
4.98755350	0.00000000	6.28318531	9.42477796	0.00000000
4.99384298	0.00000000	6.28318531	9.42477796	0.00000000
5.00013245	0.00000000	6.28318531	9.42477796	0.00000000
5.00642193	0.00000000	6.28318531	9.42477796	0.00000000
5.01271140	0.00000000	6.28318531	9.42477796	0.00000000
5.01900088	0.00000000	6.28318531	9.42477796	0.00000000
5.02529035	0.00000000	6.28318531	9.42477796	0.00000000
5.03157983	0.00000000	6.28318531	9.42477796	0.00000000
5.03786930	0.00000000	6.28318531	9.42477796	0.00000000
5.04415878	0.00000000	6.28318531	9.42477796	0.00000000
5.05044825	0.00000000	6.28318531	9.42477796	0.00000000
5.05673772	0.00000000	6.28318531	9.42477796	0.00000000
5.06302720	0.00000000	6.28318531	9.42477796	0.00000000
5.06931667	0.00000000	6.28318531	9.42477796	0.00000000
5.07560615	0.00000000	6.28318531	9.42477796	0.00000000
5.08189562	0.00000000	6.28318531	9.42477796	0.00000000
5.08818510	0.00000000	6.28318531	9.42477796	0.00000000
5.09447457	0.00000000	6.28318531	9.42477796	0.00000000
5.10076405	0.00000000	6.28318531	9.42477796	0.00000000
5.10705352	0.00000000	6.28318531	9.42477796	0.00000000
5.11334300	0.00000000	6.28318531	9.42477796	0.00000000
5.11963247	0.00000000	6.28318531	9.42477796	0.00000000
5.12592195	0.00000000	6.28318531	9.42477796	0.00000000
5.13221142	0.00000000	6.28318531	9.42477796	0.00000000
5.13850090	0.00000000	6.28318531	9.42477796	0.00000000
5.14479037	0.00000000	6.28318531	9.42477796	0.00000000
5.15107985	0.00000000	6.28318531	9.42477796	0.00000000
5.15736932	0.00000000	6.28318531	9.42477796	0.00000000
5.16365880	0.00000000	6.28318531	9.42477796	0.00000000
5.16994827	0.00000000	6.28318531	9.42477796	0.00000000
5.17623775	0.00000000	6.28318531	9.42477796	0.00000000
5.18252722	0.00000000	6.28318531	9.42477796	0.00000000
5.18881670	0.00000000	6.28318531	9.42477796	0.00000000
5.19510617	0.00000000	6.28318531	9.42477796	0.00000000
5.20139564	0.00000000	6.28318531	9.42477796	0.00000000
5.20768512	0.00000000	6.28318531	9.42477796	0.00000000
5.21397459	0.00000000	6.28318531	9.42477796	0.00000000
5.22026407	0.00000000	6.28318531	9.42477796	0.00000000
5.22655354	0.00000000	6.28318531	9.42477796	0.00000000
5.23284302	0.00000000	6.28318531	9.42477796	0.00000000
5.23913249	0.00000000	6.28318531	9.42477796	0.00000000
5.24542197	0.00000000	6.28318531	9.42477796	0.00000000
5.25171144	0.00000000	6.28318531	9.42477796	0.00000000
5.25800092	0.00000000	6.28318531	9.42477796	0.00000000
5.26429039	0.00000000	6.28318531	9.42477796	0.00000000
5.27057987	0.00000000	6.28318531	9.42477796	0.00000000
5.27686934	0.00000000	6.28318531	9.42477796	0.00000000
5.28315882	0.00000000	6.28318531	9.42477796	0.00000000
5.28944829	0.00000000	6.28318531	9.42477796	0.00000000
5.29573777	0.00000000	6.28318531	9.42477796	0.00000000
5.30202724	0.00000000	6.28318531	9.42477796	0.00000000
5.30831672	0.00000000	6.28318531	9.42477796	0.00000000
5.31460619	0.00000000	6.28318531	9.42477796	0.00000000
5.32089567	0.00000000	6.28318531	9.42477796	0.00000000
5.32718514	0.00000000	6.28318531	9.42477796	0.00000000
5.33347462	0.00000000	6.28318531	9.42477796	0.00000000
5.33976409	0.00000000	6.28318531	9.42477796	0.00000000
5.34605356	0.00000000	6.28318531	9.42477796	0.00000000
5.35234304	0.00000000	6.28318531	9.42477796	0.00000000
5.35863251	0.00000000	6.28318531	9.42477796	0.00000000
5.36492199	0.00000000	6.28318531	9.42477796	0.00000000
5.37121146	0.00000000	6.28318531	9.42477796	0.00000000
5.37750094	0.00000000	6.28318531	9.42477796	0.00000000
5.38379041	0.00000000	6.28318531	9.42477796	0.00000000
5.39007989	0.00000000	6.28318531	9.42477796	0.00000000
5.39636936	0.00000000	6.28318531	9.42477796	0.00000000
5.40265884	0.00000000	6.28318531	9.42477796	0.00000000
5.40894831	0.00000000	6.28318531	9.42477796	0.00000000
5.41523779	0.00000000	6.28318531	9.42477796	0.00000000
5.42152726	0.00000000	6.28318531	9.42477796	0.00000000
5.42781674	0.00000000	6.28318531	9.42477796	0.00000000
5.43410621	0.00000000	6.28318531	9.42477796	0.00000000
5.44039569	0.00000000	6.28318531	9.42477796	0.00000000
5.44668516	0.00000000	6.28318531	9.42477796	0.00000000
5.45297464	0.00000000	6.28318531	9.42477796	0.00000000
5.45926411	0.00000000	6.28318531	9.42477796	0.00000000
5.46555359	0.00000000	6.28318531	9.42477796	0.00000000
5.47184306	0.00000000	6.28318531	9.42477796	0.00000000
5.47813254	0.00000000	6.28318531	9.42477796	0.00000000
5.48442201	0.00000000	6.28318531	9.42477796	0.00000000
5.49071148	0.00000000	6.28318531	9.42477796	0.00000000
5.49700096	0.00000000	6.28318531	9.42477796	0.00000000
5.50329043	0.00000000	9.42477796	6.28318531	0.00000000
5.50957991	0.00000000	9.42477796	6.28318531	0.00000000
5.51586938	0.00000000	9.42477796	6.28318531	0.00000000
5.52215886	0.00000000	9.42477796	6.28318531	0.00000000
5.52844833	0.00000000	9.42477796	6.28318531	0.00000000
5.53473781	0.00000000	9.42477796	6.28318531	0.00000000
5.54102728	0.00000000	9.42477796	6.28318531	0.00000000
5.54731676	0.00000000	9.42477796	6.28318531	0.00000000
5.55360623	0.00000000	9.42477796	6.28318531	0.00000000
5.55989571	0.00000000	9.42477796	6.28318531	0.00000000
5.56618518	0.00000000	9.42477796	6.28318531	0.00000000
5.57247466	0.00000000	9.42477796	6.28318531	0.00000000
5.57876413	0.00000000	9.42477796	6.28318531	0.00000000
5.58505361	0.00000000	9.42477796	6.28318531	0.00000000
5.59134308	0.00000000	9.42477796	6.28318531	0.00000000
5.59763256	0.00000000	9.42477796	6.28318531	0.00000000
5.60392203	0.00000000	9.42477796	6.28318531	0.00000000
5.61021151	0.00000000	9.42477796	6.28318531	0.00000000
5.61650098	0.00000000	9.42477796	6.28318531	0.00000000
5.62279046	0.00000000	9.42477796	6.28318531	0.00000000
5.62907993	0.00000000	9.42477796	6.28318531	0.00000000
5.63536940	0.00000000	9.42477796	6.28318531	0.00000000
5.64165888	0.00000000	9.42477796	6.28318531	0.00000000
5.64794835	0.00000000	9.42477796	6.28318531	0.00000000
5.65423783	0.00000000	9.42477796	6.28318531	0.00000000
5.66052730	0.00000000	9.42477796	6.28318531	0.00000000
5.66681678	0.00000000	9.42477796	6.28318531	0.00000000
5.67310625	0.00000000	9.42477796	6.28318531	0.00000000
5.67939573	0.00000000	9.42477796	6.28318531	0.00000000
5.68568520	0.00000000	9.42477796	6.28318531	0.00000000
5.69197468	0.00000000	9.42477796	6.28318531	0.00000000
5.69826415	0.00000000	9.42477796	6.28318531	0.00000000
5.70455363	0.00000000	9.42477796	6.28318531	0.00000000
5.71084310	0.00000000	9.42477796	6.28318531	0.00000000
5.71713258	0.00000000	9.42477796	6.28318531	0.00000000
5.72342205	0.00000000	9.42477796	6.28318531	0.00000000
5.72971153	0.00000000	9.42477796	6.28318531	0.00000000
5.73600100	0.00000000	9.42477796	6.28318531	0.00000000
5.74229048	0.00000000	9.42477796	6.28318531	0.00000000
5.74857995	0.00000000	9.42477796	6.28318531	0.00000000
5.75486943	0.00000000	9.42477796	6.28318531	0.00000000
5.76115890	0.00000000	9.42477796	9.42477796	0.00000000
5.76744838	0.00000000	9.42477796	9.42477796	0.00000000
5.77373785	0.00000000	9.42477796	9.42477796	0.00000000
5.78002732	0.00000000	9.42477796	9.42477796	0.00000000
5.78631680	0.00000000	9.42477796	9.42477796	0.00000000
5.79260627	0.00000000	9.42477796	9.42477796	0.00000000
5.79889575	0.00000000	9.42477796	9.42477796	0.00000000
5.80518522	0.00000000	9.42477796	9.42477796	0.00000000
5.81147470	0.00000000	9.42477796	9.42477796	0.00000000
5.81776417	0.00000000	9.42477796	9.42477796	0.00000000
5.82405365	0.00000000	9.42477796	9.42477796	0.00000000
5.83034312	0.00000000	9.42477796	9.42477796	0.00000000
5.83663260	0.00000000	9.42477796	9.42477796	0.00000000
5.84292207	0.00000000	9.42477796	9.42477796	0.00000000
5.84921155	0.00000000	9.42477796	9.42477796	0.00000000
5.85550102	0.00000000	9.42477796	9.42477796	0.00000000
5.86179050	0.00000000	9.42477796	9.42477796	0.00000000
5.86807997	0.00000000	9.42477796	9.42477796	0.00000000
5.87436945	0.00000000	9.42477796	9.42477796	0.00000000
5.88065892	0.00000000	9.42477796	9.42477796	0.00000000
5.88694840	0.00000000	9.42477796	9.42477796	0.00000000
5.89323787	0.00000000	9.42477796	9.42477796	0.00000000
5.89952735	0.00000000	9.42477796	9.42477796	0.00000000
5.90581682	0.00000000	9.42477796	9.42477796	0.00000000
5.91210630	0.00000000	9.42477796	9.42477796	0.00000000
5.91839577	0.00000000	9.42477796	9.42477796	0.00000000
5.92468524	0.00000000	9.42477796	9.42477796	0.00000000
5.93097472	0.00000000	9.42477796	9.42477796	0.00000000
5.93726419	0.00000000	9.42477796	9.42477796	0.00000000
5.94355367	0.00000000	9.42477796	9.42477796	0.00000000
5.94984314	0.00000000	9.42477796	9.42477796	0.00000000
5.95613262	0.00000000	9.42477796	9.42477796	0.00000000
5.96242209	0.00000000	9.42477796	9.42477796	0.00000000
5.96871157	0.00000000	9.42477796	9.42477796	0.00000000
5.97500104	0.00000000	9.42477796	9.42477796	0.00000000
5.98129052	0.00000000	9.42477796	9.42477796	0.00000000
5.98757999	0.00000000	9.42477796	9.42477796	0.00000000
5.99386947	0.00000000	9.42477796	9.42477796	0.00000000
6.00015894	0.00000000	9.42477796	9.42477796	0.00000000
6.00644842	0.00000000	9.42477796	9.42477796	0.00000000
6.01273789	0.00000000	9.42477796	9.42477796	0.00000000
6.01902737	0.00000000	9.42477796	9.42477796	0.00000000
6.02531684	0.00000000	9.42477796	9.42477796	0.00000000
6.03160632	0.00000000	9.42477796	9.42477796	0.00000000
6.03789579	0.00000000	9.42477796	9.42477796	0.00000000
6.04418527	0.00000000	9.42477796	9.42477796	0.00000000
6.05047474	0.00000000	9.42477796	9.42477796	0.00000000
6.05676422	0.00000000	9.42477796	9.42477796	0.00000000
6.06305369	0.00000000	9.42477796	9.42477796	0.00000000
6.06934316	0.00000000	9.42477796	9.42477796	0.00000000
6.07563264	0.00000000	9.42477796	9.42477796	0.00000000
6.08192211	0.00000000	9.42477796	9.42477796	0.00000000
6.08821159	0.00000000	9.42477796	9.42477796	0.00000000
6.09450106	0.00000000	9.42477796	9.42477796	0.00000000
6.10079054	0.00000000	9.42477796	9.42477796	0.00000000
6.10708001	0.00000000	9.42477796	9.42477796	0.00000000
6.11336949	0.00000000	9.42477796	9.42477796	0.00000000
6.11965896	0.00000000	9.42477796	9.42477796	0.00000000
6.12594844	0.00000000	9.42477796	9.42477796	0.00000000
6.13223791	0.00000000	9.42477796	9.42477796	0.00000000
6.13852739	0.00000000	9.42477796	9.42477796	0.00000000
6.14481686	0.00000000	9.42477796	9.42477796	0.00000000
6.15110634	0.00000000	9.42477796	9.42477796	0.00000000
6.15739581	0.00000000	9.42477796	9.42477796	0.00000000
6.16368529	0.00000000	9.42477796	9.42477796	0.00000000
6.16997476	0.00000000	9.42477796	9.42477796	0.00000000
6.17626424	0.00000000	9.42477796	9.42477796	0.00000000
6.18255371	0.00000000	9.42477796	9.42477796	0.00000000
6.18884319	0.00000000	9.42477796	9.42477796	0.00000000
6.19513266	0.00000000	9.42477796	9.42477796	0.00000000
6.20142214	0.00000000	9.42477796	9.42477796	0.00000000
6.20771161	0.00000000	9.42477796	9.42477796	0.00000000
6.21400108	0.00000000	9.42477796	9.42477796	0.00000000
6.22029056	0.00000000	9.42477796	9.42477796	0.00000000
6.22658003	0.00000000	9.42477796	9.42477796	0.00000000
6.23286951	0.00000000	9.42477796	9.42477796	0.00000000
6.23915898	0.00000000	9.42477796	9.42477796	0.00000000
6.24544846	0.00000000	9.42477796	9.42477796	0.00000000
6.25173793	0.00000000	9.42477796	9.42477796	0.00000000
6.25802741	0.00000000	9.42477796	9.42477796	0.00000000
6.26431688	0.00000000	9.42477796	9.42477796	0.00000000
6.27060636	0.00000000	9.42477796	9.42477796	0.00000000
6.27689583	0.00000000	9.42477796	9.42477796	0.00000000
6.28318531	0.00000000	9.42477796	9.42477796	0.00000000
