Theta (degrees)	Normalized Energy
0.000000000000000000e+00 9.992569462981909512e-01
1.801801801801801717e-01 9.992569627056155923e-01
3.603603603603603434e-01 9.992570119264625461e-01
5.405405405405404595e-01 9.992570939564520138e-01
7.207207207207206867e-01 9.992572087884500354e-01
9.009009009009008029e-01 9.992573564124715979e-01
1.081081081081080919e+00 9.992575368156789706e-01
1.261261261261261035e+00 9.992577499823841469e-01
1.441441441441441373e+00 9.992579958940487339e-01
1.621621621621621712e+00 9.992582745292879487e-01
1.801801801801801606e+00 9.992585858638698415e-01
1.981981981981981944e+00 9.992589298707197365e-01
2.162162162162161838e+00 9.992593065199183444e-01
2.342342342342341954e+00 9.992597157787089790e-01
2.522522522522522070e+00 9.992601576114963358e-01
2.702702702702702631e+00 9.992606319798531533e-01
2.882882882882882747e+00 9.992611388425188812e-01
3.063063063063062419e+00 9.992616781554062300e-01
3.243243243243243423e+00 9.992622498716047241e-01
3.423423423423423095e+00 9.992628539413822564e-01
3.603603603603603212e+00 9.992634903121907497e-01
3.783783783783783328e+00 9.992641589286709314e-01
3.963963963963963888e+00 9.992648597326541093e-01
4.144144144144143560e+00 9.992655926631711649e-01
4.324324324324323676e+00 9.992663576564529970e-01
4.504504504504503792e+00 9.992671546459394039e-01
4.684684684684683909e+00 9.992679835622801932e-01
4.864864864864864913e+00 9.992688443333471726e-01
5.045045045045044141e+00 9.992697368842324845e-01
5.225225225225224257e+00 9.992706611372615955e-01
5.405405405405405261e+00 9.992716170119934072e-01
5.585585585585585378e+00 9.992726044252321360e-01
5.765765765765765494e+00 9.992736232910303107e-01
5.945945945945945610e+00 9.992746735206978759e-01
6.126126126126124838e+00 9.992757550228079655e-01
6.306306306306305842e+00 9.992768677032050073e-01
6.486486486486486847e+00 9.992780114650136047e-01
6.666666666666666075e+00 9.992791862086427557e-01
6.846846846846846191e+00 9.992803918317986200e-01
7.027027027027027195e+00 9.992816282294886276e-01
7.207207207207206423e+00 9.992828952940329135e-01
7.387387387387387427e+00 9.992841929150724223e-01
7.567567567567566655e+00 9.992855209795759031e-01
7.747747747747746772e+00 9.992868793718520104e-01
7.927927927927927776e+00 9.992882679735569651e-01
8.108108108108107004e+00 9.992896866637046571e-01
8.288288288288287120e+00 9.992911353186760826e-01
8.468468468468467236e+00 9.992926138122298907e-01
8.648648648648647352e+00 9.992941220155129312e-01
8.828828828828829245e+00 9.992956597970699129e-01
9.009009009009007585e+00 9.992972270228552834e-01
9.189189189189187701e+00 9.992988235562417776e-01
9.369369369369367817e+00 9.993004492580355169e-01
9.549549549549547933e+00 9.993021039864836697e-01
9.729729729729729826e+00 9.993037875972873296e-01
9.909909909909908166e+00 9.993054999436133956e-01
1.009009009009008828e+01 9.993072408761067837e-01
1.027027027027027017e+01 9.993090102429035282e-01
1.045045045045044851e+01 9.993108078896415503e-01
1.063063063063063041e+01 9.993126336594715386e-01
1.081081081081081052e+01 9.993144873930759342e-01
1.099099099099099064e+01 9.993163689286760354e-01
1.117117117117117076e+01 9.993182781020473193e-01
1.135135135135134909e+01 9.993202147465330976e-01
1.153153153153153099e+01 9.993221786930600592e-01
1.171171171171171110e+01 9.993241697701467086e-01
1.189189189189189122e+01 9.993261878039236823e-01
1.207207207207207311e+01 9.993282326181434083e-01
1.225225225225224968e+01 9.993303040341997567e-01
1.243243243243243157e+01 9.993324018711343681e-01
1.261261261261261168e+01 9.993345259456605234e-01
1.279279279279279180e+01 9.993366760721738018e-01
1.297297297297297369e+01 9.993388520627670690e-01
1.315315315315315381e+01 9.993410537272471306e-01
1.333333333333333215e+01 9.993432808731507189e-01
1.351351351351351227e+01 9.993455333057587042e-01
1.369369369369369238e+01 9.993478108281141914e-01
1.387387387387387427e+01 9.993501132410368415e-01
1.405405405405405439e+01 9.993524403431429670e-01
1.423423423423423273e+01 9.993547919308563010e-01
1.441441441441441285e+01 9.993571677984306456e-01
1.459459459459459296e+01 9.993595677379628617e-01
1.477477477477477485e+01 9.993619915394127418e-01
1.495495495495495497e+01 9.993644389906205516e-01
1.513513513513513331e+01 9.993669098773207971e-01
1.531531531531531520e+01 9.993694039831644282e-01
1.549549549549549354e+01 9.993719210897347160e-01
1.567567567567567544e+01 9.993744609765666809e-01
1.585585585585585555e+01 9.993770234211635239e-01
1.603603603603603744e+01 9.993796081990180546e-01
1.621621621621621401e+01 9.993822150836260132e-01
1.639639639639639412e+01 9.993848438465127160e-01
1.657657657657657424e+01 9.993874942572460451e-01
1.675675675675675791e+01 9.993901660834575429e-01
1.693693693693693447e+01 9.993928590908632836e-01
1.711711711711711814e+01 9.993955730432796392e-01
1.729729729729729470e+01 9.993983077026478146e-01
1.747747747747747482e+01 9.994010628290518339e-01
1.765765765765765849e+01 9.994038381807368587e-01
1.783783783783783861e+01 9.994066335141318369e-01
1.801801801801801517e+01 9.994094485838675990e-01
1.819819819819819884e+01 9.994122831428026155e-01
1.837837837837837540e+01 9.994151369420363196e-01
1.855855855855855907e+01 9.994180097309357524e-01
1.873873873873873563e+01 9.994209012571548811e-01
1.891891891891891930e+01 9.994238112666545826e-01
1.909909909909909587e+01 9.994267395037271795e-01
1.927927927927927598e+01 9.994296857110146481e-01
1.945945945945945965e+01 9.994326496295325990e-01
1.963963963963963977e+01 9.994356309986915932e-01
1.981981981981981633e+01 9.994386295563190137e-01
2.000000000000000000e+01 9.994416450386796047e-01
2.018018018018017656e+01 9.994446771805021168e-01
2.036036036036036023e+01 9.994477257149972926e-01
2.054054054054054035e+01 9.994507903738842902e-01
2.072072072072071691e+01 9.994538708874096677e-01
2.090090090090089703e+01 9.994569669843738069e-01
2.108108108108108070e+01 9.994600783921508969e-01
2.126126126126126081e+01 9.994632048367151356e-01
2.144144144144144093e+01 9.994663460426614909e-01
2.162162162162162105e+01 9.994695017332324571e-01
2.180180180180180116e+01 9.994726716303363734e-01
2.198198198198198128e+01 9.994758554545771778e-01
2.216216216216215784e+01 9.994790529252746136e-01
2.234234234234234151e+01 9.994822637604889870e-01
2.252252252252251807e+01 9.994854876770449259e-01
2.270270270270269819e+01 9.994887243905570262e-01
2.288288288288288186e+01 9.994919736154534995e-01
2.306306306306306197e+01 9.994952350650008199e-01
2.324324324324324209e+01 9.994985084513273721e-01
2.342342342342342221e+01 9.995017934854488750e-01
2.360360360360360232e+01 9.995050898772938064e-01
2.378378378378378244e+01 9.995083973357294926e-01
2.396396396396396256e+01 9.995117155685827592e-01
2.414414414414414622e+01 9.995150442826709059e-01
2.432432432432431924e+01 9.995183831838228006e-01
2.450450450450449935e+01 9.995217319769055253e-01
2.468468468468468302e+01 9.995250903658506880e-01
2.486486486486486314e+01 9.995284580536790697e-01
2.504504504504504325e+01 9.995318347425281580e-01
2.522522522522522337e+01 9.995352201336744624e-01
2.540540540540540349e+01 9.995386139275630466e-01
2.558558558558558360e+01 9.995420158238317310e-01
2.576576576576576372e+01 9.995454255213377381e-01
2.594594594594594739e+01 9.995488427181831170e-01
2.612612612612612040e+01 9.995522671117437197e-01
2.630630630630630762e+01 9.995556983986908506e-01
2.648648648648648418e+01 9.995591362750221309e-01
2.666666666666666430e+01 9.995625804360862565e-01
2.684684684684684441e+01 9.995660305766094211e-01
2.702702702702702453e+01 9.995694863907226280e-01
2.720720720720720465e+01 9.995729475719874468e-01
2.738738738738738476e+01 9.995764138134252130e-01
2.756756756756756488e+01 9.995798848075412302e-01
2.774774774774774855e+01 9.995833602463523038e-01
2.792792792792792156e+01 9.995868398214161621e-01
2.810810810810810878e+01 9.995903232238564362e-01
2.828828828828828534e+01 9.995938101443891943e-01
2.846846846846846546e+01 9.995973002733513635e-01
2.864864864864864558e+01 9.996007933007303725e-01
2.882882882882882569e+01 9.996042889161856904e-01
2.900900900900900581e+01 9.996077868090824659e-01
2.918918918918918592e+01 9.996112866685139542e-01
2.936936936936936249e+01 9.996147881833332693e-01
2.954954954954954971e+01 9.996182910421776979e-01
2.972972972972972983e+01 9.996217949334977870e-01
2.990990990990990994e+01 9.996252995455843227e-01
3.009009009009008651e+01 9.996288045665985278e-01
3.027027027027026662e+01 9.996323096845939338e-01
3.045045045045044674e+01 9.996358145875519075e-01
3.063063063063063041e+01 9.996393189634021903e-01
3.081081081081081408e+01 9.996428225000572043e-01
3.099099099099098709e+01 9.996463248854327022e-01
3.117117117117117076e+01 9.996498258074828502e-01
3.135135135135135087e+01 9.996533249542229882e-01
3.153153153153152743e+01 9.996568220137607153e-01
3.171171171171171110e+01 9.996603166743200930e-01
3.189189189189189122e+01 9.996638086242756183e-01
3.207207207207207489e+01 9.996672975521725402e-01
3.225225225225224790e+01 9.996707831467612770e-01
3.243243243243242802e+01 9.996742650970219524e-01
3.261261261261260813e+01 9.996777430921932606e-01
3.279279279279278825e+01 9.996812168218002226e-01
3.297297297297297547e+01 9.996846859756830517e-01
3.315315315315314848e+01 9.996881502440239098e-01
3.333333333333332860e+01 9.996916093173746631e-01
3.351351351351351582e+01 9.996950628866860811e-01
3.369369369369368883e+01 9.996985106433351476e-01
3.387387387387386894e+01 9.997019522791533719e-01
3.405405405405405617e+01 9.997053874864527678e-01
3.423423423423423628e+01 9.997088159580571620e-01
3.441441441441441640e+01 9.997122373873261747e-01
3.459459459459458941e+01 9.997156514681866391e-01
3.477477477477476953e+01 9.997190578951566930e-01
3.495495495495494964e+01 9.997224563633778649e-01
3.513513513513512976e+01 9.997258465686388318e-01
3.531531531531531698e+01 9.997292282074057290e-01
3.549549549549549710e+01 9.997326009768471300e-01
3.567567567567567721e+01 9.997359645748651324e-01
3.585585585585585022e+01 9.997393187001215598e-01
3.603603603603603034e+01 9.997426630520620527e-01
3.621621621621621046e+01 9.997459973309504866e-01
3.639639639639639768e+01 9.997493212378885108e-01
3.657657657657657779e+01 9.997526344748506322e-01
3.675675675675675080e+01 9.997559367447038658e-01
3.693693693693693803e+01 9.997592277512419301e-01
3.711711711711711814e+01 9.997625071992068957e-01
3.729729729729729115e+01 9.997657747943226036e-01
3.747747747747747127e+01 9.997690302433127618e-01
3.765765765765765849e+01 9.997722732539355839e-01
3.783783783783783861e+01 9.997755035350083253e-01
3.801801801801801162e+01 9.997787207964330403e-01
3.819819819819819173e+01 9.997819247492250039e-01
3.837837837837837185e+01 9.997851151055379137e-01
3.855855855855855197e+01 9.997882915786896474e-01
3.873873873873873919e+01 9.997914538831925713e-01
3.891891891891891930e+01 9.997946017347768555e-01
3.909909909909909942e+01 9.997977348504166750e-01
3.927927927927927954e+01 9.998008529483569662e-01
3.945945945945945255e+01 9.998039557481410711e-01
3.963963963963963266e+01 9.998070429706332751e-01
3.981981981981981988e+01 9.998101143380502265e-01
4.000000000000000000e+01 9.998131695739795877e-01
4.018018018018018012e+01 9.998162084034117880e-01
4.036036036036035313e+01 9.998192305527632273e-01
4.054054054054054035e+01 9.998222357498998125e-01
4.072072072072072046e+01 9.998252237241664897e-01
4.090090090090090058e+01 9.998281942064097816e-01
4.108108108108108070e+01 9.998311469290025455e-01
4.126126126126126081e+01 9.998340816258702857e-01
4.144144144144143382e+01 9.998369980325159112e-01
4.162162162162162105e+01 9.998398958860426067e-01
4.180180180180179406e+01 9.998427749251822538e-01
4.198198198198197417e+01 9.998456348903148605e-01
4.216216216216216139e+01 9.998484755234970933e-01
4.234234234234234151e+01 9.998512965684844822e-01
4.252252252252252163e+01 9.998540977707545130e-01
4.270270270270269464e+01 9.998568788775349381e-01
4.288288288288288186e+01 9.998596396378204298e-01
4.306306306306305487e+01 9.998623798024030007e-01
4.324324324324324209e+01 9.998650991238913210e-01
4.342342342342342931e+01 9.998677973567349220e-01
4.360360360360360232e+01 9.998704742572485094e-01
4.378378378378377533e+01 9.998731295836332800e-01
4.396396396396396256e+01 9.998757630960007914e-01
4.414414414414414267e+01 9.998783745563942782e-01
4.432432432432431568e+01 9.998809637288130769e-01
4.450450450450450290e+01 9.998835303792338314e-01
4.468468468468468302e+01 9.998860742756319198e-01
4.486486486486486314e+01 9.998885951880044365e-01
4.504504504504503615e+01 9.998910928883913973e-01
4.522522522522522337e+01 9.998935671508967227e-01
4.540540540540539638e+01 9.998960177517136616e-01
4.558558558558558360e+01 9.998984444691385587e-01
4.576576576576576372e+01 9.999008470835988316e-01
4.594594594594594383e+01 9.999032253776686252e-01
4.612612612612612395e+01 9.999055791360949019e-01
4.630630630630629696e+01 9.999079081458118745e-01
4.648648648648648418e+01 9.999102121959669853e-01
4.666666666666665719e+01 9.999124910779347841e-01
4.684684684684684441e+01 9.999147445853434624e-01
4.702702702702703164e+01 9.999169725140891751e-01
4.720720720720720465e+01 9.999191746623573573e-01
4.738738738738738476e+01 9.999213508306433740e-01
4.756756756756756488e+01 9.999235008217685072e-01
4.774774774774774500e+01 9.999256244409030492e-01
4.792792792792792511e+01 9.999277214955787363e-01
4.810810810810810523e+01 9.999297917957137294e-01
4.828828828828829245e+01 9.999318351536251592e-01
4.846846846846846546e+01 9.999338513840522191e-01
4.864864864864863847e+01 9.999358403041689325e-01
4.882882882882882569e+01 9.999378017336059132e-01
4.900900900900899870e+01 9.999397354944639105e-01
4.918918918918918592e+01 9.999416414113329044e-01
4.936936936936936604e+01 9.999435193113094256e-01
4.954954954954954616e+01 9.999453690240114323e-01
4.972972972972972627e+01 9.999471903815970730e-01
4.990990990990989928e+01 9.999489832187754557e-01
5.009009009009008651e+01 9.999507473728312945e-01
5.027027027027027373e+01 9.999524826836302394e-01
5.045045045045044674e+01 9.999541889936434114e-01
5.063063063063063396e+01 9.999558661479567290e-01
5.081081081081080697e+01 9.999575139942876723e-01
5.099099099099098709e+01 9.999591323830002709e-01
5.117117117117116720e+01 9.999607211671176499e-01
5.135135135135135442e+01 9.999622802023406809e-01
5.153153153153152743e+01 9.999638093470560873e-01
5.171171171171170755e+01 9.999653084623529864e-01
5.189189189189189477e+01 9.999667774120368779e-01
5.207207207207206778e+01 9.999682160626411909e-01
5.225225225225224079e+01 9.999696242834418269e-01
5.243243243243242802e+01 9.999710019464678190e-01
5.261261261261261524e+01 9.999723489265147647e-01
5.279279279279278825e+01 9.999736651011570387e-01
5.297297297297296836e+01 9.999749503507587844e-01
5.315315315315314848e+01 9.999762045584864589e-01
5.333333333333332860e+01 9.999774276103196025e-01
5.351351351351350161e+01 9.999786193950618296e-01
5.369369369369368883e+01 9.999797798043515984e-01
5.387387387387387605e+01 9.999809087326725354e-01
5.405405405405404906e+01 9.999820060773636499e-01
5.423423423423423628e+01 9.999830717386298806e-01
5.441441441441440929e+01 9.999841056195503119e-01
5.459459459459458941e+01 9.999851076260903859e-01
5.477477477477476953e+01 9.999860776671062323e-01
5.495495495495495675e+01 9.999870156543591015e-01
5.513513513513512976e+01 9.999879215025190282e-01
5.531531531531530987e+01 9.999887951291767108e-01
5.549549549549549710e+01 9.999896364548487293e-01
5.567567567567567011e+01 9.999904454029877598e-01
5.585585585585584312e+01 9.999912218999873481e-01
5.603603603603603034e+01 9.999919658751919016e-01
5.621621621621621756e+01 9.999926772608996872e-01
5.639639639639639057e+01 9.999933559923751547e-01
5.657657657657657069e+01 9.999940020078476044e-01
5.675675675675675080e+01 9.999946152485253981e-01
5.693693693693693092e+01 9.999951956585949597e-01
5.711711711711711814e+01 9.999957431852295464e-01
5.729729729729729115e+01 9.999962577785939111e-01
5.747747747747747837e+01 9.999967393918487435e-01
5.765765765765765138e+01 9.999971879811547781e-01
5.783783783783783150e+01 9.999976035056791224e-01
5.801801801801801162e+01 9.999979859275961447e-01
5.819819819819819173e+01 9.999983352120926927e-01
5.837837837837837185e+01 9.999986513273724231e-01
5.855855855855855197e+01 9.999989342446580221e-01
5.873873873873872498e+01 9.999991839381928704e-01
5.891891891891891930e+01 9.999994003852461510e-01
5.909909909909909942e+01 9.999995835661108501e-01
5.927927927927927954e+01 9.999997334641109736e-01
5.945945945945945965e+01 9.999998500655994382e-01
5.963963963963963266e+01 9.999999333599601803e-01
5.981981981981981988e+01 9.999999833396108206e-01
5.999999999999999289e+01 9.999999999999996669e-01
6.018018018018017301e+01 9.999999833396104876e-01
6.036036036036035313e+01 9.999999333599604023e-01
6.054054054054053324e+01 9.999998500655994382e-01
6.072072072072070625e+01 9.999997334641111957e-01
6.090090090090089348e+01 9.999995835661106280e-01
6.108108108108106649e+01 9.999994003852463731e-01
6.126126126126126081e+01 9.999991839381932035e-01
6.144144144144144093e+01 9.999989342446576890e-01
6.162162162162162815e+01 9.999986513273722011e-01
6.180180180180180116e+01 9.999983352120926927e-01
6.198198198198197417e+01 9.999979859275961447e-01
6.216216216216216139e+01 9.999976035056791224e-01
6.234234234234234151e+01 9.999971879811544451e-01
6.252252252252251452e+01 9.999967393918487435e-01
6.270270270270270174e+01 9.999962577785941331e-01
6.288288288288287475e+01 9.999957431852295464e-01
6.306306306306305487e+01 9.999951956585949597e-01
6.324324324324323499e+01 9.999946152485253981e-01
6.342342342342342221e+01 9.999940020078476044e-01
6.360360360360360943e+01 9.999933559923748216e-01
6.378378378378378244e+01 9.999926772608996872e-01
6.396396396396396256e+01 9.999919658751919016e-01
6.414414414414414978e+01 9.999912218999873481e-01
6.432432432432432279e+01 9.999904454029880929e-01
6.450450450450449580e+01 9.999896364548490624e-01
6.468468468468468302e+01 9.999887951291767108e-01
6.486486486486485603e+01 9.999879215025186951e-01
6.504504504504502904e+01 9.999870156543591015e-01
6.522522522522521626e+01 9.999860776671062323e-01
6.540540540540538927e+01 9.999851076260903859e-01
6.558558558558557650e+01 9.999841056195503119e-01
6.576576576576576372e+01 9.999830717386298806e-01
6.594594594594595094e+01 9.999820060773636499e-01
6.612612612612612395e+01 9.999809087326723134e-01
6.630630630630629696e+01 9.999797798043515984e-01
6.648648648648648418e+01 9.999786193950618296e-01
6.666666666666665719e+01 9.999774276103196025e-01
6.684684684684684441e+01 9.999762045584867920e-01
6.702702702702703164e+01 9.999749503507584514e-01
6.720720720720720465e+01 9.999736651011567057e-01
6.738738738738737766e+01 9.999723489265145426e-01
6.756756756756756488e+01 9.999710019464681521e-01
6.774774774774773789e+01 9.999696242834414939e-01
6.792792792792791090e+01 9.999682160626411909e-01
6.810810810810811233e+01 9.999667774120368779e-01
6.828828828828828534e+01 9.999653084623533195e-01
6.846846846846847257e+01 9.999638093470557543e-01
6.864864864864864558e+01 9.999622802023406809e-01
6.882882882882883280e+01 9.999607211671176499e-01
6.900900900900900581e+01 9.999591323829999379e-01
6.918918918918917882e+01 9.999575139942876723e-01
6.936936936936936604e+01 9.999558661479567290e-01
6.954954954954953905e+01 9.999541889936430783e-01
6.972972972972972627e+01 9.999524826836302394e-01
6.990990990990989928e+01 9.999507473728312945e-01
7.009009009009008651e+01 9.999489832187757887e-01
7.027027027027025952e+01 9.999471903815968510e-01
7.045045045045044674e+01 9.999453690240114323e-01
7.063063063063063396e+01 9.999435193113088705e-01
7.081081081081080697e+01 9.999416414113326823e-01
7.099099099099099419e+01 9.999397354944635774e-01
7.117117117117116720e+01 9.999378017336059132e-01
7.135135135135135442e+01 9.999358403041689325e-01
7.153153153153152743e+01 9.999338513840522191e-01
7.171171171171170045e+01 9.999318351536251592e-01
7.189189189189188767e+01 9.999297917957133963e-01
7.207207207207206068e+01 9.999277214955787363e-01
7.225225225225223369e+01 9.999256244409030492e-01
7.243243243243242091e+01 9.999235008217685072e-01
7.261261261261259392e+01 9.999213508306431519e-01
7.279279279279279535e+01 9.999191746623570243e-01
7.297297297297296836e+01 9.999169725140888421e-01
7.315315315315315559e+01 9.999147445853431293e-01
7.333333333333332860e+01 9.999124910779347841e-01
7.351351351351350161e+01 9.999102121959669853e-01
7.369369369369368883e+01 9.999079081458118745e-01
7.387387387387387605e+01 9.999055791360945689e-01
7.405405405405404906e+01 9.999032253776689583e-01
7.423423423423423628e+01 9.999008470835984985e-01
7.441441441441440929e+01 9.998984444691385587e-01
7.459459459459458230e+01 9.998960177517133285e-01
7.477477477477476953e+01 9.998935671508969447e-01
7.495495495495494254e+01 9.998910928883910643e-01
7.513513513513514397e+01 9.998885951880038814e-01
7.531531531531531698e+01 9.998860742756319198e-01
7.549549549549548999e+01 9.998835303792334983e-01
7.567567567567567721e+01 9.998809637288132990e-01
7.585585585585585022e+01 9.998783745563942782e-01
7.603603603603602323e+01 9.998757630960007914e-01
7.621621621621621046e+01 9.998731295836330579e-01
7.639639639639638347e+01 9.998704742572482873e-01
7.657657657657657069e+01 9.998677973567349220e-01
7.675675675675674370e+01 9.998650991238913210e-01
7.693693693693693092e+01 9.998623798024026677e-01
7.711711711711710393e+01 9.998596396378204298e-01
7.729729729729729115e+01 9.998568788775346050e-01
7.747747747747747837e+01 9.998540977707545130e-01
7.765765765765765138e+01 9.998512965684838161e-01
7.783783783783783861e+01 9.998484755234968713e-01
7.801801801801801162e+01 9.998456348903146385e-01
7.819819819819819884e+01 9.998427749251822538e-01
7.837837837837837185e+01 9.998398958860426067e-01
7.855855855855855907e+01 9.998369980325153561e-01
7.873873873873873208e+01 9.998340816258699526e-01
7.891891891891890509e+01 9.998311469290025455e-01
7.909909909909909231e+01 9.998281942064094485e-01
7.927927927927926532e+01 9.998252237241661566e-01
7.945945945945943834e+01 9.998222357498998125e-01
7.963963963963963977e+01 9.998192305527626722e-01
7.981981981981981278e+01 9.998162084034121211e-01
8.000000000000000000e+01 9.998131695739795877e-01
8.018018018018017301e+01 9.998101143380498934e-01
8.036036036036036023e+01 9.998070429706332751e-01
8.054054054054053324e+01 9.998039557481408490e-01
8.072072072072070625e+01 9.998008529483566331e-01
8.090090090090089348e+01 9.997977348504163420e-01
8.108108108108108070e+01 9.997946017347765224e-01
8.126126126126125371e+01 9.997914538831925713e-01
8.144144144144144093e+01 9.997882915786896474e-01
8.162162162162161394e+01 9.997851151055379137e-01
8.180180180180180116e+01 9.997819247492250039e-01
8.198198198198198838e+01 9.997787207964330403e-01
8.216216216216216139e+01 9.997755035350083253e-01
8.234234234234233440e+01 9.997722732539353618e-01
8.252252252252252163e+01 9.997690302433127618e-01
8.270270270270270885e+01 9.997657747943222706e-01
8.288288288288286765e+01 9.997625071992065626e-01
8.306306306306305487e+01 9.997592277512415970e-01
8.324324324324324209e+01 9.997559367447035328e-01
8.342342342342341510e+01 9.997526344748502991e-01
8.360360360360358811e+01 9.997493212378885108e-01
8.378378378378377533e+01 9.997459973309504866e-01
8.396396396396394834e+01 9.997426630520620527e-01
8.414414414414413557e+01 9.997393187001213377e-01
8.432432432432432279e+01 9.997359645748647994e-01
8.450450450450449580e+01 9.997326009768465749e-01
8.468468468468468302e+01 9.997292282074053960e-01
8.486486486486485603e+01 9.997258465686384987e-01
8.504504504504504325e+01 9.997224563633776429e-01
8.522522522522523047e+01 9.997190578951564710e-01
8.540540540540538927e+01 9.997156514681860839e-01
8.558558558558557650e+01 9.997122373873265078e-01
8.576576576576576372e+01 9.997088159580571620e-01
8.594594594594595094e+01 9.997053874864524348e-01
8.612612612612610974e+01 9.997019522791531498e-01
8.630630630630629696e+01 9.996985106433351476e-01
8.648648648648648418e+01 9.996950628866857480e-01
8.666666666666667140e+01 9.996916093173746631e-01
8.684684684684685863e+01 9.996881502440235767e-01
8.702702702702701743e+01 9.996846859756828296e-01
8.720720720720720465e+01 9.996812168218002226e-01
8.738738738738739187e+01 9.996777430921927055e-01
8.756756756756755067e+01 9.996742650970219524e-01
8.774774774774773789e+01 9.996707831467609440e-01
8.792792792792792511e+01 9.996672975521725402e-01
8.810810810810809812e+01 9.996638086242753962e-01
8.828828828828828534e+01 9.996603166743197599e-01
8.846846846846845835e+01 9.996568220137603822e-01
8.864864864864863137e+01 9.996533249542226551e-01
8.882882882882883280e+01 9.996498258074826282e-01
8.900900900900900581e+01 9.996463248854324801e-01
8.918918918918919303e+01 9.996428225000572043e-01
8.936936936936936604e+01 9.996393189634021903e-01
8.954954954954953905e+01 9.996358145875515744e-01
8.972972972972972627e+01 9.996323096845939338e-01
8.990990990990991349e+01 9.996288045665983057e-01
9.009009009009007229e+01 9.996252995455846557e-01
9.027027027027025952e+01 9.996217949334977870e-01
9.045045045045044674e+01 9.996182910421773649e-01
9.063063063063061975e+01 9.996147881833332693e-01
9.081081081081079276e+01 9.996112866685139542e-01
9.099099099099097998e+01 9.996077868090821328e-01
9.117117117117116720e+01 9.996042889161856904e-01
9.135135135135135442e+01 9.996007933007300394e-01
9.153153153153152743e+01 9.995973002733510304e-01
9.171171171171170045e+01 9.995938101443891943e-01
9.189189189189188767e+01 9.995903232238558811e-01
9.207207207207206068e+01 9.995868398214161621e-01
9.225225225225224790e+01 9.995833602463523038e-01
9.243243243243243512e+01 9.995798848075412302e-01
9.261261261261259392e+01 9.995764138134254351e-01
9.279279279279278114e+01 9.995729475719874468e-01
9.297297297297296836e+01 9.995694863907222949e-01
9.315315315315312716e+01 9.995660305766094211e-01
9.333333333333331439e+01 9.995625804360865896e-01
9.351351351351351582e+01 9.995591362750217979e-01
9.369369369369368883e+01 9.995556983986908506e-01
9.387387387387387605e+01 9.995522671117437197e-01
9.405405405405406327e+01 9.995488427181827840e-01
9.423423423423422207e+01 9.995454255213377381e-01
9.441441441441440929e+01 9.995420158238313979e-01
9.459459459459459651e+01 9.995386139275627135e-01
9.477477477477476953e+01 9.995352201336744624e-01
9.495495495495494254e+01 9.995318347425281580e-01
9.513513513513512976e+01 9.995284580536790697e-01
9.531531531531530277e+01 9.995250903658509101e-01
9.549549549549548999e+01 9.995217319769053033e-01
9.567567567567567721e+01 9.995183831838225785e-01
9.585585585585585022e+01 9.995150442826709059e-01
9.603603603603603744e+01 9.995117155685827592e-01
9.621621621621621046e+01 9.995083973357292706e-01
9.639639639639639768e+01 9.995050898772938064e-01
9.657657657657658490e+01 9.995017934854483199e-01
9.675675675675674370e+01 9.994985084513273721e-01
9.693693693693693092e+01 9.994952350650002648e-01
9.711711711711711814e+01 9.994919736154537215e-01
9.729729729729727694e+01 9.994887243905566931e-01
9.747747747747746416e+01 9.994854876770442598e-01
9.765765765765765138e+01 9.994822637604889870e-01
9.783783783783782440e+01 9.994790529252746136e-01
9.801801801801799741e+01 9.994758554545771778e-01
9.819819819819818463e+01 9.994726716303360403e-01
9.837837837837837185e+01 9.994695017332324571e-01
9.855855855855855907e+01 9.994663460426614909e-01
9.873873873873873208e+01 9.994632048367151356e-01
9.891891891891890509e+01 9.994600783921508969e-01
9.909909909909909231e+01 9.994569669843734738e-01
9.927927927927926532e+01 9.994538708874096677e-01
9.945945945945945255e+01 9.994507903738837351e-01
9.963963963963963977e+01 9.994477257149972926e-01
9.981981981981979857e+01 9.994446771805021168e-01
9.999999999999998579e+01 9.994416450386792716e-01
1.001801801801801730e+02 9.994386295563184586e-01
1.003603603603603602e+02 9.994356309986915932e-01
1.005405405405405475e+02 9.994326496295322659e-01
1.007207207207207205e+02 9.994296857110143151e-01
1.009009009009008935e+02 9.994267395037271795e-01
1.010810810810810807e+02 9.994238112666542495e-01
1.012612612612612679e+02 9.994209012571546591e-01
1.014414414414414267e+02 9.994180097309354194e-01
1.016216216216216139e+02 9.994151369420359865e-01
1.018018018018018012e+02 9.994122831428022824e-01
1.019819819819819742e+02 9.994094485838675990e-01
1.021621621621621472e+02 9.994066335141318369e-01
1.023423423423423344e+02 9.994038381807366367e-01
1.025225225225225074e+02 9.994010628290518339e-01
1.027027027027027088e+02 9.993983077026478146e-01
1.028828828828828819e+02 9.993955730432793061e-01
1.030630630630630549e+02 9.993928590908627285e-01
1.032432432432432421e+02 9.993901660834572098e-01
1.034234234234234151e+02 9.993874942572460451e-01
1.036036036036036023e+02 9.993848438465127160e-01
1.037837837837837895e+02 9.993822150836256801e-01
1.039639639639639483e+02 9.993796081990178326e-01
1.041441441441441356e+02 9.993770234211633019e-01
1.043243243243243228e+02 9.993744609765666809e-01
1.045045045045044816e+02 9.993719210897347160e-01
1.046846846846846688e+02 9.993694039831644282e-01
1.048648648648648560e+02 9.993669098773204640e-01
1.050450450450450433e+02 9.993644389906205516e-01
1.052252252252252305e+02 9.993619915394127418e-01
1.054054054054053893e+02 9.993595677379628617e-01
1.055855855855855765e+02 9.993571677984303125e-01
1.057657657657657637e+02 9.993547919308563010e-01
1.059459459459459367e+02 9.993524403431424119e-01
1.061261261261261239e+02 9.993501132410368415e-01
1.063063063063062970e+02 9.993478108281141914e-01
1.064864864864864700e+02 9.993455333057587042e-01
1.066666666666666572e+02 9.993432808731507189e-01
1.068468468468468444e+02 9.993410537272471306e-01
1.070270270270270032e+02 9.993388520627670690e-01
1.072072072072071904e+02 9.993366760721738018e-01
1.073873873873873777e+02 9.993345259456605234e-01
1.075675675675675649e+02 9.993324018711338130e-01
1.077477477477477521e+02 9.993303040341992016e-01
1.079279279279279109e+02 9.993282326181430752e-01
1.081081081081080981e+02 9.993261878039236823e-01
1.082882882882882853e+02 9.993241697701463755e-01
1.084684684684684726e+02 9.993221786930597261e-01
1.086486486486486314e+02 9.993202147465328755e-01
1.088288288288288186e+02 9.993182781020473193e-01
1.090090090090090058e+02 9.993163689286760354e-01
1.091891891891891788e+02 9.993144873930759342e-01
1.093693693693693518e+02 9.993126336594713166e-01
1.095495495495495391e+02 9.993108078896409951e-01
1.097297297297297263e+02 9.993090102429037502e-01
1.099099099099099135e+02 9.993072408761065617e-01
1.100900900900900865e+02 9.993054999436133956e-01
1.102702702702702595e+02 9.993037875972867745e-01
1.104504504504504467e+02 9.993021039864836697e-01
1.106306306306306197e+02 9.993004492580355169e-01
1.108108108108108070e+02 9.992988235562417776e-01
1.109909909909909942e+02 9.992972270228550613e-01
1.111711711711711530e+02 9.992956597970693577e-01
1.113513513513513402e+02 9.992941220155129312e-01
1.115315315315315274e+02 9.992926138122296686e-01
1.117117117117116862e+02 9.992911353186757495e-01
1.118918918918919019e+02 9.992896866637046571e-01
1.120720720720720607e+02 9.992882679735567431e-01
1.122522522522522479e+02 9.992868793718520104e-01
1.124324324324324351e+02 9.992855209795759031e-01
1.126126126126125939e+02 9.992841929150718672e-01
1.127927927927927811e+02 9.992828952940329135e-01
1.129729729729729684e+02 9.992816282294886276e-01
1.131531531531531414e+02 9.992803918317986200e-01
1.133333333333333286e+02 9.992791862086427557e-01
1.135135135135135016e+02 9.992780114650132717e-01
1.136936936936936746e+02 9.992768677032050073e-01
1.138738738738738618e+02 9.992757550228079655e-01
1.140540540540540491e+02 9.992746735206973208e-01
1.142342342342342363e+02 9.992736232910303107e-01
1.144144144144144093e+02 9.992726044252315809e-01
1.145945945945945823e+02 9.992716170119930741e-01
1.147747747747747553e+02 9.992706611372615955e-01
1.149549549549549567e+02 9.992697368842324845e-01
1.151351351351351155e+02 9.992688443333468395e-01
1.153153153153153028e+02 9.992679835622801932e-01
1.154954954954955042e+02 9.992671546459388487e-01
1.156756756756756630e+02 9.992663576564529970e-01
1.158558558558558644e+02 9.992655926631704988e-01
1.160360360360360232e+02 9.992648597326537763e-01
1.162162162162162105e+02 9.992641589286702652e-01
1.163963963963963835e+02 9.992634903121907497e-01
1.165765765765765849e+02 9.992628539413822564e-01
1.167567567567567437e+02 9.992622498716047241e-01
1.169369369369369309e+02 9.992616781554062300e-01
1.171171171171171039e+02 9.992611388425185481e-01
1.172972972972972912e+02 9.992606319798528203e-01
1.174774774774774500e+02 9.992601576114965578e-01
1.176576576576576514e+02 9.992597157787084239e-01
1.178378378378378386e+02 9.992593065199183444e-01
1.180180180180180116e+02 9.992589298707197365e-01
1.181981981981981988e+02 9.992585858638700635e-01
1.183783783783783576e+02 9.992582745292873936e-01
1.185585585585585591e+02 9.992579958940481788e-01
1.187387387387387321e+02 9.992577499823839249e-01
1.189189189189189193e+02 9.992575368156784155e-01
1.190990990990990781e+02 9.992573564124712648e-01
1.192792792792792653e+02 9.992572087884500354e-01
1.194594594594594383e+02 9.992570939564520138e-01
1.196396396396396398e+02 9.992570119264625461e-01
1.198198198198198128e+02 9.992569627056155923e-01
1.199999999999999858e+02 9.992569462981906181e-01
1.201801801801801730e+02 9.992569627056155923e-01
1.203603603603603460e+02 9.992570119264625461e-01
1.205405405405405475e+02 9.992570939564520138e-01
1.207207207207207063e+02 9.992572087884500354e-01
1.209009009009008935e+02 9.992573564124715979e-01
1.210810810810810665e+02 9.992575368156789706e-01
1.212612612612612537e+02 9.992577499823839249e-01
1.214414414414414125e+02 9.992579958940481788e-01
1.216216216216216139e+02 9.992582745292873936e-01
1.218018018018017870e+02 9.992585858638700635e-01
1.219819819819819742e+02 9.992589298707197365e-01
1.221621621621621330e+02 9.992593065199183444e-01
1.223423423423423202e+02 9.992597157787086459e-01
1.225225225225225216e+02 9.992601576114963358e-01
1.227027027027026946e+02 9.992606319798528203e-01
1.228828828828828819e+02 9.992611388425185481e-01
1.230630630630630407e+02 9.992616781554062300e-01
1.232432432432432563e+02 9.992622498716047241e-01
1.234234234234234009e+02 9.992628539413822564e-01
1.236036036036036023e+02 9.992634903121907497e-01
1.237837837837837753e+02 9.992641589286709314e-01
1.239639639639639483e+02 9.992648597326541093e-01
1.241441441441441214e+02 9.992655926631708319e-01
1.243243243243243228e+02 9.992663576564529970e-01
1.245045045045044958e+02 9.992671546459388487e-01
1.246846846846846830e+02 9.992679835622801932e-01
1.248648648648648560e+02 9.992688443333468395e-01
1.250450450450450290e+02 9.992697368842322625e-01
1.252252252252252305e+02 9.992706611372615955e-01
1.254054054054054035e+02 9.992716170119930741e-01
1.255855855855855907e+02 9.992726044252315809e-01
1.257657657657657495e+02 9.992736232910303107e-01
1.259459459459459367e+02 9.992746735206973208e-01
1.261261261261261097e+02 9.992757550228079655e-01
1.263063063063063112e+02 9.992768677032050073e-01
1.264864864864864700e+02 9.992780114650130496e-01
1.266666666666666572e+02 9.992791862086427557e-01
1.268468468468468444e+02 9.992803918317986200e-01
1.270270270270270174e+02 9.992816282294886276e-01
1.272072072072072189e+02 9.992828952940329135e-01
1.273873873873873777e+02 9.992841929150720892e-01
1.275675675675675649e+02 9.992855209795759031e-01
1.277477477477477379e+02 9.992868793718520104e-01
1.279279279279279251e+02 9.992882679735564100e-01
1.281081081081080981e+02 9.992896866637046571e-01
1.282882882882882996e+02 9.992911353186757495e-01
1.284684684684684441e+02 9.992926138122296686e-01
1.286486486486486456e+02 9.992941220155129312e-01
1.288288288288288186e+02 9.992956597970696908e-01
1.290090090090089916e+02 9.992972270228552834e-01
1.291891891891891930e+02 9.992988235562417776e-01
1.293693693693693660e+02 9.993004492580355169e-01
1.295495495495495391e+02 9.993021039864836697e-01
1.297297297297297121e+02 9.993037875972867745e-01
1.299099099099099135e+02 9.993054999436133956e-01
1.300900900900900581e+02 9.993072408761067837e-01
1.302702702702702595e+02 9.993090102429037502e-01
1.304504504504504325e+02 9.993108078896409951e-01
1.306306306306306340e+02 9.993126336594715386e-01
1.308108108108107785e+02 9.993144873930759342e-01
1.309909909909909800e+02 9.993163689286763685e-01
1.311711711711711530e+02 9.993182781020473193e-01
1.313513513513513544e+02 9.993202147465328755e-01
1.315315315315315274e+02 9.993221786930600592e-01
1.317117117117117004e+02 9.993241697701463755e-01
1.318918918918919019e+02 9.993261878039236823e-01
1.320720720720720749e+02 9.993282326181434083e-01
1.322522522522522479e+02 9.993303040341992016e-01
1.324324324324324209e+02 9.993324018711341461e-01
1.326126126126125939e+02 9.993345259456605234e-01
1.327927927927927669e+02 9.993366760721738018e-01
1.329729729729729684e+02 9.993388520627670690e-01
1.331531531531531414e+02 9.993410537272471306e-01
1.333333333333333144e+02 9.993432808731509409e-01
1.335135135135134874e+02 9.993455333057587042e-01
1.336936936936936888e+02 9.993478108281141914e-01
1.338738738738738903e+02 9.993501132410368415e-01
1.340540540540540633e+02 9.993524403431424119e-01
1.342342342342342363e+02 9.993547919308563010e-01
1.344144144144144093e+02 9.993571677984308677e-01
1.345945945945945823e+02 9.993595677379628617e-01
1.347747747747747553e+02 9.993619915394127418e-01
1.349549549549549567e+02 9.993644389906205516e-01
1.351351351351351298e+02 9.993669098773204640e-01
1.353153153153153028e+02 9.993694039831644282e-01
1.354954954954954758e+02 9.993719210897347160e-01
1.356756756756756488e+02 9.993744609765666809e-01
1.358558558558558218e+02 9.993770234211635239e-01
1.360360360360360232e+02 9.993796081990178326e-01
1.362162162162162247e+02 9.993822150836256801e-01
1.363963963963963977e+02 9.993848438465127160e-01
1.365765765765765707e+02 9.993874942572460451e-01
1.367567567567567437e+02 9.993901660834572098e-01
1.369369369369369451e+02 9.993928590908632836e-01
1.371171171171171181e+02 9.993955730432793061e-01
1.372972972972972912e+02 9.993983077026478146e-01
1.374774774774774642e+02 9.994010628290518339e-01
1.376576576576576656e+02 9.994038381807368587e-01
1.378378378378378102e+02 9.994066335141315038e-01
1.380180180180180116e+02 9.994094485838679320e-01
1.381981981981981846e+02 9.994122831428026155e-01
1.383783783783783576e+02 9.994151369420363196e-01
1.385585585585585591e+02 9.994180097309357524e-01
1.387387387387387321e+02 9.994209012571546591e-01
1.389189189189189335e+02 9.994238112666545826e-01
1.390990990990990781e+02 9.994267395037271795e-01
1.392792792792792795e+02 9.994296857110146481e-01
1.394594594594594525e+02 9.994326496295325990e-01
1.396396396396396540e+02 9.994356309986915932e-01
1.398198198198197986e+02 9.994386295563187916e-01
1.400000000000000000e+02 9.994416450386792716e-01
1.401801801801801730e+02 9.994446771805024499e-01
1.403603603603603460e+02 9.994477257149972926e-01
1.405405405405405190e+02 9.994507903738842902e-01
1.407207207207207205e+02 9.994538708874100008e-01
1.409009009009008935e+02 9.994569669843738069e-01
1.410810810810810665e+02 9.994600783921508969e-01
1.412612612612612679e+02 9.994632048367151356e-01
1.414414414414414125e+02 9.994663460426614909e-01
1.416216216216216139e+02 9.994695017332324571e-01
1.418018018018017870e+02 9.994726716303363734e-01
1.419819819819819884e+02 9.994758554545777329e-01
1.421621621621621330e+02 9.994790529252746136e-01
1.423423423423423344e+02 9.994822637604889870e-01
1.425225225225225074e+02 9.994854876770449259e-01
1.427027027027027088e+02 9.994887243905570262e-01
1.428828828828828534e+02 9.994919736154537215e-01
1.430630630630630549e+02 9.994952350650004869e-01
1.432432432432432279e+02 9.994985084513277052e-01
1.434234234234234009e+02 9.995017934854486530e-01
1.436036036036036023e+02 9.995050898772943615e-01
1.437837837837837753e+02 9.995083973357294926e-01
1.439639639639639483e+02 9.995117155685827592e-01
1.441441441441441214e+02 9.995150442826709059e-01
1.443243243243243228e+02 9.995183831838228006e-01
1.445045045045044674e+02 9.995217319769055253e-01
1.446846846846846688e+02 9.995250903658509101e-01
1.448648648648648418e+02 9.995284580536790697e-01
1.450450450450450433e+02 9.995318347425281580e-01
1.452252252252251878e+02 9.995352201336744624e-01
1.454054054054054177e+02 9.995386139275627135e-01
1.455855855855855907e+02 9.995420158238317310e-01
1.457657657657657637e+02 9.995454255213377381e-01
1.459459459459459367e+02 9.995488427181831170e-01
1.461261261261261097e+02 9.995522671117437197e-01
1.463063063063063112e+02 9.995556983986911836e-01
1.464864864864864842e+02 9.995591362750223530e-01
1.466666666666666572e+02 9.995625804360865896e-01
1.468468468468468302e+02 9.995660305766094211e-01
1.470270270270270032e+02 9.995694863907222949e-01
1.472072072072071762e+02 9.995729475719874468e-01
1.473873873873873777e+02 9.995764138134254351e-01
1.475675675675675507e+02 9.995798848075412302e-01
1.477477477477477521e+02 9.995833602463528589e-01
1.479279279279279251e+02 9.995868398214161621e-01
1.481081081081080981e+02 9.995903232238555480e-01
1.482882882882882996e+02 9.995938101443891943e-01
1.484684684684684726e+02 9.995973002733513635e-01
1.486486486486486456e+02 9.996007933007300394e-01
1.488288288288288186e+02 9.996042889161856904e-01
1.490090090090089916e+02 9.996077868090824659e-01
1.491891891891891646e+02 9.996112866685139542e-01
1.493693693693693660e+02 9.996147881833332693e-01
1.495495495495495391e+02 9.996182910421776979e-01
1.497297297297297121e+02 9.996217949334977870e-01
1.499099099099098851e+02 9.996252995455843227e-01
1.500900900900900581e+02 9.996288045665983057e-01
1.502702702702702879e+02 9.996323096845942668e-01
1.504504504504504325e+02 9.996358145875519075e-01
1.506306306306306340e+02 9.996393189634021903e-01
1.508108108108108070e+02 9.996428225000572043e-01
1.509909909909909800e+02 9.996463248854324801e-01
1.511711711711711530e+02 9.996498258074826282e-01
1.513513513513513544e+02 9.996533249542233213e-01
1.515315315315315274e+02 9.996568220137607153e-01
1.517117117117117004e+02 9.996603166743200930e-01
1.518918918918918735e+02 9.996638086242756183e-01
1.520720720720720465e+02 9.996672975521727622e-01
1.522522522522522479e+02 9.996707831467612770e-01
1.524324324324324209e+02 9.996742650970219524e-01
1.526126126126126223e+02 9.996777430921932606e-01
1.527927927927927669e+02 9.996812168218008887e-01
1.529729729729729684e+02 9.996846859756833847e-01
1.531531531531531414e+02 9.996881502440241318e-01
1.533333333333333428e+02 9.996916093173746631e-01
1.535135135135134874e+02 9.996950628866864141e-01
1.536936936936936888e+02 9.996985106433354806e-01
1.538738738738738618e+02 9.997019522791533719e-01
1.540540540540540633e+02 9.997053874864527678e-01
1.542342342342342079e+02 9.997088159580571620e-01
1.544144144144144093e+02 9.997122373873261747e-01
1.545945945945945823e+02 9.997156514681866391e-01
1.547747747747747553e+02 9.997190578951570261e-01
1.549549549549549567e+02 9.997224563633778649e-01
1.551351351351351298e+02 9.997258465686384987e-01
1.553153153153153028e+02 9.997292282074057290e-01
1.554954954954954758e+02 9.997326009768471300e-01
1.556756756756756772e+02 9.997359645748651324e-01
1.558558558558558218e+02 9.997393187001215598e-01
1.560360360360360232e+02 9.997426630520620527e-01
1.562162162162161962e+02 9.997459973309508197e-01
1.563963963963963977e+02 9.997493212378890659e-01
1.565765765765765423e+02 9.997526344748506322e-01
1.567567567567567437e+02 9.997559367447035328e-01
1.569369369369369451e+02 9.997592277512419301e-01
1.571171171171171181e+02 9.997625071992068957e-01
1.572972972972972912e+02 9.997657747943222706e-01
1.574774774774774642e+02 9.997690302433127618e-01
1.576576576576576372e+02 9.997722732539355839e-01
1.578378378378378102e+02 9.997755035350083253e-01
1.580180180180180116e+02 9.997787207964330403e-01
1.581981981981981846e+02 9.997819247492250039e-01
1.583783783783783576e+02 9.997851151055379137e-01
1.585585585585585306e+02 9.997882915786896474e-01
1.587387387387387321e+02 9.997914538831925713e-01
1.589189189189188767e+02 9.997946017347768555e-01
1.590990990990991065e+02 9.997977348504166750e-01
1.592792792792792795e+02 9.998008529483569662e-01
1.594594594594594525e+02 9.998039557481408490e-01
1.596396396396396256e+02 9.998070429706338302e-01
1.598198198198197986e+02 9.998101143380502265e-01
1.600000000000000000e+02 9.998131695739801428e-01
1.601801801801801730e+02 9.998162084034121211e-01
1.603603603603603460e+02 9.998192305527630053e-01
1.605405405405405190e+02 9.998222357499001456e-01
1.607207207207207205e+02 9.998252237241664897e-01
1.609009009009008935e+02 9.998281942064100036e-01
1.610810810810810665e+02 9.998311469290025455e-01
1.612612612612612395e+02 9.998340816258705077e-01
1.614414414414414125e+02 9.998369980325159112e-01
1.616216216216216424e+02 9.998398958860429397e-01
1.618018018018017870e+02 9.998427749251824759e-01
1.619819819819819884e+02 9.998456348903148605e-01
1.621621621621621614e+02 9.998484755234974264e-01
1.623423423423423344e+02 9.998512965684844822e-01
1.625225225225225074e+02 9.998540977707545130e-01
1.627027027027027088e+02 9.998568788775351601e-01
1.628828828828828819e+02 9.998596396378204298e-01
1.630630630630630264e+02 9.998623798024033338e-01
1.632432432432432279e+02 9.998650991238913210e-01
1.634234234234234009e+02 9.998677973567351440e-01
1.636036036036036023e+02 9.998704742572485094e-01
1.637837837837837753e+02 9.998731295836336130e-01
1.639639639639639768e+02 9.998757630960007914e-01
1.641441441441441214e+02 9.998783745563946113e-01
1.643243243243243228e+02 9.998809637288130769e-01
1.645045045045044958e+02 9.998835303792338314e-01
1.646846846846846688e+02 9.998860742756321418e-01
1.648648648648648418e+02 9.998885951880044365e-01
1.650450450450450433e+02 9.998910928883913973e-01
1.652252252252252163e+02 9.998935671508972778e-01
1.654054054054054177e+02 9.998960177517138836e-01
1.655855855855855623e+02 9.998984444691385587e-01
1.657657657657657353e+02 9.999008470835984985e-01
1.659459459459459367e+02 9.999032253776689583e-01
1.661261261261261097e+02 9.999055791360949019e-01
1.663063063063063112e+02 9.999079081458122076e-01
1.664864864864864842e+02 9.999102121959669853e-01
1.666666666666666572e+02 9.999124910779351172e-01
1.668468468468468302e+02 9.999147445853436844e-01
1.670270270270270316e+02 9.999169725140893972e-01
1.672072072072071762e+02 9.999191746623575794e-01
1.673873873873873777e+02 9.999213508306433740e-01
1.675675675675675507e+02 9.999235008217685072e-01
1.677477477477477521e+02 9.999256244409033823e-01
1.679279279279278967e+02 9.999277214955790694e-01
1.681081081081081265e+02 9.999297917957137294e-01
1.682882882882882711e+02 9.999318351536254923e-01
1.684684684684684441e+02 9.999338513840522191e-01
1.686486486486486456e+02 9.999358403041689325e-01
1.688288288288288186e+02 9.999378017336059132e-01
1.690090090090089916e+02 9.999397354944635774e-01
1.691891891891891930e+02 9.999416414113326823e-01
1.693693693693693660e+02 9.999435193113094256e-01
1.695495495495495106e+02 9.999453690240117654e-01
1.697297297297297121e+02 9.999471903815970730e-01
1.699099099099098851e+02 9.999489832187754557e-01
1.700900900900900865e+02 9.999507473728312945e-01
1.702702702702702595e+02 9.999524826836305724e-01
1.704504504504504609e+02 9.999541889936434114e-01
1.706306306306306055e+02 9.999558661479569510e-01
1.708108108108107785e+02 9.999575139942880053e-01
1.709909909909910084e+02 9.999591323830002709e-01
1.711711711711711530e+02 9.999607211671178719e-01
1.713513513513513260e+02 9.999622802023406809e-01
1.715315315315315274e+02 9.999638093470560873e-01
1.717117117117117004e+02 9.999653084623529864e-01
1.718918918918919019e+02 9.999667774120372110e-01
1.720720720720720749e+02 9.999682160626417460e-01
1.722522522522522195e+02 9.999696242834418269e-01
1.724324324324324209e+02 9.999710019464681521e-01
1.726126126126125939e+02 9.999723489265150977e-01
1.727927927927927669e+02 9.999736651011570387e-01
1.729729729729729684e+02 9.999749503507587844e-01
1.731531531531531414e+02 9.999762045584864589e-01
1.733333333333333428e+02 9.999774276103196025e-01
1.735135135135134874e+02 9.999786193950620516e-01
1.736936936936937173e+02 9.999797798043515984e-01
1.738738738738738618e+02 9.999809087326725354e-01
1.740540540540540349e+02 9.999820060773638719e-01
1.742342342342342363e+02 9.999830717386298806e-01
1.744144144144144093e+02 9.999841056195506450e-01
1.745945945945945539e+02 9.999851076260906080e-01
1.747747747747747837e+02 9.999860776671062323e-01
1.749549549549549283e+02 9.999870156543591015e-01
1.751351351351351013e+02 9.999879215025193613e-01
1.753153153153153028e+02 9.999887951291767108e-01
1.754954954954954758e+02 9.999896364548490624e-01
1.756756756756756772e+02 9.999904454029880929e-01
1.758558558558558502e+02 9.999912218999876812e-01
1.760360360360360517e+02 9.999919658751919016e-01
1.762162162162161962e+02 9.999926772609002423e-01
1.763963963963963693e+02 9.999933559923751547e-01
1.765765765765765707e+02 9.999940020078479375e-01
1.767567567567567437e+02 9.999946152485253981e-01
1.769369369369369167e+02 9.999951956585952928e-01
1.771171171171171181e+02 9.999957431852297685e-01
1.772972972972972627e+02 9.999962577785939111e-01
1.774774774774774357e+02 9.999967393918487435e-01
1.776576576576576656e+02 9.999971879811547781e-01
1.778378378378378102e+02 9.999976035056793444e-01
1.780180180180180116e+02 9.999979859275961447e-01
1.781981981981981846e+02 9.999983352120926927e-01
1.783783783783783861e+02 9.999986513273724231e-01
1.785585585585585306e+02 9.999989342446580221e-01
1.787387387387387321e+02 9.999991839381935366e-01
1.789189189189189051e+02 9.999994003852463731e-01
1.790990990990990781e+02 9.999995835661108501e-01
1.792792792792792511e+02 9.999997334641115287e-01
1.794594594594594525e+02 9.999998500655997713e-01
1.796396396396395971e+02 9.999999333599604023e-01
1.798198198198198270e+02 9.999999833396108206e-01
1.800000000000000000e+02 1.000000000000000000e+00
