# Theta(deg)	State0	State1	State2	State3
0.000000	0.000000000000	-0.000000000000	-0.000000000000	0.000000000000
0.360288	0.000000000000	-0.003144107940	-0.003144107940	0.000000000000
0.720576	0.000000000000	-0.006288215880	-0.006288215880	0.000000000000
1.080865	0.000000000000	-0.009432323820	-0.009432323820	0.000000000000
1.441153	0.000000000000	-0.012576431760	-0.012576431760	0.000000000000
1.801441	0.000000000000	-0.015720539700	-0.015720539700	0.000000000000
2.161729	0.000000000000	-0.018864647640	-0.018864647640	0.000000000000
2.522018	0.000000000000	-0.022008755580	-0.022008755580	0.000000000000
2.882306	0.000000000000	-0.025152863520	-0.025152863520	0.000000000000
3.242594	0.000000000000	-0.028296971459	-0.028296971459	0.000000000000
3.602882	0.000000000000	-0.031441079399	-0.031441079399	0.000000000000
3.963171	0.000000000000	-0.034585187339	-0.034585187339	0.000000000000
4.323459	0.000000000000	-0.037729295279	-0.037729295279	0.000000000000
4.683747	0.000000000000	-0.040873403219	-0.040873403219	0.000000000000
5.044035	0.000000000000	-0.044017511159	-0.044017511159	0.000000000000
5.404323	0.000000000000	-0.047161619099	-0.047161619099	0.000000000000
5.764612	0.000000000000	-0.050305727039	-0.050305727039	0.000000000000
6.124900	0.000000000000	-0.053449834979	-0.053449834979	0.000000000000
6.485188	0.000000000000	-0.056593942919	-0.056593942919	0.000000000000
6.845476	0.000000000000	-0.059738050859	-0.059738050859	0.000000000000
7.205765	0.000000000000	-0.062882158799	-0.062882158799	0.000000000000
7.566053	0.000000000000	-0.066026266739	-0.066026266739	0.000000000000
7.926341	0.000000000000	-0.069170374679	-0.069170374679	0.000000000000
8.286629	0.000000000000	-0.072314482619	-0.072314482619	0.000000000000
8.646918	0.000000000000	-0.075458590559	-0.075458590559	0.000000000000
9.007206	0.000000000000	-0.078602698499	-0.078602698499	0.000000000000
9.367494	0.000000000000	-0.081746806438	-0.081746806438	0.000000000000
9.727782	0.000000000000	-0.084890914378	-0.084890914378	0.000000000000
10.088070	0.000000000000	-0.088035022318	-0.088035022318	0.000000000000
10.448359	0.000000000000	-0.091179130258	-0.091179130258	0.000000000000
10.808647	0.000000000000	-0.094323238198	-0.094323238198	0.000000000000
11.168935	0.000000000000	-0.097467346138	-0.097467346138	0.000000000000
11.529223	0.000000000000	-0.100611454078	-0.100611454078	0.000000000000
11.889512	0.000000000000	-0.103755562018	-0.103755562018	0.000000000000
12.249800	0.000000000000	-0.106899669958	-0.106899669958	0.000000000000
12.610088	0.000000000000	-0.110043777898	-0.110043777898	0.000000000000
12.970376	0.000000000000	-0.113187885838	-0.113187885838	0.000000000000
13.330665	0.000000000000	-0.116331993778	-0.116331993778	0.000000000000
13.690953	0.000000000000	-0.119476101718	-0.119476101718	0.000000000000
14.051241	0.000000000000	-0.122620209658	-0.122620209658	0.000000000000
14.411529	0.000000000000	-0.125764317598	-0.125764317598	0.000000000000
14.771817	0.000000000000	-0.128908425538	-0.128908425538	0.000000000000
15.132106	0.000000000000	-0.132052533478	-0.132052533478	0.000000000000
15.492394	0.000000000000	-0.135196641417	-0.135196641417	0.000000000000
15.852682	0.000000000000	-0.138340749357	-0.138340749357	0.000000000000
16.212970	0.000000000000	-0.141484857297	-0.141484857297	0.000000000000
16.573259	0.000000000000	-0.144628965237	-0.144628965237	0.000000000000
16.933547	0.000000000000	-0.147773073177	-0.147773073177	0.000000000000
17.293835	0.000000000000	-0.150917181117	-0.150917181117	0.000000000000
17.654123	0.000000000000	-0.154061289057	-0.154061289057	0.000000000000
18.014412	0.000000000000	-0.157205396997	-0.157205396997	0.000000000000
18.374700	0.000000000000	-0.160349504937	-0.160349504937	0.000000000000
18.734988	0.000000000000	-0.163493612877	-0.163493612877	0.000000000000
19.095276	0.000000000000	-0.166637720817	-0.166637720817	0.000000000000
19.455564	0.000000000000	-0.169781828757	-0.169781828757	0.000000000000
19.815853	0.000000000000	-0.172925936697	-0.172925936697	0.000000000000
20.176141	0.000000000000	-0.176070044637	-0.176070044637	0.000000000000
20.536429	0.000000000000	-0.179214152577	-0.179214152577	0.000000000000
20.896717	0.000000000000	-0.182358260517	-0.182358260517	0.000000000000
21.257006	0.000000000000	-0.185502368457	-0.185502368457	0.000000000000
21.617294	0.000000000000	-0.188646476397	-0.188646476397	0.000000000000
21.977582	0.000000000000	-0.191790584336	-0.191790584336	0.000000000000
22.337870	0.000000000000	-0.194934692276	-0.194934692276	0.000000000000
22.698159	0.000000000000	-0.198078800216	-0.198078800216	0.000000000000
23.058447	0.000000000000	-0.201222908156	-0.201222908156	0.000000000000
23.418735	0.000000000000	-0.204367016096	-0.204367016096	0.000000000000
23.779023	0.000000000000	-0.207511124036	-0.207511124036	0.000000000000
24.139311	0.000000000000	-0.210655231976	-0.210655231976	0.000000000000
24.499600	0.000000000000	-0.213799339916	-0.213799339916	0.000000000000
24.859888	0.000000000000	-0.216943447856	-0.216943447856	0.000000000000
25.220176	0.000000000000	-0.220087555796	-0.220087555796	0.000000000000
25.580464	0.000000000000	-0.223231663736	-0.223231663736	0.000000000000
25.940753	0.000000000000	-0.226375771676	-0.226375771676	0.000000000000
26.301041	0.000000000000	-0.229519879616	-0.229519879616	0.000000000000
26.661329	0.000000000000	-0.232663987556	-0.232663987556	0.000000000000
27.021617	0.000000000000	-0.235808095496	-0.235808095496	0.000000000000
27.381906	0.000000000000	-0.238952203436	-0.238952203436	0.000000000000
27.742194	0.000000000000	-0.242096311376	-0.242096311376	0.000000000000
28.102482	0.000000000000	-0.245240419315	-0.245240419315	0.000000000000
28.462770	0.000000000000	-0.248384527255	-0.248384527255	0.000000000000
28.823058	0.000000000000	-0.251528635195	-0.251528635195	0.000000000000
29.183347	0.000000000000	-0.254672743135	-0.254672743135	0.000000000000
29.543635	0.000000000000	-0.257816851075	-0.257816851075	0.000000000000
29.903923	0.000000000000	-0.260960959015	-0.260960959015	0.000000000000
30.264211	0.000000000000	-0.264105066955	-0.264105066955	0.000000000000
30.624500	0.000000000000	-0.267249174895	-0.267249174895	0.000000000000
30.984788	0.000000000000	-0.270393282835	-0.270393282835	0.000000000000
31.345076	0.000000000000	-0.273537390775	-0.273537390775	0.000000000000
31.705364	0.000000000000	-0.276681498715	-0.276681498715	0.000000000000
32.065653	0.000000000000	-0.279825606655	-0.279825606655	0.000000000000
32.425941	0.000000000000	-0.282969714595	-0.282969714595	0.000000000000
32.786229	0.000000000000	-0.286113822535	-0.286113822535	0.000000000000
33.146517	0.000000000000	-0.289257930475	-0.289257930475	0.000000000000
33.506805	0.000000000000	-0.292402038415	-0.292402038415	0.000000000000
33.867094	0.000000000000	-0.295546146355	-0.295546146355	0.000000000000
34.227382	0.000000000000	-0.298690254294	-0.298690254294	0.000000000000
34.587670	0.000000000000	-0.301834362234	-0.301834362234	0.000000000000
34.947958	0.000000000000	-0.304978470174	-0.304978470174	0.000000000000
35.308247	0.000000000000	-0.308122578114	-0.308122578114	0.000000000000
35.668535	0.000000000000	-0.311266686054	-0.311266686054	0.000000000000
36.028823	0.000000000000	-0.314410793994	-0.314410793994	0.000000000000
36.389111	0.000000000000	-0.317554901934	-0.317554901934	0.000000000000
36.749400	0.000000000000	-0.320699009874	-0.320699009874	0.000000000000
37.109688	0.000000000000	-0.323843117814	-0.323843117814	0.000000000000
37.469976	0.000000000000	-0.326987225754	-0.326987225754	0.000000000000
37.830264	0.000000000000	-0.330131333694	-0.330131333694	0.000000000000
38.190552	0.000000000000	-0.333275441634	-0.333275441634	0.000000000000
38.550841	0.000000000000	-0.336419549574	-0.336419549574	0.000000000000
38.911129	0.000000000000	-0.339563657514	-0.339563657514	0.000000000000
39.271417	0.000000000000	-0.342707765454	-0.342707765454	0.000000000000
39.631705	0.000000000000	-0.345851873394	-0.345851873394	0.000000000000
39.991994	0.000000000000	-0.348995981334	-0.348995981334	0.000000000000
40.352282	0.000000000000	-0.352140089273	-0.352140089273	0.000000000000
40.712570	0.000000000000	-0.355284197213	-0.355284197213	0.000000000000
41.072858	0.000000000000	-0.358428305153	-0.358428305153	0.000000000000
41.433147	0.000000000000	-0.361572413093	-0.361572413093	0.000000000000
41.793435	0.000000000000	-0.364716521033	-0.364716521033	0.000000000000
42.153723	0.000000000000	-0.367860628973	-0.367860628973	0.000000000000
42.514011	0.000000000000	-0.371004736913	-0.371004736913	0.000000000000
42.874299	0.000000000000	-0.374148844853	-0.374148844853	0.000000000000
43.234588	0.000000000000	-0.377292952793	-0.377292952793	0.000000000000
43.594876	0.000000000000	-0.380437060733	-0.380437060733	0.000000000000
43.955164	0.000000000000	-0.383581168673	-0.383581168673	0.000000000000
44.315452	0.000000000000	-0.386725276613	-0.386725276613	0.000000000000
44.675741	0.000000000000	-0.389869384553	-0.389869384553	0.000000000000
45.036029	0.000000000000	-0.393013492493	-0.393013492493	0.000000000000
45.396317	0.000000000000	-0.396157600433	-0.396157600433	0.000000000000
45.756605	0.000000000000	-0.399301708373	-0.399301708373	0.000000000000
46.116894	0.000000000000	-0.402445816313	-0.402445816313	0.000000000000
46.477182	0.000000000000	-0.405589924252	-0.405589924252	0.000000000000
46.837470	0.000000000000	-0.408734032192	-0.408734032192	0.000000000000
47.197758	0.000000000000	-0.411878140132	-0.411878140132	0.000000000000
47.558046	0.000000000000	-0.415022248072	-0.415022248072	0.000000000000
47.918335	0.000000000000	-0.418166356012	-0.418166356012	0.000000000000
48.278623	0.000000000000	-0.421310463952	-0.421310463952	0.000000000000
48.638911	0.000000000000	-0.424454571892	-0.424454571892	0.000000000000
48.999199	0.000000000000	-0.427598679832	-0.427598679832	0.000000000000
49.359488	0.000000000000	-0.430742787772	-0.430742787772	0.000000000000
49.719776	0.000000000000	-0.433886895712	-0.433886895712	0.000000000000
50.080064	0.000000000000	-0.437031003652	-0.437031003652	0.000000000000
50.440352	0.000000000000	-0.440175111592	-0.440175111592	0.000000000000
50.800641	0.000000000000	-0.443319219532	-0.443319219532	0.000000000000
51.160929	0.000000000000	-0.446463327472	-0.446463327472	0.000000000000
51.521217	0.000000000000	-0.449607435412	-0.449607435412	0.000000000000
51.881505	0.000000000000	-0.452751543352	-0.452751543352	0.000000000000
52.241793	0.000000000000	-0.455895651292	-0.455895651292	0.000000000000
52.602082	0.000000000000	-0.459039759231	-0.459039759231	0.000000000000
52.962370	0.000000000000	-0.462183867171	-0.462183867171	0.000000000000
53.322658	0.000000000000	-0.465327975111	-0.465327975111	0.000000000000
53.682946	0.000000000000	-0.468472083051	-0.468472083051	0.000000000000
54.043235	0.000000000000	-0.471616190991	-0.471616190991	0.000000000000
54.403523	0.000000000000	-0.474760298931	-0.474760298931	0.000000000000
54.763811	0.000000000000	-0.477904406871	-0.477904406871	0.000000000000
55.124099	0.000000000000	-0.481048514811	-0.481048514811	0.000000000000
55.484388	0.000000000000	-0.484192622751	-0.484192622751	0.000000000000
55.844676	0.000000000000	-0.487336730691	-0.487336730691	0.000000000000
56.204964	0.000000000000	-0.490480838631	-0.490480838631	0.000000000000
56.565252	0.000000000000	-0.493624946571	-0.493624946571	0.000000000000
56.925540	0.000000000000	-0.496769054511	-0.496769054511	0.000000000000
57.285829	0.000000000000	-0.499913162451	-0.499913162451	0.000000000000
57.646117	0.000000000000	-0.503057270391	-0.503057270391	0.000000000000
58.006405	0.000000000000	-0.506201378331	-0.506201378331	0.000000000000
58.366693	0.000000000000	-0.509345486271	-0.509345486271	0.000000000000
58.726982	0.000000000000	-0.512489594211	-0.512489594211	0.000000000000
59.087270	0.000000000000	-0.515633702150	-0.515633702150	0.000000000000
59.447558	0.000000000000	-0.518777810090	-0.518777810090	0.000000000000
59.807846	0.000000000000	-0.521921918030	-0.521921918030	0.000000000000
60.168135	0.000000000000	-0.525066025970	-0.525066025970	0.000000000000
60.528423	0.000000000000	-0.528210133910	-0.528210133910	0.000000000000
60.888711	0.000000000000	-0.531354241850	-0.531354241850	0.000000000000
61.248999	0.000000000000	-0.534498349790	-0.534498349790	0.000000000000
61.609287	0.000000000000	-0.537642457730	-0.537642457730	0.000000000000
61.969576	0.000000000000	-0.540786565670	-0.540786565670	0.000000000000
62.329864	0.000000000000	-0.543930673610	-0.543930673610	0.000000000000
62.690152	0.000000000000	-0.547074781550	-0.547074781550	0.000000000000
63.050440	0.000000000000	-0.550218889490	-0.550218889490	0.000000000000
63.410729	0.000000000000	-0.553362997430	-0.553362997430	0.000000000000
63.771017	0.000000000000	-0.556507105370	-0.556507105370	0.000000000000
64.131305	0.000000000000	-0.559651213310	-0.559651213310	0.000000000000
64.491593	0.000000000000	-0.562795321250	-0.562795321250	0.000000000000
64.851882	0.000000000000	-0.565939429190	-0.565939429190	0.000000000000
65.212170	0.000000000000	-0.569083537129	-0.569083537129	0.000000000000
65.572458	0.000000000000	-0.572227645069	-0.572227645069	0.000000000000
65.932746	0.000000000000	-0.575371753009	-0.575371753009	0.000000000000
66.293034	0.000000000000	-0.578515860949	-0.578515860949	0.000000000000
66.653323	0.000000000000	-0.581659968889	-0.581659968889	0.000000000000
67.013611	0.000000000000	-0.584804076829	-0.584804076829	0.000000000000
67.373899	0.000000000000	-0.587948184769	-0.587948184769	0.000000000000
67.734187	0.000000000000	-0.591092292709	-0.591092292709	0.000000000000
68.094476	0.000000000000	-0.594236400649	-0.594236400649	0.000000000000
68.454764	0.000000000000	-0.597380508589	-0.597380508589	0.000000000000
68.815052	0.000000000000	-0.600524616529	-0.600524616529	0.000000000000
69.175340	0.000000000000	-0.603668724469	-0.603668724469	0.000000000000
69.535629	0.000000000000	-0.606812832409	-0.606812832409	0.000000000000
69.895917	0.000000000000	-0.609956940349	-0.609956940349	0.000000000000
70.256205	0.000000000000	-0.613101048289	-0.613101048289	0.000000000000
70.616493	0.000000000000	-0.616245156229	-0.616245156229	0.000000000000
70.976781	0.000000000000	-0.619389264169	-0.619389264169	0.000000000000
71.337070	0.000000000000	-0.622533372108	-0.622533372108	0.000000000000
71.697358	0.000000000000	-0.625677480048	-0.625677480048	0.000000000000
72.057646	0.000000000000	-0.628821587988	-0.628821587988	0.000000000000
72.417934	0.000000000000	-0.631965695928	-0.631965695928	0.000000000000
72.778223	0.000000000000	-0.635109803868	-0.635109803868	0.000000000000
73.138511	0.000000000000	-0.638253911808	-0.638253911808	0.000000000000
73.498799	0.000000000000	-0.641398019748	-0.641398019748	0.000000000000
73.859087	0.000000000000	-0.644542127688	-0.644542127688	0.000000000000
74.219376	0.000000000000	-0.647686235628	-0.647686235628	0.000000000000
74.579664	0.000000000000	-0.650830343568	-0.650830343568	0.000000000000
74.939952	0.000000000000	-0.653974451508	-0.653974451508	0.000000000000
75.300240	0.000000000000	-0.657118559448	-0.657118559448	0.000000000000
75.660528	0.000000000000	-0.660262667388	-0.660262667388	0.000000000000
76.020817	0.000000000000	-0.663406775328	-0.663406775328	0.000000000000
76.381105	0.000000000000	-0.666550883268	-0.666550883268	0.000000000000
76.741393	0.000000000000	-0.669694991208	-0.669694991208	0.000000000000
77.101681	0.000000000000	-0.672839099148	-0.672839099148	0.000000000000
77.461970	0.000000000000	-0.675983207087	-0.675983207087	0.000000000000
77.822258	0.000000000000	-0.679127315027	-0.679127315027	0.000000000000
78.182546	0.000000000000	-0.682271422967	-0.682271422967	0.000000000000
78.542834	0.000000000000	-0.685415530907	-0.685415530907	0.000000000000
78.903122	0.000000000000	-0.688559638847	-0.688559638847	0.000000000000
79.263411	0.000000000000	-0.691703746787	-0.691703746787	0.000000000000
79.623699	0.000000000000	-0.694847854727	-0.694847854727	0.000000000000
79.983987	0.000000000000	-0.697991962667	-0.697991962667	0.000000000000
80.344275	0.000000000000	-0.701136070607	-0.701136070607	0.000000000000
80.704564	0.000000000000	-0.704280178547	-0.704280178547	0.000000000000
81.064852	0.000000000000	-0.707424286487	-0.707424286487	0.000000000000
81.425140	0.000000000000	-0.710568394427	-0.710568394427	0.000000000000
81.785428	0.000000000000	-0.713712502367	-0.713712502367	0.000000000000
82.145717	0.000000000000	-0.716856610307	-0.716856610307	0.000000000000
82.506005	0.000000000000	-0.720000718247	-0.720000718247	0.000000000000
82.866293	0.000000000000	-0.723144826187	-0.723144826187	0.000000000000
83.226581	0.000000000000	-0.726288934127	-0.726288934127	0.000000000000
83.586869	0.000000000000	-0.729433042066	-0.729433042066	0.000000000000
83.947158	0.000000000000	-0.732577150006	-0.732577150006	0.000000000000
84.307446	0.000000000000	-0.735721257946	-0.735721257946	0.000000000000
84.667734	0.000000000000	-0.738865365886	-0.738865365886	0.000000000000
85.028022	0.000000000000	-0.742009473826	-0.742009473826	0.000000000000
85.388311	0.000000000000	-0.745153581766	-0.745153581766	0.000000000000
85.748599	0.000000000000	-0.748297689706	-0.748297689706	0.000000000000
86.108887	0.000000000000	-0.751441797646	-0.751441797646	0.000000000000
86.469175	0.000000000000	-0.754585905586	-0.754585905586	0.000000000000
86.829464	0.000000000000	-0.757730013526	-0.757730013526	0.000000000000
87.189752	0.000000000000	-0.760874121466	-0.760874121466	0.000000000000
87.550040	0.000000000000	-0.764018229406	-0.764018229406	0.000000000000
87.910328	0.000000000000	-0.767162337346	-0.767162337346	0.000000000000
88.270616	0.000000000000	-0.770306445286	-0.770306445286	0.000000000000
88.630905	0.000000000000	-0.773450553226	-0.773450553226	0.000000000000
88.991193	0.000000000000	-0.776594661166	-0.776594661166	0.000000000000
89.351481	0.000000000000	-0.779738769106	-0.779738769106	0.000000000000
89.711769	0.000000000000	-0.782882877045	-0.782882877045	0.000000000000
90.072058	0.000000000000	-0.786026984985	-0.786026984985	0.000000000000
90.432346	0.000000000000	-0.789171092925	-0.789171092925	0.000000000000
90.792634	0.000000000000	-0.792315200865	-0.792315200865	0.000000000000
91.152922	0.000000000000	-0.795459308805	-0.795459308805	0.000000000000
91.513211	0.000000000000	-0.798603416745	-0.798603416745	0.000000000000
91.873499	0.000000000000	-0.801747524685	-0.801747524685	0.000000000000
92.233787	0.000000000000	-0.804891632625	-0.804891632625	0.000000000000
92.594075	0.000000000000	-0.808035740565	-0.808035740565	0.000000000000
92.954363	0.000000000000	-0.811179848505	-0.811179848505	0.000000000000
93.314652	0.000000000000	-0.814323956445	-0.814323956445	0.000000000000
93.674940	0.000000000000	-0.817468064385	-0.817468064385	0.000000000000
94.035228	0.000000000000	-0.820612172325	-0.820612172325	0.000000000000
94.395516	0.000000000000	-0.823756280265	-0.823756280265	0.000000000000
94.755805	0.000000000000	-0.826900388205	-0.826900388205	0.000000000000
95.116093	0.000000000000	-0.830044496145	-0.830044496145	0.000000000000
95.476381	0.000000000000	-0.833188604085	-0.833188604085	0.000000000000
95.836669	0.000000000000	-0.836332712025	-0.836332712025	0.000000000000
96.196958	0.000000000000	-0.839476819964	-0.839476819964	0.000000000000
96.557246	0.000000000000	-0.842620927904	-0.842620927904	0.000000000000
96.917534	0.000000000000	-0.845765035844	-0.845765035844	0.000000000000
97.277822	0.000000000000	-0.848909143784	-0.848909143784	0.000000000000
97.638110	0.000000000000	-0.852053251724	-0.852053251724	0.000000000000
97.998399	0.000000000000	-0.855197359664	-0.855197359664	0.000000000000
98.358687	0.000000000000	-0.858341467604	-0.858341467604	0.000000000000
98.718975	0.000000000000	-0.861485575544	-0.861485575544	0.000000000000
99.079263	0.000000000000	-0.864629683484	-0.864629683484	0.000000000000
99.439552	0.000000000000	-0.867773791424	-0.867773791424	0.000000000000
99.799840	0.000000000000	-0.870917899364	-0.870917899364	0.000000000000
100.160128	0.000000000000	-0.874062007304	-0.874062007304	0.000000000000
100.520416	0.000000000000	-0.877206115244	-0.877206115244	0.000000000000
100.880705	0.000000000000	-0.880350223184	-0.880350223184	0.000000000000
101.240993	0.000000000000	-0.883494331124	-0.883494331124	0.000000000000
101.601281	0.000000000000	-0.886638439064	-0.886638439064	0.000000000000
101.961569	0.000000000000	-0.889782547004	-0.889782547004	0.000000000000
102.321857	0.000000000000	-0.892926654943	-0.892926654943	0.000000000000
102.682146	0.000000000000	-0.896070762883	-0.896070762883	0.000000000000
103.042434	0.000000000000	-0.899214870823	-0.899214870823	0.000000000000
103.402722	0.000000000000	-0.902358978763	-0.902358978763	0.000000000000
103.763010	0.000000000000	-0.905503086703	-0.905503086703	0.000000000000
104.123299	0.000000000000	-0.908647194643	-0.908647194643	0.000000000000
104.483587	0.000000000000	-0.911791302583	-0.911791302583	0.000000000000
104.843875	0.000000000000	-0.914935410523	-0.914935410523	0.000000000000
105.204163	0.000000000000	-0.918079518463	-0.918079518463	0.000000000000
105.564452	0.000000000000	-0.921223626403	-0.921223626403	0.000000000000
105.924740	0.000000000000	-0.924367734343	-0.924367734343	0.000000000000
106.285028	0.000000000000	-0.927511842283	-0.927511842283	0.000000000000
106.645316	0.000000000000	-0.930655950223	-0.930655950223	0.000000000000
107.005604	0.000000000000	-0.933800058163	-0.933800058163	0.000000000000
107.365893	0.000000000000	-0.936944166103	-0.936944166103	0.000000000000
107.726181	0.000000000000	-0.940088274043	-0.940088274043	0.000000000000
108.086469	0.000000000000	-0.943232381983	-0.943232381983	0.000000000000
108.446757	0.000000000000	-0.946376489922	-0.946376489922	0.000000000000
108.807046	0.000000000000	-0.949520597862	-0.949520597862	0.000000000000
109.167334	0.000000000000	-0.952664705802	-0.952664705802	0.000000000000
109.527622	0.000000000000	-0.955808813742	-0.955808813742	0.000000000000
109.887910	0.000000000000	-0.958952921682	-0.958952921682	0.000000000000
110.248199	0.000000000000	-0.962097029622	-0.962097029622	0.000000000000
110.608487	0.000000000000	-0.965241137562	-0.965241137562	0.000000000000
110.968775	0.000000000000	-0.968385245502	-0.968385245502	0.000000000000
111.329063	0.000000000000	-0.971529353442	-0.971529353442	0.000000000000
111.689351	0.000000000000	-0.974673461382	-0.974673461382	0.000000000000
112.049640	0.000000000000	-0.977817569322	-0.977817569322	0.000000000000
112.409928	0.000000000000	-0.980961677262	-0.980961677262	0.000000000000
112.770216	0.000000000000	-0.984105785202	-0.984105785202	0.000000000000
113.130504	0.000000000000	-0.987249893142	-0.987249893142	0.000000000000
113.490793	0.000000000000	-0.990394001082	-0.990394001082	0.000000000000
113.851081	0.000000000000	-0.993538109022	-0.993538109022	0.000000000000
114.211369	0.000000000000	-0.996682216962	-0.996682216962	0.000000000000
114.571657	0.000000000000	-0.999826324901	-0.999826324901	0.000000000000
114.931946	0.000000000000	-1.002970432841	-1.002970432841	0.000000000000
115.292234	0.000000000000	-1.006114540781	-1.006114540781	0.000000000000
115.652522	0.000000000000	-1.009258648721	-1.009258648721	0.000000000000
116.012810	0.000000000000	-1.012402756661	-1.012402756661	0.000000000000
116.373098	0.000000000000	-1.015546864601	-1.015546864601	0.000000000000
116.733387	0.000000000000	-1.018690972541	-1.018690972541	0.000000000000
117.093675	0.000000000000	-1.021835080481	-1.021835080481	0.000000000000
117.453963	0.000000000000	-1.024979188421	-1.024979188421	0.000000000000
117.814251	0.000000000000	-1.028123296361	-1.028123296361	0.000000000000
118.174540	0.000000000000	-1.031267404301	-1.031267404301	0.000000000000
118.534828	0.000000000000	-1.034411512241	-1.034411512241	0.000000000000
118.895116	0.000000000000	-1.037555620181	-1.037555620181	0.000000000000
119.255404	0.000000000000	-1.040699728121	-1.040699728121	0.000000000000
119.615693	0.000000000000	-1.043843836061	-1.043843836061	0.000000000000
119.975981	0.000000000000	-1.046987944001	-1.046987944001	0.000000000000
120.336269	0.000000000000	-1.050132051941	-1.050132051941	0.000000000000
120.696557	0.000000000000	-1.053276159880	-1.053276159880	0.000000000000
121.056845	0.000000000000	-1.056420267820	-1.056420267820	0.000000000000
121.417134	0.000000000000	-1.059564375760	-1.059564375760	0.000000000000
121.777422	0.000000000000	-1.062708483700	-1.062708483700	0.000000000000
122.137710	0.000000000000	-1.065852591640	-1.065852591640	0.000000000000
122.497998	0.000000000000	-1.068996699580	-1.068996699580	0.000000000000
122.858287	0.000000000000	-1.072140807520	-1.072140807520	0.000000000000
123.218575	0.000000000000	-1.075284915460	-1.075284915460	0.000000000000
123.578863	0.000000000000	-1.078429023400	-1.078429023400	0.000000000000
123.939151	0.000000000000	-1.081573131340	-1.081573131340	0.000000000000
124.299440	0.000000000000	-1.084717239280	-1.084717239280	0.000000000000
124.659728	0.000000000000	-1.087861347220	-1.087861347220	0.000000000000
125.020016	0.000000000000	-1.091005455160	-1.091005455160	0.000000000000
125.380304	0.000000000000	-1.094149563100	-1.094149563100	0.000000000000
125.740592	0.000000000000	-1.097293671040	-1.097293671040	0.000000000000
126.100881	0.000000000000	-1.100437778980	-1.100437778980	0.000000000000
126.461169	0.000000000000	-1.103581886920	-1.103581886920	0.000000000000
126.821457	0.000000000000	-1.106725994859	-1.106725994859	0.000000000000
127.181745	0.000000000000	-1.109870102799	-1.109870102799	0.000000000000
127.542034	0.000000000000	-1.113014210739	-1.113014210739	0.000000000000
127.902322	0.000000000000	-1.116158318679	-1.116158318679	0.000000000000
128.262610	0.000000000000	-1.119302426619	-1.119302426619	0.000000000000
128.622898	0.000000000000	-1.122446534559	-1.122446534559	0.000000000000
128.983187	0.000000000000	-1.125590642499	-1.125590642499	0.000000000000
129.343475	0.000000000000	-1.128734750439	-1.128734750439	0.000000000000
129.703763	0.000000000000	-1.131878858379	-1.131878858379	0.000000000000
130.064051	0.000000000000	-1.135022966319	-1.135022966319	0.000000000000
130.424339	0.000000000000	-1.138167074259	-1.138167074259	0.000000000000
130.784628	0.000000000000	-1.141311182199	-1.141311182199	0.000000000000
131.144916	0.000000000000	-1.144455290139	-1.144455290139	0.000000000000
131.505204	0.000000000000	-1.147599398079	-1.147599398079	0.000000000000
131.865492	0.000000000000	-1.150743506019	-1.150743506019	0.000000000000
132.225781	0.000000000000	-1.153887613959	-1.153887613959	0.000000000000
132.586069	0.000000000000	-1.157031721899	-1.157031721899	0.000000000000
132.946357	0.000000000000	-1.160175829839	-1.160175829839	0.000000000000
133.306645	0.000000000000	-1.163319937778	-1.163319937778	0.000000000000
133.666934	0.000000000000	-1.166464045718	-1.166464045718	0.000000000000
134.027222	0.000000000000	-1.169608153658	-1.169608153658	0.000000000000
134.387510	0.000000000000	-1.172752261598	-1.172752261598	0.000000000000
134.747798	0.000000000000	-1.175896369538	-1.175896369538	0.000000000000
135.108086	0.000000000000	-1.179040477478	-1.179040477478	0.000000000000
135.468375	0.000000000000	-1.182184585418	-1.182184585418	0.000000000000
135.828663	0.000000000000	-1.185328693358	-1.185328693358	0.000000000000
136.188951	0.000000000000	-1.188472801298	-1.188472801298	0.000000000000
136.549239	0.000000000000	-1.191616909238	-1.191616909238	0.000000000000
136.909528	0.000000000000	-1.194761017178	-1.194761017178	0.000000000000
137.269816	0.000000000000	-1.197905125118	-1.197905125118	0.000000000000
137.630104	0.000000000000	-1.201049233058	-1.201049233058	0.000000000000
137.990392	0.000000000000	-1.204193340998	-1.204193340998	0.000000000000
138.350681	0.000000000000	-1.207337448938	-1.207337448938	0.000000000000
138.710969	0.000000000000	-1.210481556878	-1.210481556878	0.000000000000
139.071257	0.000000000000	-1.213625664818	-1.213625664818	0.000000000000
139.431545	0.000000000000	-1.216769772757	-1.216769772757	0.000000000000
139.791833	0.000000000000	-1.219913880697	-1.219913880697	0.000000000000
140.152122	0.000000000000	-1.223057988637	-1.223057988637	0.000000000000
140.512410	0.000000000000	-1.226202096577	-1.226202096577	0.000000000000
140.872698	0.000000000000	-1.229346204517	-1.229346204517	0.000000000000
141.232986	0.000000000000	-1.232490312457	-1.232490312457	0.000000000000
141.593275	0.000000000000	-1.235634420397	-1.235634420397	0.000000000000
141.953563	0.000000000000	-1.238778528337	-1.238778528337	0.000000000000
142.313851	0.000000000000	-1.241922636277	-1.241922636277	0.000000000000
142.674139	0.000000000000	-1.245066744217	-1.245066744217	0.000000000000
143.034428	0.000000000000	-1.248210852157	-1.248210852157	0.000000000000
143.394716	0.000000000000	-1.251354960097	-1.251354960097	0.000000000000
143.755004	0.000000000000	-1.254499068037	-1.254499068037	0.000000000000
144.115292	0.000000000000	-1.257643175977	-1.257643175977	0.000000000000
144.475580	0.000000000000	-1.260787283917	-1.260787283917	0.000000000000
144.835869	0.000000000000	-1.263931391857	-1.263931391857	0.000000000000
145.196157	0.000000000000	-1.267075499797	-1.267075499797	0.000000000000
145.556445	0.000000000000	-1.270219607736	-1.270219607736	0.000000000000
145.916733	0.000000000000	-1.273363715676	-1.273363715676	0.000000000000
146.277022	0.000000000000	-1.276507823616	-1.276507823616	0.000000000000
146.637310	0.000000000000	-1.279651931556	-1.279651931556	0.000000000000
146.997598	0.000000000000	-1.282796039496	-1.282796039496	0.000000000000
147.357886	0.000000000000	-1.285940147436	-1.285940147436	0.000000000000
147.718175	0.000000000000	-1.289084255376	-1.289084255376	0.000000000000
148.078463	0.000000000000	-1.292228363316	-1.292228363316	0.000000000000
148.438751	0.000000000000	-1.295372471256	-1.295372471256	0.000000000000
148.799039	0.000000000000	-1.298516579196	-1.298516579196	0.000000000000
149.159327	0.000000000000	-1.301660687136	-1.301660687136	0.000000000000
149.519616	0.000000000000	-1.304804795076	-1.304804795076	0.000000000000
149.879904	0.000000000000	-1.307948903016	-1.307948903016	0.000000000000
150.240192	0.000000000000	-1.311093010956	-1.311093010956	0.000000000000
150.600480	0.000000000000	-1.314237118896	-1.314237118896	0.000000000000
150.960769	0.000000000000	-1.317381226836	-1.317381226836	0.000000000000
151.321057	0.000000000000	-1.320525334776	-1.320525334776	0.000000000000
151.681345	0.000000000000	-1.323669442715	-1.323669442715	0.000000000000
152.041633	0.000000000000	-1.326813550655	-1.326813550655	0.000000000000
152.401922	0.000000000000	-1.329957658595	-1.329957658595	0.000000000000
152.762210	0.000000000000	-1.333101766535	-1.333101766535	0.000000000000
153.122498	0.000000000000	-1.336245874475	-1.336245874475	0.000000000000
153.482786	0.000000000000	-1.339389982415	-1.339389982415	0.000000000000
153.843074	0.000000000000	-1.342534090355	-1.342534090355	0.000000000000
154.203363	0.000000000000	-1.345678198295	-1.345678198295	0.000000000000
154.563651	0.000000000000	-1.348822306235	-1.348822306235	0.000000000000
154.923939	0.000000000000	-1.351966414175	-1.351966414175	0.000000000000
155.284227	0.000000000000	-1.355110522115	-1.355110522115	0.000000000000
155.644516	0.000000000000	-1.358254630055	-1.358254630055	0.000000000000
156.004804	0.000000000000	-1.361398737995	-1.361398737995	0.000000000000
156.365092	0.000000000000	-1.364542845935	-1.364542845935	0.000000000000
156.725380	0.000000000000	-1.367686953875	-1.367686953875	0.000000000000
157.085669	0.000000000000	-1.370831061815	-1.370831061815	0.000000000000
157.445957	0.000000000000	-1.373975169755	-1.373975169755	0.000000000000
157.806245	0.000000000000	-1.377119277694	-1.377119277694	0.000000000000
158.166533	0.000000000000	-1.380263385634	-1.380263385634	0.000000000000
158.526821	0.000000000000	-1.383407493574	-1.383407493574	0.000000000000
158.887110	0.000000000000	-1.386551601514	-1.386551601514	0.000000000000
159.247398	0.000000000000	-1.389695709454	-1.389695709454	0.000000000000
159.607686	0.000000000000	-1.392839817394	-1.392839817394	0.000000000000
159.967974	0.000000000000	-1.395983925334	-1.395983925334	0.000000000000
160.328263	0.000000000000	-1.399128033274	-1.399128033274	0.000000000000
160.688551	0.000000000000	-1.402272141214	-1.402272141214	0.000000000000
161.048839	0.000000000000	-1.405416249154	-1.405416249154	0.000000000000
161.409127	0.000000000000	-1.408560357094	-1.408560357094	0.000000000000
161.769416	0.000000000000	-1.411704465034	-1.411704465034	0.000000000000
162.129704	0.000000000000	-1.414848572974	-1.414848572974	0.000000000000
162.489992	0.000000000000	-1.417992680914	-1.417992680914	0.000000000000
162.850280	0.000000000000	-1.421136788854	-1.421136788854	0.000000000000
163.210568	0.000000000000	-1.424280896794	-1.424280896794	0.000000000000
163.570857	0.000000000000	-1.427425004734	-1.427425004734	0.000000000000
163.931145	0.000000000000	-1.430569112673	-1.430569112673	0.000000000000
164.291433	0.000000000000	-1.433713220613	-1.433713220613	0.000000000000
164.651721	0.000000000000	-1.436857328553	-1.436857328553	0.000000000000
165.012010	0.000000000000	-1.440001436493	-1.440001436493	0.000000000000
165.372298	0.000000000000	-1.443145544433	-1.443145544433	0.000000000000
165.732586	0.000000000000	-1.446289652373	-1.446289652373	0.000000000000
166.092874	0.000000000000	-1.449433760313	-1.449433760313	0.000000000000
166.453163	0.000000000000	-1.452577868253	-1.452577868253	0.000000000000
166.813451	0.000000000000	-1.455721976193	-1.455721976193	0.000000000000
167.173739	0.000000000000	-1.458866084133	-1.458866084133	0.000000000000
167.534027	0.000000000000	-1.462010192073	-1.462010192073	0.000000000000
167.894315	0.000000000000	-1.465154300013	-1.465154300013	0.000000000000
168.254604	0.000000000000	-1.468298407953	-1.468298407953	0.000000000000
168.614892	0.000000000000	-1.471442515893	-1.471442515893	0.000000000000
168.975180	0.000000000000	-1.474586623833	-1.474586623833	0.000000000000
169.335468	0.000000000000	-1.477730731773	-1.477730731773	0.000000000000
169.695757	0.000000000000	-1.480874839713	-1.480874839713	0.000000000000
170.056045	0.000000000000	-1.484018947653	-1.484018947653	0.000000000000
170.416333	0.000000000000	-1.487163055592	-1.487163055592	0.000000000000
170.776621	0.000000000000	-1.490307163532	-1.490307163532	0.000000000000
171.136910	0.000000000000	-1.493451271472	-1.493451271472	0.000000000000
171.497198	0.000000000000	-1.496595379412	-1.496595379412	0.000000000000
171.857486	0.000000000000	-1.499739487352	-1.499739487352	0.000000000000
172.217774	0.000000000000	-1.502883595292	-1.502883595292	0.000000000000
172.578062	0.000000000000	-1.506027703232	-1.506027703232	0.000000000000
172.938351	0.000000000000	-1.509171811172	-1.509171811172	0.000000000000
173.298639	0.000000000000	-1.512315919112	-1.512315919112	0.000000000000
173.658927	0.000000000000	-1.515460027052	-1.515460027052	0.000000000000
174.019215	0.000000000000	-1.518604134992	-1.518604134992	0.000000000000
174.379504	0.000000000000	-1.521748242932	-1.521748242932	0.000000000000
174.739792	0.000000000000	-1.524892350872	-1.524892350872	0.000000000000
175.100080	0.000000000000	-1.528036458812	-1.528036458812	0.000000000000
175.460368	0.000000000000	-1.531180566752	-1.531180566752	0.000000000000
175.820657	0.000000000000	-1.534324674692	-1.534324674692	0.000000000000
176.180945	0.000000000000	-1.537468782632	-1.537468782632	0.000000000000
176.541233	0.000000000000	-1.540612890571	-1.540612890571	0.000000000000
176.901521	0.000000000000	-1.543756998511	-1.543756998511	0.000000000000
177.261809	0.000000000000	-1.546901106451	-1.546901106451	0.000000000000
177.622098	0.000000000000	-1.550045214391	-1.550045214391	0.000000000000
177.982386	0.000000000000	-1.553189322331	-1.553189322331	0.000000000000
178.342674	0.000000000000	-1.556333430271	-1.556333430271	0.000000000000
178.702962	0.000000000000	-1.559477538211	-1.559477538211	0.000000000000
179.063251	0.000000000000	-1.562621646151	-1.562621646151	0.000000000000
179.423539	0.000000000000	-1.565765754091	-1.565765754091	0.000000000000
179.783827	0.000000000000	-1.568909862031	-1.568909862031	0.000000000000
180.144115	0.000000000000	-1.572053969971	-1.572053969971	0.000000000000
180.504404	0.000000000000	-1.575198077911	-1.575198077911	0.000000000000
180.864692	0.000000000000	-1.578342185851	-1.578342185851	0.000000000000
181.224980	0.000000000000	-1.581486293791	-1.581486293791	0.000000000000
181.585268	0.000000000000	-1.584630401731	-1.584630401731	0.000000000000
181.945556	0.000000000000	-1.587774509671	-1.587774509671	0.000000000000
182.305845	0.000000000000	-1.590918617611	-1.590918617611	0.000000000000
182.666133	0.000000000000	-1.594062725550	-1.594062725550	0.000000000000
183.026421	0.000000000000	-1.597206833490	-1.597206833490	0.000000000000
183.386709	0.000000000000	-1.600350941430	-1.600350941430	0.000000000000
183.746998	0.000000000000	-1.603495049370	-1.603495049370	0.000000000000
184.107286	0.000000000000	-1.606639157310	-1.606639157310	0.000000000000
184.467574	0.000000000000	-1.609783265250	-1.609783265250	0.000000000000
184.827862	0.000000000000	-1.612927373190	-1.612927373190	0.000000000000
185.188151	0.000000000000	-1.616071481130	-1.616071481130	0.000000000000
185.548439	0.000000000000	-1.619215589070	-1.619215589070	0.000000000000
185.908727	0.000000000000	-1.622359697010	-1.622359697010	0.000000000000
186.269015	0.000000000000	-1.625503804950	-1.625503804950	0.000000000000
186.629303	0.000000000000	-1.628647912890	-1.628647912890	0.000000000000
186.989592	0.000000000000	-1.631792020830	-1.631792020830	0.000000000000
187.349880	0.000000000000	-1.634936128770	-1.634936128770	0.000000000000
187.710168	0.000000000000	-1.638080236710	-1.638080236710	0.000000000000
188.070456	0.000000000000	-1.641224344650	-1.641224344650	0.000000000000
188.430745	0.000000000000	-1.644368452590	-1.644368452590	0.000000000000
188.791033	0.000000000000	-1.647512560529	-1.647512560529	0.000000000000
189.151321	0.000000000000	-1.650656668469	-1.650656668469	0.000000000000
189.511609	0.000000000000	-1.653800776409	-1.653800776409	0.000000000000
189.871898	0.000000000000	-1.656944884349	-1.656944884349	0.000000000000
190.232186	0.000000000000	-1.660088992289	-1.660088992289	0.000000000000
190.592474	0.000000000000	-1.663233100229	-1.663233100229	0.000000000000
190.952762	0.000000000000	-1.666377208169	-1.666377208169	0.000000000000
191.313050	0.000000000000	-1.669521316109	-1.669521316109	0.000000000000
191.673339	0.000000000000	-1.672665424049	-1.672665424049	0.000000000000
192.033627	0.000000000000	-1.675809531989	-1.675809531989	0.000000000000
192.393915	0.000000000000	-1.678953639929	-1.678953639929	0.000000000000
192.754203	0.000000000000	-1.682097747869	-1.682097747869	0.000000000000
193.114492	0.000000000000	-1.685241855809	-1.685241855809	0.000000000000
193.474780	0.000000000000	-1.688385963749	-1.688385963749	0.000000000000
193.835068	0.000000000000	-1.691530071689	-1.691530071689	0.000000000000
194.195356	0.000000000000	-1.694674179629	-1.694674179629	0.000000000000
194.555645	0.000000000000	-1.697818287569	-1.697818287569	0.000000000000
194.915933	0.000000000000	-1.700962395508	-1.700962395508	0.000000000000
195.276221	0.000000000000	-1.704106503448	-1.704106503448	0.000000000000
195.636509	0.000000000000	-1.707250611388	-1.707250611388	0.000000000000
195.996797	0.000000000000	-1.710394719328	-1.710394719328	0.000000000000
196.357086	0.000000000000	-1.713538827268	-1.713538827268	0.000000000000
196.717374	0.000000000000	-1.716682935208	-1.716682935208	0.000000000000
197.077662	0.000000000000	-1.719827043148	-1.719827043148	0.000000000000
197.437950	0.000000000000	-1.722971151088	-1.722971151088	0.000000000000
197.798239	0.000000000000	-1.726115259028	-1.726115259028	0.000000000000
198.158527	0.000000000000	-1.729259366968	-1.729259366968	0.000000000000
198.518815	0.000000000000	-1.732403474908	-1.732403474908	0.000000000000
198.879103	0.000000000000	-1.735547582848	-1.735547582848	0.000000000000
199.239392	0.000000000000	-1.738691690788	-1.738691690788	0.000000000000
199.599680	0.000000000000	-1.741835798728	-1.741835798728	0.000000000000
199.959968	0.000000000000	-1.744979906668	-1.744979906668	0.000000000000
200.320256	0.000000000000	-1.748124014608	-1.748124014608	0.000000000000
200.680544	0.000000000000	-1.751268122548	-1.751268122548	0.000000000000
201.040833	0.000000000000	-1.754412230487	-1.754412230487	0.000000000000
201.401121	0.000000000000	-1.757556338427	-1.757556338427	0.000000000000
201.761409	0.000000000000	-1.760700446367	-1.760700446367	0.000000000000
202.121697	0.000000000000	-1.763844554307	-1.763844554307	0.000000000000
202.481986	0.000000000000	-1.766988662247	-1.766988662247	0.000000000000
202.842274	0.000000000000	-1.770132770187	-1.770132770187	0.000000000000
203.202562	0.000000000000	-1.773276878127	-1.773276878127	0.000000000000
203.562850	0.000000000000	-1.776420986067	-1.776420986067	0.000000000000
203.923139	0.000000000000	-1.779565094007	-1.779565094007	0.000000000000
204.283427	0.000000000000	-1.782709201947	-1.782709201947	0.000000000000
204.643715	0.000000000000	-1.785853309887	-1.785853309887	0.000000000000
205.004003	0.000000000000	-1.788997417827	-1.788997417827	0.000000000000
205.364291	0.000000000000	-1.792141525767	-1.792141525767	0.000000000000
205.724580	0.000000000000	-1.795285633707	-1.795285633707	0.000000000000
206.084868	0.000000000000	-1.798429741647	-1.798429741647	0.000000000000
206.445156	0.000000000000	-1.801573849587	-1.801573849587	0.000000000000
206.805444	0.000000000000	-1.804717957527	-1.804717957527	0.000000000000
207.165733	0.000000000000	-1.807862065467	-1.807862065467	0.000000000000
207.526021	0.000000000000	-1.811006173406	-1.811006173406	0.000000000000
207.886309	0.000000000000	-1.814150281346	-1.814150281346	0.000000000000
208.246597	0.000000000000	-1.817294389286	-1.817294389286	0.000000000000
208.606886	0.000000000000	-1.820438497226	-1.820438497226	0.000000000000
208.967174	0.000000000000	-1.823582605166	-1.823582605166	0.000000000000
209.327462	0.000000000000	-1.826726713106	-1.826726713106	0.000000000000
209.687750	0.000000000000	-1.829870821046	-1.829870821046	0.000000000000
210.048038	0.000000000000	-1.833014928986	-1.833014928986	0.000000000000
210.408327	0.000000000000	-1.836159036926	-1.836159036926	0.000000000000
210.768615	0.000000000000	-1.839303144866	-1.839303144866	0.000000000000
211.128903	0.000000000000	-1.842447252806	-1.842447252806	0.000000000000
211.489191	0.000000000000	-1.845591360746	-1.845591360746	0.000000000000
211.849480	0.000000000000	-1.848735468686	-1.848735468686	0.000000000000
212.209768	0.000000000000	-1.851879576626	-1.851879576626	0.000000000000
212.570056	0.000000000000	-1.855023684566	-1.855023684566	0.000000000000
212.930344	0.000000000000	-1.858167792506	-1.858167792506	0.000000000000
213.290633	0.000000000000	-1.861311900446	-1.861311900446	0.000000000000
213.650921	0.000000000000	-1.864456008385	-1.864456008385	0.000000000000
214.011209	0.000000000000	-1.867600116325	-1.867600116325	0.000000000000
214.371497	0.000000000000	-1.870744224265	-1.870744224265	0.000000000000
214.731785	0.000000000000	-1.873888332205	-1.873888332205	0.000000000000
215.092074	0.000000000000	-1.877032440145	-1.877032440145	0.000000000000
215.452362	0.000000000000	-1.880176548085	-1.880176548085	0.000000000000
215.812650	0.000000000000	-1.883320656025	-1.883320656025	0.000000000000
216.172938	0.000000000000	-1.886464763965	-1.886464763965	0.000000000000
216.533227	0.000000000000	-1.889608871905	-1.889608871905	0.000000000000
216.893515	0.000000000000	-1.892752979845	-1.892752979845	0.000000000000
217.253803	0.000000000000	-1.895897087785	-1.895897087785	0.000000000000
217.614091	0.000000000000	-1.899041195725	-1.899041195725	0.000000000000
217.974380	0.000000000000	-1.902185303665	-1.902185303665	0.000000000000
218.334668	0.000000000000	-1.905329411605	-1.905329411605	0.000000000000
218.694956	0.000000000000	-1.908473519545	-1.908473519545	0.000000000000
219.055244	0.000000000000	-1.911617627485	-1.911617627485	0.000000000000
219.415532	0.000000000000	-1.914761735425	-1.914761735425	0.000000000000
219.775821	0.000000000000	-1.917905843364	-1.917905843364	0.000000000000
220.136109	0.000000000000	-1.921049951304	-1.921049951304	0.000000000000
220.496397	0.000000000000	-1.924194059244	-1.924194059244	0.000000000000
220.856685	0.000000000000	-1.927338167184	-1.927338167184	0.000000000000
221.216974	0.000000000000	-1.930482275124	-1.930482275124	0.000000000000
221.577262	0.000000000000	-1.933626383064	-1.933626383064	0.000000000000
221.937550	0.000000000000	-1.936770491004	-1.936770491004	0.000000000000
222.297838	0.000000000000	-1.939914598944	-1.939914598944	0.000000000000
222.658127	0.000000000000	-1.943058706884	-1.943058706884	0.000000000000
223.018415	0.000000000000	-1.946202814824	-1.946202814824	0.000000000000
223.378703	0.000000000000	-1.949346922764	-1.949346922764	0.000000000000
223.738991	0.000000000000	-1.952491030704	-1.952491030704	0.000000000000
224.099279	0.000000000000	-1.955635138644	-1.955635138644	0.000000000000
224.459568	0.000000000000	-1.958779246584	-1.958779246584	0.000000000000
224.819856	0.000000000000	-1.961923354524	-1.961923354524	0.000000000000
225.180144	0.000000000000	-1.965067462464	-1.965067462464	0.000000000000
225.540432	0.000000000000	-1.968211570404	-1.968211570404	0.000000000000
225.900721	0.000000000000	-1.971355678343	-1.971355678343	0.000000000000
226.261009	0.000000000000	-1.974499786283	-1.974499786283	0.000000000000
226.621297	0.000000000000	-1.977643894223	-1.977643894223	0.000000000000
226.981585	0.000000000000	-1.980788002163	-1.980788002163	0.000000000000
227.341873	0.000000000000	-1.983932110103	-1.983932110103	0.000000000000
227.702162	0.000000000000	-1.987076218043	-1.987076218043	0.000000000000
228.062450	0.000000000000	-1.990220325983	-1.990220325983	0.000000000000
228.422738	0.000000000000	-1.993364433923	-1.993364433923	0.000000000000
228.783026	0.000000000000	-1.996508541863	-1.996508541863	0.000000000000
229.143315	0.000000000000	-1.999652649803	-1.999652649803	0.000000000000
229.503603	0.000000000000	-2.002796757743	-2.002796757743	0.000000000000
229.863891	0.000000000000	-2.005940865683	-2.005940865683	0.000000000000
230.224179	0.000000000000	-2.009084973623	-2.009084973623	0.000000000000
230.584468	0.000000000000	-2.012229081563	-2.012229081563	0.000000000000
230.944756	0.000000000000	-2.015373189503	-2.015373189503	0.000000000000
231.305044	0.000000000000	-2.018517297443	-2.018517297443	0.000000000000
231.665332	0.000000000000	-2.021661405383	-2.021661405383	0.000000000000
232.025620	0.000000000000	-2.024805513322	-2.024805513322	0.000000000000
232.385909	0.000000000000	-2.027949621262	-2.027949621262	0.000000000000
232.746197	0.000000000000	-2.031093729202	-2.031093729202	0.000000000000
233.106485	0.000000000000	-2.034237837142	-2.034237837142	0.000000000000
233.466773	0.000000000000	-2.037381945082	-2.037381945082	0.000000000000
233.827062	0.000000000000	-2.040526053022	-2.040526053022	0.000000000000
234.187350	0.000000000000	-2.043670160962	-2.043670160962	0.000000000000
234.547638	0.000000000000	-2.046814268902	-2.046814268902	0.000000000000
234.907926	0.000000000000	-2.049958376842	-2.049958376842	0.000000000000
235.268215	0.000000000000	-2.053102484782	-2.053102484782	0.000000000000
235.628503	0.000000000000	-2.056246592722	-2.056246592722	0.000000000000
235.988791	0.000000000000	-2.059390700662	-2.059390700662	0.000000000000
236.349079	0.000000000000	-2.062534808602	-2.062534808602	0.000000000000
236.709367	0.000000000000	-2.065678916542	-2.065678916542	0.000000000000
237.069656	0.000000000000	-2.068823024482	-2.068823024482	0.000000000000
237.429944	0.000000000000	-2.071967132422	-2.071967132422	0.000000000000
237.790232	0.000000000000	-2.075111240362	-2.075111240362	0.000000000000
238.150520	0.000000000000	-2.078255348301	-2.078255348301	0.000000000000
238.510809	0.000000000000	-2.081399456241	-2.081399456241	0.000000000000
238.871097	0.000000000000	-2.084543564181	-2.084543564181	0.000000000000
239.231385	0.000000000000	-2.087687672121	-2.087687672121	0.000000000000
239.591673	0.000000000000	-2.090831780061	-2.090831780061	0.000000000000
239.951962	0.000000000000	-2.093975888001	-2.093975888001	0.000000000000
240.312250	0.000000000000	-2.097119995941	-2.097119995941	0.000000000000
240.672538	0.000000000000	-2.100264103881	-2.100264103881	0.000000000000
241.032826	0.000000000000	-2.103408211821	-2.103408211821	0.000000000000
241.393114	0.000000000000	-2.106552319761	-2.106552319761	0.000000000000
241.753403	0.000000000000	-2.109696427701	-2.109696427701	0.000000000000
242.113691	0.000000000000	-2.112840535641	-2.112840535641	0.000000000000
242.473979	0.000000000000	-2.115984643581	-2.115984643581	0.000000000000
242.834267	0.000000000000	-2.119128751521	-2.119128751521	0.000000000000
243.194556	0.000000000000	-2.122272859461	-2.122272859461	0.000000000000
243.554844	0.000000000000	-2.125416967401	-2.125416967401	0.000000000000
243.915132	0.000000000000	-2.128561075341	-2.128561075341	0.000000000000
244.275420	0.000000000000	-2.131705183281	-2.131705183281	0.000000000000
244.635709	0.000000000000	-2.134849291220	-2.134849291220	0.000000000000
244.995997	0.000000000000	-2.137993399160	-2.137993399160	0.000000000000
245.356285	0.000000000000	-2.141137507100	-2.141137507100	0.000000000000
245.716573	0.000000000000	-2.144281615040	-2.144281615040	0.000000000000
246.076861	0.000000000000	-2.147425722980	-2.147425722980	0.000000000000
246.437150	0.000000000000	-2.150569830920	-2.150569830920	0.000000000000
246.797438	0.000000000000	-2.153713938860	-2.153713938860	0.000000000000
247.157726	0.000000000000	-2.156858046800	-2.156858046800	0.000000000000
247.518014	0.000000000000	-2.160002154740	-2.160002154740	0.000000000000
247.878303	0.000000000000	-2.163146262680	-2.163146262680	0.000000000000
248.238591	0.000000000000	-2.166290370620	-2.166290370620	0.000000000000
248.598879	0.000000000000	-2.169434478560	-2.169434478560	0.000000000000
248.959167	0.000000000000	-2.172578586500	-2.172578586500	0.000000000000
249.319456	0.000000000000	-2.175722694440	-2.175722694440	0.000000000000
249.679744	0.000000000000	-2.178866802380	-2.178866802380	0.000000000000
250.040032	0.000000000000	-2.182010910320	-2.182010910320	0.000000000000
250.400320	0.000000000000	-2.185155018260	-2.185155018260	0.000000000000
250.760608	0.000000000000	-2.188299126199	-2.188299126199	0.000000000000
251.120897	0.000000000000	-2.191443234139	-2.191443234139	0.000000000000
251.481185	0.000000000000	-2.194587342079	-2.194587342079	0.000000000000
251.841473	0.000000000000	-2.197731450019	-2.197731450019	0.000000000000
252.201761	0.000000000000	-2.200875557959	-2.200875557959	0.000000000000
252.562050	0.000000000000	-2.204019665899	-2.204019665899	0.000000000000
252.922338	0.000000000000	-2.207163773839	-2.207163773839	0.000000000000
253.282626	0.000000000000	-2.210307881779	-2.210307881779	0.000000000000
253.642914	0.000000000000	-2.213451989719	-2.213451989719	0.000000000000
254.003203	0.000000000000	-2.216596097659	-2.216596097659	0.000000000000
254.363491	0.000000000000	-2.219740205599	-2.219740205599	0.000000000000
254.723779	0.000000000000	-2.222884313539	-2.222884313539	0.000000000000
255.084067	0.000000000000	-2.226028421479	-2.226028421479	0.000000000000
255.444355	0.000000000000	-2.229172529419	-2.229172529419	0.000000000000
255.804644	0.000000000000	-2.232316637359	-2.232316637359	0.000000000000
256.164932	0.000000000000	-2.235460745299	-2.235460745299	0.000000000000
256.525220	0.000000000000	-2.238604853239	-2.238604853239	0.000000000000
256.885508	0.000000000000	-2.241748961178	-2.241748961178	0.000000000000
257.245797	0.000000000000	-2.244893069118	-2.244893069118	0.000000000000
257.606085	0.000000000000	-2.248037177058	-2.248037177058	0.000000000000
257.966373	0.000000000000	-2.251181284998	-2.251181284998	0.000000000000
258.326661	0.000000000000	-2.254325392938	-2.254325392938	0.000000000000
258.686950	0.000000000000	-2.257469500878	-2.257469500878	0.000000000000
259.047238	0.000000000000	-2.260613608818	-2.260613608818	0.000000000000
259.407526	0.000000000000	-2.263757716758	-2.263757716758	0.000000000000
259.767814	0.000000000000	-2.266901824698	-2.266901824698	0.000000000000
260.128102	0.000000000000	-2.270045932638	-2.270045932638	0.000000000000
260.488391	0.000000000000	-2.273190040578	-2.273190040578	0.000000000000
260.848679	0.000000000000	-2.276334148518	-2.276334148518	0.000000000000
261.208967	0.000000000000	-2.279478256458	-2.279478256458	0.000000000000
261.569255	0.000000000000	-2.282622364398	-2.282622364398	0.000000000000
261.929544	0.000000000000	-2.285766472338	-2.285766472338	0.000000000000
262.289832	0.000000000000	-2.288910580278	-2.288910580278	0.000000000000
262.650120	0.000000000000	-2.292054688218	-2.292054688218	0.000000000000
263.010408	0.000000000000	-2.295198796157	-2.295198796157	0.000000000000
263.370697	0.000000000000	-2.298342904097	-2.298342904097	0.000000000000
263.730985	0.000000000000	-2.301487012037	-2.301487012037	0.000000000000
264.091273	0.000000000000	-2.304631119977	-2.304631119977	0.000000000000
264.451561	0.000000000000	-2.307775227917	-2.307775227917	0.000000000000
264.811849	0.000000000000	-2.310919335857	-2.310919335857	0.000000000000
265.172138	0.000000000000	-2.314063443797	-2.314063443797	0.000000000000
265.532426	0.000000000000	-2.317207551737	-2.317207551737	0.000000000000
265.892714	0.000000000000	-2.320351659677	-2.320351659677	0.000000000000
266.253002	0.000000000000	-2.323495767617	-2.323495767617	0.000000000000
266.613291	0.000000000000	-2.326639875557	-2.326639875557	0.000000000000
266.973579	0.000000000000	-2.329783983497	-2.329783983497	0.000000000000
267.333867	0.000000000000	-2.332928091437	-2.332928091437	0.000000000000
267.694155	0.000000000000	-2.336072199377	-2.336072199377	0.000000000000
268.054444	0.000000000000	-2.339216307317	-2.339216307317	0.000000000000
268.414732	0.000000000000	-2.342360415257	-2.342360415257	0.000000000000
268.775020	0.000000000000	-2.345504523197	-2.345504523197	0.000000000000
269.135308	0.000000000000	-2.348648631136	-2.348648631136	0.000000000000
269.495596	0.000000000000	-2.351792739076	-2.351792739076	0.000000000000
269.855885	0.000000000000	-2.354936847016	-2.354936847016	0.000000000000
270.216173	0.000000000000	-2.358080954956	-2.358080954956	0.000000000000
270.576461	0.000000000000	-2.361225062896	-2.361225062896	0.000000000000
270.936749	0.000000000000	-2.364369170836	-2.364369170836	0.000000000000
271.297038	0.000000000000	-2.367513278776	-2.367513278776	0.000000000000
271.657326	0.000000000000	-2.370657386716	-2.370657386716	0.000000000000
272.017614	0.000000000000	-2.373801494656	-2.373801494656	0.000000000000
272.377902	0.000000000000	-2.376945602596	-2.376945602596	0.000000000000
272.738191	0.000000000000	-2.380089710536	-2.380089710536	0.000000000000
273.098479	0.000000000000	-2.383233818476	-2.383233818476	0.000000000000
273.458767	0.000000000000	-2.386377926416	-2.386377926416	0.000000000000
273.819055	0.000000000000	-2.389522034356	-2.389522034356	0.000000000000
274.179343	0.000000000000	-2.392666142296	-2.392666142296	0.000000000000
274.539632	0.000000000000	-2.395810250236	-2.395810250236	0.000000000000
274.899920	0.000000000000	-2.398954358176	-2.398954358176	0.000000000000
275.260208	0.000000000000	-2.402098466115	-2.402098466115	0.000000000000
275.620496	0.000000000000	-2.405242574055	-2.405242574055	0.000000000000
275.980785	0.000000000000	-2.408386681995	-2.408386681995	0.000000000000
276.341073	0.000000000000	-2.411530789935	-2.411530789935	0.000000000000
276.701361	0.000000000000	-2.414674897875	-2.414674897875	0.000000000000
277.061649	0.000000000000	-2.417819005815	-2.417819005815	0.000000000000
277.421938	0.000000000000	-2.420963113755	-2.420963113755	0.000000000000
277.782226	0.000000000000	-2.424107221695	-2.424107221695	0.000000000000
278.142514	0.000000000000	-2.427251329635	-2.427251329635	0.000000000000
278.502802	0.000000000000	-2.430395437575	-2.430395437575	0.000000000000
278.863090	0.000000000000	-2.433539545515	-2.433539545515	0.000000000000
279.223379	0.000000000000	-2.436683653455	-2.436683653455	0.000000000000
279.583667	0.000000000000	-2.439827761395	-2.439827761395	0.000000000000
279.943955	0.000000000000	-2.442971869335	-2.442971869335	0.000000000000
280.304243	0.000000000000	-2.446115977275	-2.446115977275	0.000000000000
280.664532	0.000000000000	-2.449260085215	-2.449260085215	0.000000000000
281.024820	0.000000000000	-2.452404193155	-2.452404193155	0.000000000000
281.385108	0.000000000000	-2.455548301095	-2.455548301095	0.000000000000
281.745396	0.000000000000	-2.458692409034	-2.458692409034	0.000000000000
282.105685	0.000000000000	-2.461836516974	-2.461836516974	0.000000000000
282.465973	0.000000000000	-2.464980624914	-2.464980624914	0.000000000000
282.826261	0.000000000000	-2.468124732854	-2.468124732854	0.000000000000
283.186549	0.000000000000	-2.471268840794	-2.471268840794	0.000000000000
283.546837	0.000000000000	-2.474412948734	-2.474412948734	0.000000000000
283.907126	0.000000000000	-2.477557056674	-2.477557056674	0.000000000000
284.267414	0.000000000000	-2.480701164614	-2.480701164614	0.000000000000
284.627702	0.000000000000	-2.483845272554	-2.483845272554	0.000000000000
284.987990	0.000000000000	-2.486989380494	-2.486989380494	0.000000000000
285.348279	0.000000000000	-2.490133488434	-2.490133488434	0.000000000000
285.708567	0.000000000000	-2.493277596374	-2.493277596374	0.000000000000
286.068855	0.000000000000	-2.496421704314	-2.496421704314	0.000000000000
286.429143	0.000000000000	-2.499565812254	-2.499565812254	0.000000000000
286.789432	0.000000000000	-2.502709920194	-2.502709920194	0.000000000000
287.149720	0.000000000000	-2.505854028134	-2.505854028134	0.000000000000
287.510008	0.000000000000	-2.508998136074	-2.508998136074	0.000000000000
287.870296	0.000000000000	-2.512142244013	-2.512142244013	0.000000000000
288.230584	0.000000000000	-2.515286351953	-2.515286351953	0.000000000000
288.590873	0.000000000000	-2.518430459893	-2.518430459893	0.000000000000
288.951161	0.000000000000	-2.521574567833	-2.521574567833	0.000000000000
289.311449	0.000000000000	-2.524718675773	-2.524718675773	0.000000000000
289.671737	0.000000000000	-2.527862783713	-2.527862783713	0.000000000000
290.032026	0.000000000000	-2.531006891653	-2.531006891653	0.000000000000
290.392314	0.000000000000	-2.534150999593	-2.534150999593	0.000000000000
290.752602	0.000000000000	-2.537295107533	-2.537295107533	0.000000000000
291.112890	0.000000000000	-2.540439215473	-2.540439215473	0.000000000000
291.473179	0.000000000000	-2.543583323413	-2.543583323413	0.000000000000
291.833467	0.000000000000	-2.546727431353	-2.546727431353	0.000000000000
292.193755	0.000000000000	-2.549871539293	-2.549871539293	0.000000000000
292.554043	0.000000000000	-2.553015647233	-2.553015647233	0.000000000000
292.914331	0.000000000000	-2.556159755173	-2.556159755173	0.000000000000
293.274620	0.000000000000	-2.559303863113	-2.559303863113	0.000000000000
293.634908	0.000000000000	-2.562447971053	-2.562447971053	0.000000000000
293.995196	0.000000000000	-2.565592078992	-2.565592078992	0.000000000000
294.355484	0.000000000000	-2.568736186932	-2.568736186932	0.000000000000
294.715773	0.000000000000	-2.571880294872	-2.571880294872	0.000000000000
295.076061	0.000000000000	-2.575024402812	-2.575024402812	0.000000000000
295.436349	0.000000000000	-2.578168510752	-2.578168510752	0.000000000000
295.796637	0.000000000000	-2.581312618692	-2.581312618692	0.000000000000
296.156926	0.000000000000	-2.584456726632	-2.584456726632	0.000000000000
296.517214	0.000000000000	-2.587600834572	-2.587600834572	0.000000000000
296.877502	0.000000000000	-2.590744942512	-2.590744942512	0.000000000000
297.237790	0.000000000000	-2.593889050452	-2.593889050452	0.000000000000
297.598078	0.000000000000	-2.597033158392	-2.597033158392	0.000000000000
297.958367	0.000000000000	-2.600177266332	-2.600177266332	0.000000000000
298.318655	0.000000000000	-2.603321374272	-2.603321374272	0.000000000000
298.678943	0.000000000000	-2.606465482212	-2.606465482212	0.000000000000
299.039231	0.000000000000	-2.609609590152	-2.609609590152	0.000000000000
299.399520	0.000000000000	-2.612753698092	-2.612753698092	0.000000000000
299.759808	0.000000000000	-2.615897806032	-2.615897806032	0.000000000000
300.120096	0.000000000000	-2.619041913971	-2.619041913971	0.000000000000
300.480384	0.000000000000	-2.622186021911	-2.622186021911	0.000000000000
300.840673	0.000000000000	-2.625330129851	-2.625330129851	0.000000000000
301.200961	0.000000000000	-2.628474237791	-2.628474237791	0.000000000000
301.561249	0.000000000000	-2.631618345731	-2.631618345731	0.000000000000
301.921537	0.000000000000	-2.634762453671	-2.634762453671	0.000000000000
302.281825	0.000000000000	-2.637906561611	-2.637906561611	0.000000000000
302.642114	0.000000000000	-2.641050669551	-2.641050669551	0.000000000000
303.002402	0.000000000000	-2.644194777491	-2.644194777491	0.000000000000
303.362690	0.000000000000	-2.647338885431	-2.647338885431	0.000000000000
303.722978	0.000000000000	-2.650482993371	-2.650482993371	0.000000000000
304.083267	0.000000000000	-2.653627101311	-2.653627101311	0.000000000000
304.443555	0.000000000000	-2.656771209251	-2.656771209251	0.000000000000
304.803843	0.000000000000	-2.659915317191	-2.659915317191	0.000000000000
305.164131	0.000000000000	-2.663059425131	-2.663059425131	0.000000000000
305.524420	0.000000000000	-2.666203533071	-2.666203533071	0.000000000000
305.884708	0.000000000000	-2.669347641011	-2.669347641011	0.000000000000
306.244996	0.000000000000	-2.672491748950	-2.672491748950	0.000000000000
306.605284	0.000000000000	-2.675635856890	-2.675635856890	0.000000000000
306.965572	0.000000000000	-2.678779964830	-2.678779964830	0.000000000000
307.325861	0.000000000000	-2.681924072770	-2.681924072770	0.000000000000
307.686149	0.000000000000	-2.685068180710	-2.685068180710	0.000000000000
308.046437	0.000000000000	-2.688212288650	-2.688212288650	0.000000000000
308.406725	0.000000000000	-2.691356396590	-2.691356396590	0.000000000000
308.767014	0.000000000000	-2.694500504530	-2.694500504530	0.000000000000
309.127302	0.000000000000	-2.697644612470	-2.697644612470	0.000000000000
309.487590	0.000000000000	-2.700788720410	-2.700788720410	0.000000000000
309.847878	0.000000000000	-2.703932828350	-2.703932828350	0.000000000000
310.208167	0.000000000000	-2.707076936290	-2.707076936290	0.000000000000
310.568455	0.000000000000	-2.710221044230	-2.710221044230	0.000000000000
310.928743	0.000000000000	-2.713365152170	-2.713365152170	0.000000000000
311.289031	0.000000000000	-2.716509260110	-2.716509260110	0.000000000000
311.649319	0.000000000000	-2.719653368050	-2.719653368050	0.000000000000
312.009608	0.000000000000	-2.722797475990	-2.722797475990	0.000000000000
312.369896	0.000000000000	-2.725941583929	-2.725941583929	0.000000000000
312.730184	0.000000000000	-2.729085691869	-2.729085691869	0.000000000000
313.090472	0.000000000000	-2.732229799809	-2.732229799809	0.000000000000
313.450761	0.000000000000	-2.735373907749	-2.735373907749	0.000000000000
313.811049	0.000000000000	-2.738518015689	-2.738518015689	0.000000000000
314.171337	0.000000000000	-2.741662123629	-2.741662123629	0.000000000000
314.531625	0.000000000000	-2.744806231569	-2.744806231569	0.000000000000
314.891914	0.000000000000	-2.747950339509	-2.747950339509	0.000000000000
315.252202	0.000000000000	-2.751094447449	-2.751094447449	0.000000000000
315.612490	0.000000000000	-2.754238555389	-2.754238555389	0.000000000000
315.972778	0.000000000000	-2.757382663329	-2.757382663329	0.000000000000
316.333066	0.000000000000	-2.760526771269	-2.760526771269	0.000000000000
316.693355	0.000000000000	-2.763670879209	-2.763670879209	0.000000000000
317.053643	0.000000000000	-2.766814987149	-2.766814987149	0.000000000000
317.413931	0.000000000000	-2.769959095089	-2.769959095089	0.000000000000
317.774219	0.000000000000	-2.773103203029	-2.773103203029	0.000000000000
318.134508	0.000000000000	-2.776247310969	-2.776247310969	0.000000000000
318.494796	0.000000000000	-2.779391418909	-2.779391418909	0.000000000000
318.855084	0.000000000000	-2.782535526848	-2.782535526848	0.000000000000
319.215372	0.000000000000	-2.785679634788	-2.785679634788	0.000000000000
319.575661	0.000000000000	-2.788823742728	-2.788823742728	0.000000000000
319.935949	0.000000000000	-2.791967850668	-2.791967850668	0.000000000000
320.296237	0.000000000000	-2.795111958608	-2.795111958608	0.000000000000
320.656525	0.000000000000	-2.798256066548	-2.798256066548	0.000000000000
321.016813	0.000000000000	-2.801400174488	-2.801400174488	0.000000000000
321.377102	0.000000000000	-2.804544282428	-2.804544282428	0.000000000000
321.737390	0.000000000000	-2.807688390368	-2.807688390368	0.000000000000
322.097678	0.000000000000	-2.810832498308	-2.810832498308	0.000000000000
322.457966	0.000000000000	-2.813976606248	-2.813976606248	0.000000000000
322.818255	0.000000000000	-2.817120714188	-2.817120714188	0.000000000000
323.178543	0.000000000000	-2.820264822128	-2.820264822128	0.000000000000
323.538831	0.000000000000	-2.823408930068	-2.823408930068	0.000000000000
323.899119	0.000000000000	-2.826553038008	-2.826553038008	0.000000000000
324.259408	0.000000000000	-2.829697145948	-2.829697145948	0.000000000000
324.619696	0.000000000000	-2.832841253888	-2.832841253888	0.000000000000
324.979984	0.000000000000	-2.835985361827	-2.835985361827	0.000000000000
325.340272	0.000000000000	-2.839129469767	-2.839129469767	0.000000000000
325.700560	0.000000000000	-2.842273577707	-2.842273577707	0.000000000000
326.060849	0.000000000000	-2.845417685647	-2.845417685647	0.000000000000
326.421137	0.000000000000	-2.848561793587	-2.848561793587	0.000000000000
326.781425	0.000000000000	-2.851705901527	-2.851705901527	0.000000000000
327.141713	0.000000000000	-2.854850009467	-2.854850009467	0.000000000000
327.502002	0.000000000000	-2.857994117407	-2.857994117407	0.000000000000
327.862290	0.000000000000	-2.861138225347	-2.861138225347	0.000000000000
328.222578	0.000000000000	-2.864282333287	-2.864282333287	0.000000000000
328.582866	0.000000000000	-2.867426441227	-2.867426441227	0.000000000000
328.943155	0.000000000000	-2.870570549167	-2.870570549167	0.000000000000
329.303443	0.000000000000	-2.873714657107	-2.873714657107	0.000000000000
329.663731	0.000000000000	-2.876858765047	-2.876858765047	0.000000000000
330.024019	0.000000000000	-2.880002872987	-2.880002872987	0.000000000000
330.384307	0.000000000000	-2.883146980927	-2.883146980927	0.000000000000
330.744596	0.000000000000	-2.886291088867	-2.886291088867	0.000000000000
331.104884	0.000000000000	-2.889435196806	-2.889435196806	0.000000000000
331.465172	0.000000000000	-2.892579304746	-2.892579304746	0.000000000000
331.825460	0.000000000000	-2.895723412686	-2.895723412686	0.000000000000
332.185749	0.000000000000	-2.898867520626	-2.898867520626	0.000000000000
332.546037	0.000000000000	-2.902011628566	-2.902011628566	0.000000000000
332.906325	0.000000000000	-2.905155736506	-2.905155736506	0.000000000000
333.266613	0.000000000000	-2.908299844446	-2.908299844446	0.000000000000
333.626902	0.000000000000	-2.911443952386	-2.911443952386	0.000000000000
333.987190	0.000000000000	-2.914588060326	-2.914588060326	0.000000000000
334.347478	0.000000000000	-2.917732168266	-2.917732168266	0.000000000000
334.707766	0.000000000000	-2.920876276206	-2.920876276206	0.000000000000
335.068054	0.000000000000	-2.924020384146	-2.924020384146	0.000000000000
335.428343	0.000000000000	-2.927164492086	-2.927164492086	0.000000000000
335.788631	0.000000000000	-2.930308600026	-2.930308600026	0.000000000000
336.148919	0.000000000000	-2.933452707966	-2.933452707966	0.000000000000
336.509207	0.000000000000	-2.936596815906	-2.936596815906	0.000000000000
336.869496	0.000000000000	-2.939740923846	-2.939740923846	0.000000000000
337.229784	0.000000000000	-2.942885031785	-2.942885031785	0.000000000000
337.590072	0.000000000000	-2.946029139725	-2.946029139725	0.000000000000
337.950360	0.000000000000	-2.949173247665	-2.949173247665	0.000000000000
338.310649	0.000000000000	-2.952317355605	-2.952317355605	0.000000000000
338.670937	0.000000000000	-2.955461463545	-2.955461463545	0.000000000000
339.031225	0.000000000000	-2.958605571485	-2.958605571485	0.000000000000
339.391513	0.000000000000	-2.961749679425	-2.961749679425	0.000000000000
339.751801	0.000000000000	-2.964893787365	-2.964893787365	0.000000000000
340.112090	0.000000000000	-2.968037895305	-2.968037895305	0.000000000000
340.472378	0.000000000000	-2.971182003245	-2.971182003245	0.000000000000
340.832666	0.000000000000	-2.974326111185	-2.974326111185	0.000000000000
341.192954	0.000000000000	-2.977470219125	-2.977470219125	0.000000000000
341.553243	0.000000000000	-2.980614327065	-2.980614327065	0.000000000000
341.913531	0.000000000000	-2.983758435005	-2.983758435005	0.000000000000
342.273819	0.000000000000	-2.986902542945	-2.986902542945	0.000000000000
342.634107	0.000000000000	-2.990046650885	-2.990046650885	0.000000000000
342.994396	0.000000000000	-2.993190758825	-2.993190758825	0.000000000000
343.354684	0.000000000000	-2.996334866764	-2.996334866764	0.000000000000
343.714972	0.000000000000	-2.999478974704	-2.999478974704	0.000000000000
344.075260	0.000000000000	-3.002623082644	-3.002623082644	0.000000000000
344.435548	0.000000000000	-3.005767190584	-3.005767190584	0.000000000000
344.795837	0.000000000000	-3.008911298524	-3.008911298524	0.000000000000
345.156125	0.000000000000	-3.012055406464	-3.012055406464	0.000000000000
345.516413	0.000000000000	-3.015199514404	-3.015199514404	0.000000000000
345.876701	0.000000000000	-3.018343622344	-3.018343622344	0.000000000000
346.236990	0.000000000000	-3.021487730284	-3.021487730284	0.000000000000
346.597278	0.000000000000	-3.024631838224	-3.024631838224	0.000000000000
346.957566	0.000000000000	-3.027775946164	-3.027775946164	0.000000000000
347.317854	0.000000000000	-3.030920054104	-3.030920054104	0.000000000000
347.678143	0.000000000000	-3.034064162044	-3.034064162044	0.000000000000
348.038431	0.000000000000	-3.037208269984	-3.037208269984	0.000000000000
348.398719	0.000000000000	-3.040352377924	-3.040352377924	0.000000000000
348.759007	0.000000000000	-3.043496485864	-3.043496485864	0.000000000000
349.119295	0.000000000000	-3.046640593804	-3.046640593804	0.000000000000
349.479584	0.000000000000	-3.049784701743	-3.049784701743	0.000000000000
349.839872	0.000000000000	-3.052928809683	-3.052928809683	0.000000000000
350.200160	0.000000000000	-3.056072917623	-3.056072917623	0.000000000000
350.560448	0.000000000000	-3.059217025563	-3.059217025563	0.000000000000
350.920737	0.000000000000	-3.062361133503	-3.062361133503	0.000000000000
351.281025	0.000000000000	-3.065505241443	-3.065505241443	0.000000000000
351.641313	0.000000000000	-3.068649349383	-3.068649349383	0.000000000000
352.001601	0.000000000000	-3.071793457323	-3.071793457323	0.000000000000
352.361890	0.000000000000	-3.074937565263	-3.074937565263	0.000000000000
352.722178	0.000000000000	-3.078081673203	-3.078081673203	0.000000000000
353.082466	0.000000000000	-3.081225781143	-3.081225781143	0.000000000000
353.442754	0.000000000000	-3.084369889083	-3.084369889083	0.000000000000
353.803042	0.000000000000	-3.087513997023	-3.087513997023	0.000000000000
354.163331	0.000000000000	-3.090658104963	-3.090658104963	0.000000000000
354.523619	0.000000000000	-3.093802212903	-3.093802212903	0.000000000000
354.883907	0.000000000000	-3.096946320843	-3.096946320843	0.000000000000
355.244195	0.000000000000	-3.100090428783	-3.100090428783	0.000000000000
355.604484	0.000000000000	-3.103234536723	-3.103234536723	0.000000000000
355.964772	0.000000000000	-3.106378644662	-3.106378644662	0.000000000000
356.325060	0.000000000000	-3.109522752602	-3.109522752602	0.000000000000
356.685348	0.000000000000	-3.112666860542	-3.112666860542	0.000000000000
357.045637	0.000000000000	-3.115810968482	-3.115810968482	0.000000000000
357.405925	0.000000000000	-3.118955076422	-3.118955076422	0.000000000000
357.766213	0.000000000000	-3.122099184362	-3.122099184362	0.000000000000
358.126501	0.000000000000	-3.125243292302	-3.125243292302	0.000000000000
358.486789	0.000000000000	-3.128387400242	-3.128387400242	0.000000000000
358.847078	0.000000000000	-3.131531508182	-3.131531508182	0.000000000000
359.207366	0.000000000000	-3.134675616122	-3.134675616122	0.000000000000
359.567654	0.000000000000	-3.137819724062	-3.137819724062	0.000000000000
359.927942	0.000000000000	-3.140963832002	-3.140963832002	0.000000000000
360.288231	0.000000000000	-3.139077367238	-3.139077367238	0.000000000000
360.648519	0.000000000000	-3.135933259298	-3.135933259298	0.000000000000
361.008807	0.000000000000	-3.132789151358	-3.132789151358	0.000000000000
361.369095	0.000000000000	-3.129645043418	-3.129645043418	0.000000000000
361.729384	0.000000000000	-3.126500935478	-3.126500935478	0.000000000000
362.089672	0.000000000000	-3.123356827538	-3.123356827538	0.000000000000
362.449960	0.000000000000	-3.120212719598	-3.120212719598	0.000000000000
362.810248	0.000000000000	-3.117068611658	-3.117068611658	0.000000000000
363.170536	0.000000000000	-3.113924503718	-3.113924503718	0.000000000000
363.530825	0.000000000000	-3.110780395778	-3.110780395778	0.000000000000
363.891113	0.000000000000	-3.107636287838	-3.107636287838	0.000000000000
364.251401	0.000000000000	-3.104492179898	-3.104492179898	0.000000000000
364.611689	0.000000000000	-3.101348071959	-3.101348071959	0.000000000000
364.971978	0.000000000000	-3.098203964019	-3.098203964019	0.000000000000
365.332266	0.000000000000	-3.095059856079	-3.095059856079	0.000000000000
365.692554	0.000000000000	-3.091915748139	-3.091915748139	0.000000000000
366.052842	0.000000000000	-3.088771640199	-3.088771640199	0.000000000000
366.413131	0.000000000000	-3.085627532259	-3.085627532259	0.000000000000
366.773419	0.000000000000	-3.082483424319	-3.082483424319	0.000000000000
367.133707	0.000000000000	-3.079339316379	-3.079339316379	0.000000000000
367.493995	0.000000000000	-3.076195208439	-3.076195208439	0.000000000000
367.854283	0.000000000000	-3.073051100499	-3.073051100499	0.000000000000
368.214572	0.000000000000	-3.069906992559	-3.069906992559	0.000000000000
368.574860	0.000000000000	-3.066762884619	-3.066762884619	0.000000000000
368.935148	0.000000000000	-3.063618776679	-3.063618776679	0.000000000000
369.295436	0.000000000000	-3.060474668739	-3.060474668739	0.000000000000
369.655725	0.000000000000	-3.057330560799	-3.057330560799	0.000000000000
370.016013	0.000000000000	-3.054186452859	-3.054186452859	0.000000000000
370.376301	0.000000000000	-3.051042344919	-3.051042344919	0.000000000000
370.736589	0.000000000000	-3.047898236980	-3.047898236980	0.000000000000
371.096878	0.000000000000	-3.044754129040	-3.044754129040	0.000000000000
371.457166	0.000000000000	-3.041610021100	-3.041610021100	0.000000000000
371.817454	0.000000000000	-3.038465913160	-3.038465913160	0.000000000000
372.177742	0.000000000000	-3.035321805220	-3.035321805220	0.000000000000
372.538030	0.000000000000	-3.032177697280	-3.032177697280	0.000000000000
372.898319	0.000000000000	-3.029033589340	-3.029033589340	0.000000000000
373.258607	0.000000000000	-3.025889481400	-3.025889481400	0.000000000000
373.618895	0.000000000000	-3.022745373460	-3.022745373460	0.000000000000
373.979183	0.000000000000	-3.019601265520	-3.019601265520	0.000000000000
374.339472	0.000000000000	-3.016457157580	-3.016457157580	0.000000000000
374.699760	0.000000000000	-3.013313049640	-3.013313049640	0.000000000000
375.060048	0.000000000000	-3.010168941700	-3.010168941700	0.000000000000
375.420336	0.000000000000	-3.007024833760	-3.007024833760	0.000000000000
375.780624	0.000000000000	-3.003880725820	-3.003880725820	0.000000000000
376.140913	0.000000000000	-3.000736617880	-3.000736617880	0.000000000000
376.501201	0.000000000000	-2.997592509940	-2.997592509940	0.000000000000
376.861489	0.000000000000	-2.994448402001	-2.994448402001	0.000000000000
377.221777	0.000000000000	-2.991304294061	-2.991304294061	0.000000000000
377.582066	0.000000000000	-2.988160186121	-2.988160186121	0.000000000000
377.942354	0.000000000000	-2.985016078181	-2.985016078181	0.000000000000
378.302642	0.000000000000	-2.981871970241	-2.981871970241	0.000000000000
378.662930	0.000000000000	-2.978727862301	-2.978727862301	0.000000000000
379.023219	0.000000000000	-2.975583754361	-2.975583754361	0.000000000000
379.383507	0.000000000000	-2.972439646421	-2.972439646421	0.000000000000
379.743795	0.000000000000	-2.969295538481	-2.969295538481	0.000000000000
380.104083	0.000000000000	-2.966151430541	-2.966151430541	0.000000000000
380.464371	0.000000000000	-2.963007322601	-2.963007322601	0.000000000000
380.824660	0.000000000000	-2.959863214661	-2.959863214661	0.000000000000
381.184948	0.000000000000	-2.956719106721	-2.956719106721	0.000000000000
381.545236	0.000000000000	-2.953574998781	-2.953574998781	0.000000000000
381.905524	0.000000000000	-2.950430890841	-2.950430890841	0.000000000000
382.265813	0.000000000000	-2.947286782901	-2.947286782901	0.000000000000
382.626101	0.000000000000	-2.944142674961	-2.944142674961	0.000000000000
382.986389	0.000000000000	-2.940998567022	-2.940998567022	0.000000000000
383.346677	0.000000000000	-2.937854459082	-2.937854459082	0.000000000000
383.706966	0.000000000000	-2.934710351142	-2.934710351142	0.000000000000
384.067254	0.000000000000	-2.931566243202	-2.931566243202	0.000000000000
384.427542	0.000000000000	-2.928422135262	-2.928422135262	0.000000000000
384.787830	0.000000000000	-2.925278027322	-2.925278027322	0.000000000000
385.148118	0.000000000000	-2.922133919382	-2.922133919382	0.000000000000
385.508407	0.000000000000	-2.918989811442	-2.918989811442	0.000000000000
385.868695	0.000000000000	-2.915845703502	-2.915845703502	0.000000000000
386.228983	0.000000000000	-2.912701595562	-2.912701595562	0.000000000000
386.589271	0.000000000000	-2.909557487622	-2.909557487622	0.000000000000
386.949560	0.000000000000	-2.906413379682	-2.906413379682	0.000000000000
387.309848	0.000000000000	-2.903269271742	-2.903269271742	0.000000000000
387.670136	0.000000000000	-2.900125163802	-2.900125163802	0.000000000000
388.030424	0.000000000000	-2.896981055862	-2.896981055862	0.000000000000
388.390713	0.000000000000	-2.893836947922	-2.893836947922	0.000000000000
388.751001	0.000000000000	-2.890692839982	-2.890692839982	0.000000000000
389.111289	0.000000000000	-2.887548732043	-2.887548732043	0.000000000000
389.471577	0.000000000000	-2.884404624103	-2.884404624103	0.000000000000
389.831865	0.000000000000	-2.881260516163	-2.881260516163	0.000000000000
390.192154	0.000000000000	-2.878116408223	-2.878116408223	0.000000000000
390.552442	0.000000000000	-2.874972300283	-2.874972300283	0.000000000000
390.912730	0.000000000000	-2.871828192343	-2.871828192343	0.000000000000
391.273018	0.000000000000	-2.868684084403	-2.868684084403	0.000000000000
391.633307	0.000000000000	-2.865539976463	-2.865539976463	0.000000000000
391.993595	0.000000000000	-2.862395868523	-2.862395868523	0.000000000000
392.353883	0.000000000000	-2.859251760583	-2.859251760583	0.000000000000
392.714171	0.000000000000	-2.856107652643	-2.856107652643	0.000000000000
393.074460	0.000000000000	-2.852963544703	-2.852963544703	0.000000000000
393.434748	0.000000000000	-2.849819436763	-2.849819436763	0.000000000000
393.795036	0.000000000000	-2.846675328823	-2.846675328823	0.000000000000
394.155324	0.000000000000	-2.843531220883	-2.843531220883	0.000000000000
394.515612	0.000000000000	-2.840387112943	-2.840387112943	0.000000000000
394.875901	0.000000000000	-2.837243005003	-2.837243005003	0.000000000000
395.236189	0.000000000000	-2.834098897063	-2.834098897063	0.000000000000
395.596477	0.000000000000	-2.830954789124	-2.830954789124	0.000000000000
395.956765	0.000000000000	-2.827810681184	-2.827810681184	0.000000000000
396.317054	0.000000000000	-2.824666573244	-2.824666573244	0.000000000000
396.677342	0.000000000000	-2.821522465304	-2.821522465304	0.000000000000
397.037630	0.000000000000	-2.818378357364	-2.818378357364	0.000000000000
397.397918	0.000000000000	-2.815234249424	-2.815234249424	0.000000000000
397.758207	0.000000000000	-2.812090141484	-2.812090141484	0.000000000000
398.118495	0.000000000000	-2.808946033544	-2.808946033544	0.000000000000
398.478783	0.000000000000	-2.805801925604	-2.805801925604	0.000000000000
398.839071	0.000000000000	-2.802657817664	-2.802657817664	0.000000000000
399.199359	0.000000000000	-2.799513709724	-2.799513709724	0.000000000000
399.559648	0.000000000000	-2.796369601784	-2.796369601784	0.000000000000
399.919936	0.000000000000	-2.793225493844	-2.793225493844	0.000000000000
400.280224	0.000000000000	-2.790081385904	-2.790081385904	0.000000000000
400.640512	0.000000000000	-2.786937277964	-2.786937277964	0.000000000000
401.000801	0.000000000000	-2.783793170024	-2.783793170024	0.000000000000
401.361089	0.000000000000	-2.780649062084	-2.780649062084	0.000000000000
401.721377	0.000000000000	-2.777504954145	-2.777504954145	0.000000000000
402.081665	0.000000000000	-2.774360846205	-2.774360846205	0.000000000000
402.441954	0.000000000000	-2.771216738265	-2.771216738265	0.000000000000
402.802242	0.000000000000	-2.768072630325	-2.768072630325	0.000000000000
403.162530	0.000000000000	-2.764928522385	-2.764928522385	0.000000000000
403.522818	0.000000000000	-2.761784414445	-2.761784414445	0.000000000000
403.883106	0.000000000000	-2.758640306505	-2.758640306505	0.000000000000
404.243395	0.000000000000	-2.755496198565	-2.755496198565	0.000000000000
404.603683	0.000000000000	-2.752352090625	-2.752352090625	0.000000000000
404.963971	0.000000000000	-2.749207982685	-2.749207982685	0.000000000000
405.324259	0.000000000000	-2.746063874745	-2.746063874745	0.000000000000
405.684548	0.000000000000	-2.742919766805	-2.742919766805	0.000000000000
406.044836	0.000000000000	-2.739775658865	-2.739775658865	0.000000000000
406.405124	0.000000000000	-2.736631550925	-2.736631550925	0.000000000000
406.765412	0.000000000000	-2.733487442985	-2.733487442985	0.000000000000
407.125701	0.000000000000	-2.730343335045	-2.730343335045	0.000000000000
407.485989	0.000000000000	-2.727199227105	-2.727199227105	0.000000000000
407.846277	0.000000000000	-2.724055119166	-2.724055119166	0.000000000000
408.206565	0.000000000000	-2.720911011226	-2.720911011226	0.000000000000
408.566853	0.000000000000	-2.717766903286	-2.717766903286	0.000000000000
408.927142	0.000000000000	-2.714622795346	-2.714622795346	0.000000000000
409.287430	0.000000000000	-2.711478687406	-2.711478687406	0.000000000000
409.647718	0.000000000000	-2.708334579466	-2.708334579466	0.000000000000
410.008006	0.000000000000	-2.705190471526	-2.705190471526	0.000000000000
410.368295	0.000000000000	-2.702046363586	-2.702046363586	0.000000000000
410.728583	0.000000000000	-2.698902255646	-2.698902255646	0.000000000000
411.088871	0.000000000000	-2.695758147706	-2.695758147706	0.000000000000
411.449159	0.000000000000	-2.692614039766	-2.692614039766	0.000000000000
411.809448	0.000000000000	-2.689469931826	-2.689469931826	0.000000000000
412.169736	0.000000000000	-2.686325823886	-2.686325823886	0.000000000000
412.530024	0.000000000000	-2.683181715946	-2.683181715946	0.000000000000
412.890312	0.000000000000	-2.680037608006	-2.680037608006	0.000000000000
413.250600	0.000000000000	-2.676893500066	-2.676893500066	0.000000000000
413.610889	0.000000000000	-2.673749392126	-2.673749392126	0.000000000000
413.971177	0.000000000000	-2.670605284187	-2.670605284187	0.000000000000
414.331465	0.000000000000	-2.667461176247	-2.667461176247	0.000000000000
414.691753	0.000000000000	-2.664317068307	-2.664317068307	0.000000000000
415.052042	0.000000000000	-2.661172960367	-2.661172960367	0.000000000000
415.412330	0.000000000000	-2.658028852427	-2.658028852427	0.000000000000
415.772618	0.000000000000	-2.654884744487	-2.654884744487	0.000000000000
416.132906	0.000000000000	-2.651740636547	-2.651740636547	0.000000000000
416.493195	0.000000000000	-2.648596528607	-2.648596528607	0.000000000000
416.853483	0.000000000000	-2.645452420667	-2.645452420667	0.000000000000
417.213771	0.000000000000	-2.642308312727	-2.642308312727	0.000000000000
417.574059	0.000000000000	-2.639164204787	-2.639164204787	0.000000000000
417.934347	0.000000000000	-2.636020096847	-2.636020096847	0.000000000000
418.294636	0.000000000000	-2.632875988907	-2.632875988907	0.000000000000
418.654924	0.000000000000	-2.629731880967	-2.629731880967	0.000000000000
419.015212	0.000000000000	-2.626587773027	-2.626587773027	0.000000000000
419.375500	0.000000000000	-2.623443665087	-2.623443665087	0.000000000000
419.735789	0.000000000000	-2.620299557147	-2.620299557147	0.000000000000
420.096077	0.000000000000	-2.617155449208	-2.617155449208	0.000000000000
420.456365	0.000000000000	-2.614011341268	-2.614011341268	0.000000000000
420.816653	0.000000000000	-2.610867233328	-2.610867233328	0.000000000000
421.176942	0.000000000000	-2.607723125388	-2.607723125388	0.000000000000
421.537230	0.000000000000	-2.604579017448	-2.604579017448	0.000000000000
421.897518	0.000000000000	-2.601434909508	-2.601434909508	0.000000000000
422.257806	0.000000000000	-2.598290801568	-2.598290801568	0.000000000000
422.618094	0.000000000000	-2.595146693628	-2.595146693628	0.000000000000
422.978383	0.000000000000	-2.592002585688	-2.592002585688	0.000000000000
423.338671	0.000000000000	-2.588858477748	-2.588858477748	0.000000000000
423.698959	0.000000000000	-2.585714369808	-2.585714369808	0.000000000000
424.059247	0.000000000000	-2.582570261868	-2.582570261868	0.000000000000
424.419536	0.000000000000	-2.579426153928	-2.579426153928	0.000000000000
424.779824	0.000000000000	-2.576282045988	-2.576282045988	0.000000000000
425.140112	0.000000000000	-2.573137938048	-2.573137938048	0.000000000000
425.500400	0.000000000000	-2.569993830108	-2.569993830108	0.000000000000
425.860689	0.000000000000	-2.566849722168	-2.566849722168	0.000000000000
426.220977	0.000000000000	-2.563705614229	-2.563705614229	0.000000000000
426.581265	0.000000000000	-2.560561506289	-2.560561506289	0.000000000000
426.941553	0.000000000000	-2.557417398349	-2.557417398349	0.000000000000
427.301841	0.000000000000	-2.554273290409	-2.554273290409	0.000000000000
427.662130	0.000000000000	-2.551129182469	-2.551129182469	0.000000000000
428.022418	0.000000000000	-2.547985074529	-2.547985074529	0.000000000000
428.382706	0.000000000000	-2.544840966589	-2.544840966589	0.000000000000
428.742994	0.000000000000	-2.541696858649	-2.541696858649	0.000000000000
429.103283	0.000000000000	-2.538552750709	-2.538552750709	0.000000000000
429.463571	0.000000000000	-2.535408642769	-2.535408642769	0.000000000000
429.823859	0.000000000000	-2.532264534829	-2.532264534829	0.000000000000
430.184147	0.000000000000	-2.529120426889	-2.529120426889	0.000000000000
430.544436	0.000000000000	-2.525976318949	-2.525976318949	0.000000000000
430.904724	0.000000000000	-2.522832211009	-2.522832211009	0.000000000000
431.265012	0.000000000000	-2.519688103069	-2.519688103069	0.000000000000
431.625300	0.000000000000	-2.516543995129	-2.516543995129	0.000000000000
431.985588	0.000000000000	-2.513399887189	-2.513399887189	0.000000000000
432.345877	0.000000000000	-2.510255779249	-2.510255779249	0.000000000000
432.706165	0.000000000000	-2.507111671310	-2.507111671310	0.000000000000
433.066453	0.000000000000	-2.503967563370	-2.503967563370	0.000000000000
433.426741	0.000000000000	-2.500823455430	-2.500823455430	0.000000000000
433.787030	0.000000000000	-2.497679347490	-2.497679347490	0.000000000000
434.147318	0.000000000000	-2.494535239550	-2.494535239550	0.000000000000
434.507606	0.000000000000	-2.491391131610	-2.491391131610	0.000000000000
434.867894	0.000000000000	-2.488247023670	-2.488247023670	0.000000000000
435.228183	0.000000000000	-2.485102915730	-2.485102915730	0.000000000000
435.588471	0.000000000000	-2.481958807790	-2.481958807790	0.000000000000
435.948759	0.000000000000	-2.478814699850	-2.478814699850	0.000000000000
436.309047	0.000000000000	-2.475670591910	-2.475670591910	0.000000000000
436.669335	0.000000000000	-2.472526483970	-2.472526483970	0.000000000000
437.029624	0.000000000000	-2.469382376030	-2.469382376030	0.000000000000
437.389912	0.000000000000	-2.466238268090	-2.466238268090	0.000000000000
437.750200	0.000000000000	-2.463094160150	-2.463094160150	0.000000000000
438.110488	0.000000000000	-2.459950052210	-2.459950052210	0.000000000000
438.470777	0.000000000000	-2.456805944270	-2.456805944270	0.000000000000
438.831065	0.000000000000	-2.453661836331	-2.453661836331	0.000000000000
439.191353	0.000000000000	-2.450517728391	-2.450517728391	0.000000000000
439.551641	0.000000000000	-2.447373620451	-2.447373620451	0.000000000000
439.911930	0.000000000000	-2.444229512511	-2.444229512511	0.000000000000
440.272218	0.000000000000	-2.441085404571	-2.441085404571	0.000000000000
440.632506	0.000000000000	-2.437941296631	-2.437941296631	0.000000000000
440.992794	0.000000000000	-2.434797188691	-2.434797188691	0.000000000000
441.353082	0.000000000000	-2.431653080751	-2.431653080751	0.000000000000
441.713371	0.000000000000	-2.428508972811	-2.428508972811	0.000000000000
442.073659	0.000000000000	-2.425364864871	-2.425364864871	0.000000000000
442.433947	0.000000000000	-2.422220756931	-2.422220756931	0.000000000000
442.794235	0.000000000000	-2.419076648991	-2.419076648991	0.000000000000
443.154524	0.000000000000	-2.415932541051	-2.415932541051	0.000000000000
443.514812	0.000000000000	-2.412788433111	-2.412788433111	0.000000000000
443.875100	0.000000000000	-2.409644325171	-2.409644325171	0.000000000000
444.235388	0.000000000000	-2.406500217231	-2.406500217231	0.000000000000
444.595677	0.000000000000	-2.403356109291	-2.403356109291	0.000000000000
444.955965	0.000000000000	-2.400212001352	-2.400212001352	0.000000000000
445.316253	0.000000000000	-2.397067893412	-2.397067893412	0.000000000000
445.676541	0.000000000000	-2.393923785472	-2.393923785472	0.000000000000
446.036829	0.000000000000	-2.390779677532	-2.390779677532	0.000000000000
446.397118	0.000000000000	-2.387635569592	-2.387635569592	0.000000000000
446.757406	0.000000000000	-2.384491461652	-2.384491461652	0.000000000000
447.117694	0.000000000000	-2.381347353712	-2.381347353712	0.000000000000
447.477982	0.000000000000	-2.378203245772	-2.378203245772	0.000000000000
447.838271	0.000000000000	-2.375059137832	-2.375059137832	0.000000000000
448.198559	0.000000000000	-2.371915029892	-2.371915029892	0.000000000000
448.558847	0.000000000000	-2.368770921952	-2.368770921952	0.000000000000
448.919135	0.000000000000	-2.365626814012	-2.365626814012	0.000000000000
449.279424	0.000000000000	-2.362482706072	-2.362482706072	0.000000000000
449.639712	0.000000000000	-2.359338598132	-2.359338598132	0.000000000000
450.000000	0.000000000000	-2.356194490192	-2.356194490192	0.000000000000
