Theta (degrees)	Normalized Energy
0.000000000000000000e+00 3.417829602473799189e-01
3.599999999999999867e-01 3.418061467419948873e-01
7.199999999999999734e-01 3.418755471687052183e-01
1.080000000000000071e+00 3.419906892074519034e-01
1.439999999999999947e+00 3.421508014867195580e-01
1.800000000000000266e+00 3.423548361702929421e-01
2.160000000000000142e+00 3.426014984125931306e-01
2.520000000000000018e+00 3.428892808292951511e-01
2.879999999999999893e+00 3.432165009826464996e-01
3.239999999999999769e+00 3.435813399252645728e-01
3.600000000000000533e+00 3.439818800487292050e-01
3.960000000000000409e+00 3.444161407951339959e-01
4.320000000000000284e+00 3.448821111574479348e-01
4.679999999999999716e+00 3.453777782697079468e-01
5.040000000000000036e+00 3.459011517330896068e-01
5.400000000000000355e+00 3.464502836146645670e-01
5.759999999999999787e+00 3.470232842807174367e-01
6.120000000000000107e+00 3.476183343847850105e-01
6.479999999999999538e+00 3.482336934282411200e-01
6.840000000000000746e+00 3.488677053583286725e-01
7.200000000000001066e+00 3.495188016767263317e-01
7.560000000000000497e+00 3.501855025122154741e-01
7.920000000000000817e+00 3.508664160737063331e-01
8.280000000000001137e+00 3.515602368526950516e-01
8.640000000000000568e+00 3.522657428932500778e-01
9.000000000000000000e+00 3.529817923969877924e-01
9.359999999999999432e+00 3.537073198830014698e-01
9.720000000000002416e+00 3.544413320798410760e-01
1.008000000000000007e+01 3.551829036892060198e-01
1.044000000000000128e+01 3.559311731290492609e-01
1.080000000000000071e+01 3.566853383371159647e-01
1.116000000000000014e+01 3.574446526940643909e-01
1.151999999999999957e+01 3.582084211076766445e-01
1.188000000000000078e+01 3.589759962856798325e-01
1.224000000000000021e+01 3.597467752137545327e-01
1.260000000000000142e+01 3.605201958469518297e-01
1.295999999999999908e+01 3.612957340163880371e-01
1.331999999999999851e+01 3.620729005484551455e-01
1.368000000000000149e+01 3.628512385904563153e-01
1.404000000000000270e+01 3.636303211342629682e-01
1.440000000000000213e+01 3.644097487281233727e-01
1.475999999999999979e+01 3.651891473658538390e-01
1.512000000000000099e+01 3.659681665422547803e-01
1.548000000000000043e+01 3.667464774635006419e-01
1.584000000000000163e+01 3.675237714014368828e-01
1.620000000000000284e+01 3.682997581810815713e-01
1.656000000000000227e+01 3.690741647910651957e-01
1.691999999999999815e+01 3.698467341073211068e-01
1.728000000000000114e+01 3.706172237208954501e-01
1.764000000000000057e+01 3.713854048613546843e-01
1.800000000000000000e+01 3.721510614078773482e-01
1.835999999999999943e+01 3.729139889806912800e-01
1.871999999999999886e+01 3.736739941060890913e-01
1.908000000000000185e+01 3.744308934488037033e-01
1.944000000000000483e+01 3.751845131060135841e-01
1.980000000000000426e+01 3.759346879577512013e-01
2.016000000000000014e+01 3.766812610688964891e-01
2.052000000000000313e+01 3.774240831383942063e-01
2.088000000000000256e+01 3.781630119916585819e-01
2.124000000000000554e+01 3.788979121125326532e-01
2.160000000000000142e+01 3.796286542114468143e-01
2.196000000000000085e+01 3.803551148267361182e-01
2.232000000000000028e+01 3.810771759563438277e-01
2.267999999999999972e+01 3.817947247173671954e-01
2.303999999999999915e+01 3.825076530311504186e-01
2.340000000000000213e+01 3.832158573318056871e-01
2.376000000000000156e+01 3.839192382962475225e-01
2.412000000000000099e+01 3.846177005939860338e-01
2.448000000000000043e+01 3.853111526550796473e-01
2.484000000000000341e+01 3.859995064547863119e-01
2.520000000000000284e+01 3.866826773135761952e-01
2.556000000000000227e+01 3.873605837112943373e-01
2.591999999999999815e+01 3.880331471143522171e-01
2.627999999999999758e+01 3.887002918149322639e-01
2.663999999999999702e+01 3.893619447812695089e-01
2.700000000000000355e+01 3.900180355181672720e-01
2.736000000000000298e+01 3.906684959369480237e-01
2.772000000000000242e+01 3.913132602341412580e-01
2.808000000000000540e+01 3.919522647782355262e-01
2.844000000000000483e+01 3.925854480039026595e-01
2.880000000000000426e+01 3.932127503131377377e-01
2.916000000000000014e+01 3.938341139828011594e-01
2.951999999999999957e+01 3.944494830781033468e-01
2.987999999999999901e+01 3.950588033715999314e-01
3.024000000000000199e+01 3.956620222672939668e-01
3.059999999999999787e+01 3.962590887294962227e-01
3.096000000000000085e+01 3.968499532160968402e-01
3.132000000000000739e+01 3.974345676159372620e-01
3.168000000000000327e+01 3.980128851900061049e-01
3.204000000000000625e+01 3.985848605161922409e-01
3.240000000000000568e+01 3.991504494373467882e-01
3.276000000000000512e+01 3.997096090124341861e-01
3.312000000000000455e+01 4.002622974705649095e-01
3.348000000000000398e+01 4.008084741677144236e-01
3.383999999999999631e+01 4.013480995459526302e-01
3.420000000000000284e+01 4.018811350950199368e-01
3.456000000000000227e+01 4.024075433160884119e-01
3.492000000000000171e+01 4.029272876875844567e-01
3.528000000000000114e+01 4.034403326329221717e-01
3.564000000000000767e+01 4.039466434900308434e-01
3.600000000000000000e+01 4.044461864825800723e-01
3.636000000000000654e+01 4.049389286927648213e-01
3.671999999999999886e+01 4.054248380355852110e-01
3.707999999999999829e+01 4.059038832345082115e-01
3.743999999999999773e+01 4.063760337984326232e-01
3.780000000000000426e+01 4.068412599998840751e-01
3.816000000000000369e+01 4.072995328543585480e-01
3.852000000000000313e+01 4.077508241007510859e-01
3.888000000000000966e+01 4.081951061827974181e-01
3.924000000000000199e+01 4.086323522314850853e-01
3.960000000000000853e+01 4.090625360483605699e-01
3.996000000000000085e+01 4.094856320896875235e-01
4.032000000000000028e+01 4.099016154514154575e-01
4.067999999999999972e+01 4.103104618548982785e-01
4.104000000000000625e+01 4.107121476333311372e-01
4.139999999999999858e+01 4.111066497188618496e-01
4.176000000000000512e+01 4.114939456303434717e-01
4.211999999999999744e+01 4.118740134616838966e-01
4.248000000000001108e+01 4.122468318707731560e-01
4.283999999999999631e+01 4.126123800689445731e-01
4.320000000000000284e+01 4.129706378109519460e-01
4.356000000000000227e+01 4.133215853854306232e-01
4.392000000000000171e+01 4.136652036058130477e-01
4.428000000000000114e+01 4.140014738016884466e-01
4.464000000000000057e+01 4.143303778105695279e-01
4.500000000000000000e+01 4.146518979700553054e-01
4.535999999999999943e+01 4.149660171103650708e-01
4.571999999999999886e+01 4.152727185472273597e-01
4.607999999999999829e+01 4.155719860751108663e-01
4.644000000000000483e+01 4.158638039607674974e-01
4.680000000000000426e+01 4.161481569370962252e-01
4.716000000000000369e+01 4.164250301972799440e-01
4.752000000000000313e+01 4.166944093892187562e-01
4.788000000000000256e+01 4.169562806102172225e-01
4.824000000000000199e+01 4.172106304019307932e-01
4.860000000000000142e+01 4.174574457455549892e-01
4.896000000000000085e+01 4.176967140572414583e-01
4.932000000000000739e+01 4.179284231837455676e-01
4.968000000000000682e+01 4.181525613982763345e-01
5.004000000000000625e+01 4.183691173965615184e-01
5.040000000000000568e+01 4.185780802930997857e-01
5.076000000000000512e+01 4.187794396176046652e-01
5.112000000000000455e+01 4.189731853116347438e-01
5.148000000000000398e+01 4.191593077253832900e-01
5.183999999999999631e+01 4.193377976146600572e-01
5.220000000000000284e+01 4.195086461380064802e-01
5.255999999999999517e+01 4.196718448539899504e-01
5.292000000000000881e+01 4.198273857186405333e-01
5.327999999999999403e+01 4.199752610830313482e-01
5.364000000000000767e+01 4.201154636910028328e-01
5.400000000000000711e+01 4.202479866770261197e-01
5.436000000000000654e+01 4.203728235642025801e-01
5.472000000000000597e+01 4.204899682623794988e-01
5.507999999999999829e+01 4.205994150664096320e-01
5.544000000000000483e+01 4.207011586545207349e-01
5.579999999999999716e+01 4.207951940868108198e-01
5.616000000000001080e+01 4.208815168038592680e-01
5.651999999999999602e+01 4.209601226254532924e-01
5.688000000000000966e+01 4.210310077494253123e-01
5.724000000000000199e+01 4.210941687506057907e-01
5.760000000000000853e+01 4.211496025798754927e-01
5.796000000000000796e+01 4.211973065633334290e-01
5.832000000000000028e+01 4.212372784015673832e-01
5.867999999999999972e+01 4.212695161690270251e-01
5.903999999999999915e+01 4.212940183135019945e-01
5.940000000000001279e+01 4.213107836557007935e-01
5.975999999999999801e+01 4.213198113889356500e-01
6.012000000000000455e+01 4.213211010788989186e-01
6.048000000000000398e+01 4.213146526635505040e-01
6.084000000000001052e+01 4.213004664531000976e-01
6.119999999999999574e+01 4.212785431300898331e-01
6.156000000000000227e+01 4.212488837495809713e-01
6.192000000000000171e+01 4.212114897394348967e-01
6.228000000000000114e+01 4.211663629007014742e-01
6.264000000000001478e+01 4.211135054081099338e-01
6.300000000000000000e+01 4.210529198106545135e-01
6.336000000000000654e+01 4.209846090322933443e-01
6.372000000000000597e+01 4.209085763727480334e-01
6.408000000000001251e+01 4.208248255084084399e-01
6.443999999999999773e+01 4.207333604933479188e-01
6.480000000000001137e+01 4.206341857604499745e-01
6.516000000000001080e+01 4.205273061226383335e-01
6.552000000000001023e+01 4.204127267742362450e-01
6.587999999999999545e+01 4.202904532924239267e-01
6.624000000000000909e+01 4.201604916388290145e-01
6.660000000000000853e+01 4.200228481612355846e-01
6.696000000000000796e+01 4.198775295954114140e-01
6.731999999999999318e+01 4.197245430670747401e-01
6.767999999999999261e+01 4.195638960939837014e-01
6.804000000000000625e+01 4.193955965881671633e-01
6.840000000000000568e+01 4.192196528582922133e-01
6.875999999999999091e+01 4.190360736121803709e-01
6.912000000000000455e+01 4.188448679594687363e-01
6.948000000000000398e+01 4.186460454144275700e-01
6.984000000000000341e+01 4.184396158989410752e-01
7.020000000000000284e+01 4.182255897456476079e-01
7.056000000000000227e+01 4.180039777012565794e-01
7.092000000000000171e+01 4.177747909300442708e-01
7.128000000000001535e+01 4.175380410175336121e-01
7.164000000000001478e+01 4.172937399743693598e-01
7.200000000000000000e+01 4.170419002403891184e-01
7.235999999999999943e+01 4.167825346889164617e-01
7.272000000000001307e+01 4.165156566312588349e-01
7.308000000000001251e+01 4.162412798214451537e-01
7.343999999999999773e+01 4.159594184611978274e-01
7.379999999999999716e+01 4.156700872051527496e-01
7.415999999999999659e+01 4.153733011663501284e-01
7.452000000000001023e+01 4.150690759219852199e-01
7.487999999999999545e+01 4.147574275194608751e-01
7.524000000000000909e+01 4.144383724827321869e-01
7.560000000000000853e+01 4.141119278189704933e-01
7.596000000000000796e+01 4.137781110255593364e-01
7.632000000000000739e+01 4.134369400974367004e-01
7.668000000000000682e+01 4.130884335348127823e-01
7.704000000000000625e+01 4.127326103512624078e-01
7.740000000000000568e+01 4.123694900822296727e-01
7.776000000000001933e+01 4.119990927939651271e-01
7.812000000000000455e+01 4.116214390929047173e-01
7.848000000000000398e+01 4.112365501355335073e-01
7.884000000000000341e+01 4.108444476387453914e-01
7.920000000000001705e+01 4.104451538907386010e-01
7.956000000000000227e+01 4.100386917624642691e-01
7.992000000000000171e+01 4.096250847196772904e-01
8.028000000000000114e+01 4.092043568356039662e-01
8.064000000000000057e+01 4.087765328042765045e-01
8.100000000000000000e+01 4.083416379545701247e-01
8.135999999999999943e+01 4.078996982649797376e-01
8.172000000000001307e+01 4.074507403791869931e-01
8.208000000000001251e+01 4.069947916224634921e-01
8.243999999999999773e+01 4.065318800189522408e-01
8.279999999999999716e+01 4.060620343099039520e-01
8.315999999999999659e+01 4.055852839728950610e-01
8.352000000000001023e+01 4.051016592421184392e-01
8.387999999999999545e+01 4.046111911298002073e-01
8.423999999999999488e+01 4.041139114488144224e-01
8.459999999999999432e+01 4.036098528365745786e-01
8.496000000000002217e+01 4.030990487802889044e-01
8.532000000000002160e+01 4.025815336436635583e-01
8.567999999999999261e+01 4.020573426951448703e-01
8.604000000000000625e+01 4.015265121378178703e-01
8.640000000000000568e+01 4.009890791410583577e-01
8.676000000000001933e+01 4.004450818740590834e-01
8.712000000000000455e+01 3.998945595413699317e-01
8.748000000000000398e+01 3.993375524205711180e-01
8.784000000000000341e+01 3.987741019022503774e-01
8.820000000000001705e+01 3.982042505324236426e-01
8.856000000000000227e+01 3.976280420575861729e-01
8.892000000000000171e+01 3.970455214725827076e-01
8.928000000000000114e+01 3.964567350714860994e-01
8.964000000000000057e+01 3.958617305017199106e-01
9.000000000000000000e+01 3.952605568216472354e-01
9.035999999999999943e+01 3.946532645618910928e-01
9.071999999999999886e+01 3.940399057906660008e-01
9.107999999999999829e+01 3.934205341834084435e-01
9.143999999999999773e+01 3.927952050970540121e-01
9.179999999999999716e+01 3.921639756492933948e-01
9.215999999999999659e+01 3.915269048032046229e-01
9.252000000000001023e+01 3.908840534576851766e-01
9.288000000000000966e+01 3.902354845441166620e-01
9.324000000000000909e+01 3.895812631297819739e-01
9.360000000000000853e+01 3.889214565285540326e-01
9.396000000000000796e+01 3.882561344194535025e-01
9.432000000000000739e+01 3.875853689737048247e-01
9.468000000000000682e+01 3.869092349909946660e-01
9.504000000000000625e+01 3.862278100456881247e-01
9.540000000000000568e+01 3.855411746438305864e-01
9.576000000000000512e+01 3.848494123918421717e-01
9.612000000000000455e+01 3.841526101778965363e-01
9.648000000000000398e+01 3.834508583670602211e-01
9.684000000000000341e+01 3.827442510113768792e-01
9.720000000000000284e+01 3.820328860761946221e-01
9.756000000000000227e+01 3.813168656841478543e-01
9.792000000000000171e+01 3.805962963783495745e-01
9.828000000000000114e+01 3.798712894064955048e-01
9.864000000000001478e+01 3.791419610277376173e-01
9.900000000000001421e+01 3.784084328443741430e-01
9.936000000000001364e+01 3.776708321605958263e-01
9.972000000000001307e+01 3.769292923707470711e-01
1.000800000000000125e+02 3.761839533797853297e-01
1.004400000000000119e+02 3.754349620589023662e-01
1.008000000000000114e+02 3.746824727395433041e-01
1.011600000000000108e+02 3.739266477493670693e-01
1.015200000000000102e+02 3.731676579940419458e-01
1.018800000000000097e+02 3.724056835891315642e-01
1.022400000000000091e+02 3.716409145467276520e-01
1.026000000000000085e+02 3.708735515219211964e-01
1.029600000000000080e+02 3.701038066246670755e-01
1.033200000000000074e+02 3.693319043030945381e-01
1.036799999999999926e+02 3.685580823048512089e-01
1.040400000000000063e+02 3.677825927236123560e-01
1.044000000000000057e+02 3.670057031384915125e-01
1.047600000000000051e+02 3.662276978546586959e-01
1.051199999999999903e+02 3.654488792540974695e-01
1.054800000000000182e+02 3.646695692660160693e-01
1.058400000000000176e+02 3.638901109669753220e-01
1.062000000000000171e+02 3.631108703213156153e-01
1.065599999999999881e+02 3.623322380728385417e-01
1.069200000000000017e+02 3.615546317989573599e-01
1.072800000000000153e+02 3.607784981385359080e-01
1.076400000000000148e+02 3.600043152043621020e-01
1.080000000000000142e+02 3.592325951904849490e-01
1.083599999999999994e+02 3.584638871833876750e-01
1.087200000000000131e+02 3.576987801839536796e-01
1.090800000000000125e+02 3.569379063442454925e-01
1.094400000000000119e+02 3.561819444189163186e-01
1.097999999999999972e+02 3.554316234253773743e-01
1.101599999999999966e+02 3.546877264991742384e-01
1.105200000000000102e+02 3.539510949210263324e-01
1.108800000000000097e+02 3.532226322790404938e-01
1.112399999999999949e+02 3.525033087132937171e-01
1.115999999999999943e+02 3.517941651695502547e-01
1.119600000000000222e+02 3.510963175638655009e-01
1.123200000000000216e+02 3.504109607296943540e-01
1.126799999999999926e+02 3.497393719834773207e-01
1.130399999999999920e+02 3.490829141036199124e-01
1.134000000000000057e+02 3.484430374716522283e-01
1.137600000000000193e+02 3.478212810745919814e-01
1.141200000000000045e+02 3.472192720162103341e-01
1.144800000000000040e+02 3.466387231359341348e-01
1.148400000000000034e+02 3.460814282927044405e-01
1.152000000000000171e+02 3.455492548446581491e-01
1.155600000000000165e+02 3.450441328532541374e-01
1.159200000000000159e+02 3.445680405732726714e-01
1.162800000000000153e+02 3.441229858696815969e-01
1.166400000000000006e+02 3.437109833394945690e-01
1.170000000000000000e+02 3.433340271192618087e-01
1.173599999999999994e+02 3.429940596283818088e-01
1.177199999999999989e+02 3.426929368273842202e-01
1.180799999999999983e+02 3.424323909389915266e-01
1.184400000000000261e+02 3.422139919548690123e-01
1.188000000000000256e+02 3.420391095872949982e-01
1.191600000000000250e+02 3.419088775698338467e-01
1.195199999999999960e+02 3.418241623128873696e-01
1.198800000000000097e+02 3.417855378389066945e-01
1.202400000000000091e+02 3.417932686408398646e-01
1.206000000000000085e+02 3.418473016392684083e-01
1.209600000000000080e+02 3.419472678038171232e-01
1.213200000000000074e+02 3.420924933240898080e-01
1.216800000000000210e+02 3.422820195495061002e-01
1.220400000000000205e+02 3.425146303479316701e-01
1.223999999999999915e+02 3.427888851236871037e-01
1.227600000000000051e+02 3.431031555211860318e-01
1.231200000000000045e+02 3.434556638235182757e-01
1.234800000000000040e+02 3.438445212100381121e-01
1.238400000000000034e+02 3.442677643183525427e-01
1.242000000000000028e+02 3.447233889109543314e-01
1.245600000000000023e+02 3.452093798242306666e-01
1.249200000000000301e+02 3.457237367359923819e-01
1.252800000000000296e+02 3.462644955983991690e-01
1.256399999999999864e+02 3.468297458306660586e-01
1.260000000000000000e+02 3.474176435461184820e-01
1.263600000000000136e+02 3.480264212050112049e-01
1.267200000000000131e+02 3.486543941472445285e-01
1.270800000000000125e+02 3.492999644789418490e-01
1.274400000000000119e+02 3.499616227753833408e-01
1.278000000000000114e+02 3.506379480304477325e-01
1.281600000000000250e+02 3.513276062380363829e-01
1.285199999999999818e+02 3.520293479407082260e-01
1.288799999999999955e+02 3.527420050296288245e-01
1.292400000000000091e+02 3.534644870311559051e-01
1.296000000000000227e+02 3.541957770708870079e-01
1.299600000000000080e+02 3.549349276666769470e-01
1.303200000000000216e+02 3.556810564683944298e-01
1.306800000000000068e+02 3.564333420337516545e-01
1.310400000000000205e+02 3.571910197061647918e-01
1.314000000000000341e+02 3.579533776415882440e-01
1.317599999999999909e+02 3.587197530161380099e-01
1.321200000000000045e+02 3.594895284344280517e-01
1.324800000000000182e+02 3.602621285493659009e-01
1.328400000000000034e+02 3.610370168971950289e-01
1.332000000000000171e+02 3.618136929464083051e-01
1.335600000000000023e+02 3.625916893554075315e-01
1.339200000000000159e+02 3.633705694311943346e-01
1.342800000000000011e+02 3.641499247796241012e-01
1.346399999999999864e+02 3.649293731366987092e-01
1.350000000000000000e+02 3.657085563698264097e-01
1.353599999999999852e+02 3.664871386377930307e-01
1.357199999999999989e+02 3.672648046983071901e-01
1.360800000000000125e+02 3.680412583522572056e-01
1.364400000000000261e+02 3.688162210142775788e-01
1.368000000000000114e+02 3.695894303997419028e-01
1.371600000000000250e+02 3.703606393188297319e-01
1.375199999999999818e+02 3.711296145689880199e-01
1.378799999999999955e+02 3.718961359176316539e-01
1.382400000000000091e+02 3.726599951675826361e-01
1.385999999999999943e+02 3.734209952982731617e-01
1.389600000000000080e+02 3.741789496763306966e-01
1.393200000000000216e+02 3.749336813296463289e-01
1.396800000000000068e+02 3.756850222795312666e-01
1.400400000000000205e+02 3.764328129260286482e-01
1.404000000000000057e+02 3.771769014818475707e-01
1.407599999999999909e+02 3.779171434507985206e-01
1.411200000000000045e+02 3.786534011469540051e-01
1.414799999999999898e+02 3.793855432510898629e-01
1.418400000000000034e+02 3.801134444012751468e-01
1.422000000000000171e+02 3.808369848147371561e-01
1.425600000000000307e+02 3.815560499383938708e-01
1.429200000000000159e+02 3.822705301256774657e-01
1.432800000000000296e+02 3.829803203374640419e-01
1.436399999999999864e+02 3.836853198651432595e-01
1.440000000000000000e+02 3.843854320740074937e-01
1.443600000000000136e+02 3.850805641653245459e-01
1.447199999999999989e+02 3.857706269555717382e-01
1.450800000000000125e+02 3.864555346714702577e-01
1.454400000000000261e+02 3.871352047595649770e-01
1.458000000000000114e+02 3.878095577091839052e-01
1.461600000000000250e+02 3.884785168877499251e-01
1.465200000000000102e+02 3.891420083874665425e-01
1.468799999999999955e+02 3.897999608825158391e-01
1.472400000000000091e+02 3.904523054959441741e-01
1.475999999999999943e+02 3.910989756755124946e-01
1.479600000000000080e+02 3.917399070778336267e-01
1.483199999999999932e+02 3.923750374601671087e-01
1.486800000000000352e+02 3.930043065793122348e-01
1.490400000000000205e+02 3.936276560970723426e-01
1.494000000000000341e+02 3.942450294918042886e-01
1.497599999999999909e+02 3.948563719756257862e-01
1.501200000000000045e+02 3.954616304168577789e-01
1.504800000000000182e+02 3.960607532673340314e-01
1.508400000000000034e+02 3.966536904942375430e-01
1.512000000000000171e+02 3.972403935161448740e-01
1.515600000000000023e+02 3.978208151429720174e-01
1.519200000000000159e+02 3.983949095195693513e-01
1.522800000000000296e+02 3.989626320727095998e-01
1.526400000000000148e+02 3.995239394612316031e-01
1.530000000000000000e+02 4.000787895291358365e-01
1.533600000000000136e+02 4.006271412614259564e-01
1.537199999999999989e+02 4.011689547425234537e-01
1.540800000000000125e+02 4.017041911170761148e-01
1.544399999999999977e+02 4.022328125530082454e-01
1.548000000000000114e+02 4.027547822066716021e-01
1.551600000000000250e+02 4.032700641899559790e-01
1.555200000000000387e+02 4.037786235392325507e-01
1.558799999999999955e+02 4.042804261860220016e-01
1.562400000000000091e+02 4.047754389292736454e-01
1.565999999999999943e+02 4.052636294091581104e-01
1.569600000000000080e+02 4.057449660822733395e-01
1.573200000000000216e+02 4.062194181981904628e-01
1.576800000000000068e+02 4.066869557772432309e-01
1.580400000000000205e+02 4.071475495894993912e-01
1.584000000000000341e+02 4.076011711348287436e-01
1.587599999999999909e+02 4.080477926240220210e-01
1.591200000000000045e+02 4.084873869608828256e-01
1.594800000000000182e+02 4.089199277252364428e-01
1.598400000000000034e+02 4.093453891568183955e-01
1.602000000000000171e+02 4.097637461399714076e-01
1.605600000000000023e+02 4.101749741891240753e-01
1.609200000000000159e+02 4.105790494349876307e-01
1.612800000000000011e+02 4.109759486114527571e-01
1.616400000000000432e+02 4.113656490431247814e-01
1.620000000000000000e+02 4.117481286334875312e-01
1.623600000000000136e+02 4.121233658536311295e-01
1.627199999999999989e+02 4.124913397315491115e-01
1.630799999999999841e+02 4.128520298419364187e-01
1.634400000000000261e+02 4.132054162964991506e-01
1.638000000000000398e+02 4.135514797347193960e-01
1.641600000000000250e+02 4.138902013150692616e-01
1.645200000000000387e+02 4.142215627066423989e-01
1.648799999999999955e+02 4.145455460811910409e-01
1.652400000000000091e+02 4.148621341055332423e-01
1.655999999999999943e+02 4.151713099343327662e-01
1.659600000000000080e+02 4.154730572032067082e-01
1.663199999999999932e+02 4.157673600221807875e-01
1.666800000000000352e+02 4.160542029694335175e-01
1.670400000000000205e+02 4.163335710853531824e-01
1.674000000000000341e+02 4.166054498668710915e-01
1.677599999999999909e+02 4.168698252620625100e-01
1.681200000000000045e+02 4.171266836650145970e-01
1.684799999999999898e+02 4.173760119109281019e-01
1.688400000000000034e+02 4.176177972714647524e-01
1.691999999999999886e+02 4.178520274503158549e-01
1.695600000000000023e+02 4.180786905789881103e-01
1.699200000000000443e+02 4.182977752127939319e-01
1.702800000000000296e+02 4.185092703270458236e-01
1.706400000000000432e+02 4.187131653134374965e-01
1.710000000000000000e+02 4.189094499766079505e-01
1.713599999999999852e+02 4.190981145308854683e-01
1.717199999999999989e+02 4.192791495972016391e-01
1.720800000000000125e+02 4.194525462001617577e-01
1.724399999999999977e+02 4.196182957652844214e-01
1.728000000000000114e+02 4.197763901163878986e-01
1.731600000000000250e+02 4.199268214731214921e-01
1.735200000000000387e+02 4.200695824486495034e-01
1.738799999999999955e+02 4.202046660474640927e-01
1.742400000000000091e+02 4.203320656633337538e-01
1.745999999999999943e+02 4.204517750773942852e-01
1.749600000000000080e+02 4.205637884563482309e-01
1.753199999999999932e+02 4.206681003508053740e-01
1.756800000000000068e+02 4.207647056937328101e-01
1.760399999999999920e+02 4.208535997990314748e-01
1.764000000000000341e+02 4.209347783602185311e-01
1.767600000000000477e+02 4.210082374492368773e-01
1.771200000000000045e+02 4.210739735153576913e-01
1.774799999999999898e+02 4.211319833842100957e-01
1.778400000000000034e+02 4.211822642569083008e-01
1.782000000000000171e+02 4.212248137092850508e-01
1.785600000000000023e+02 4.212596296912304306e-01
1.789200000000000159e+02 4.212867105261410283e-01
1.792800000000000011e+02 4.213060549104594155e-01
1.796400000000000432e+02 4.213176619133233713e-01
