Theta (degrees)	Normalized Energy
0.000000000000000000e+00 2.926924182299651678e-01
2.882882882882882747e+00 2.909923127986129843e-01
5.765765765765765494e+00 2.863885130983351845e-01
8.648648648648647352e+00 2.798240901776266054e-01
1.153153153153153099e+01 2.720406441122230068e-01
1.441441441441441285e+01 2.634869244889290196e-01
1.729729729729729470e+01 2.544242882756407864e-01
2.018018018018017656e+01 2.450131965568717318e-01
2.306306306306306197e+01 2.353609994374123993e-01
2.594594594594594739e+01 2.255466499622488796e-01
2.882882882882882569e+01 2.156338388618290469e-01
3.171171171171171110e+01 2.056785450929772829e-01
3.459459459459458941e+01 1.957340570325240836e-01
3.747747747747747127e+01 1.858552383416768594e-01
4.036036036036035313e+01 1.761034813992151116e-01
4.324324324324324209e+01 1.665542401991005339e-01
4.612612612612612395e+01 1.573106608909734527e-01
4.900900900900899870e+01 1.485309680895198492e-01
5.189189189189189477e+01 1.404867908803427434e-01
5.477477477477476953e+01 1.336846040755614029e-01
5.765765765765765138e+01 1.290491811334520678e-01
6.054054054054053324e+01 1.278159370580802812e-01
6.342342342342342221e+01 1.304544862607180111e-01
6.630630630630629696e+01 1.360422308196843899e-01
6.918918918918917882e+01 1.433921428261513697e-01
7.207207207207206068e+01 1.517552344911130835e-01
7.495495495495494254e+01 1.607328094566956855e-01
7.783783783783783861e+01 1.701057545067565235e-01
8.072072072072070625e+01 1.797411339841861744e-01
8.360360360360358811e+01 1.895484139815731273e-01
8.648648648648648418e+01 1.994585756413676525e-01
8.936936936936936604e+01 2.094133663767417664e-01
9.225225225225224790e+01 2.193590240042216366e-01
9.513513513513512976e+01 2.292417601481509248e-01
9.801801801801799741e+01 2.390033815134326445e-01
1.009009009009008935e+02 2.485755714020757012e-01
1.037837837837837895e+02 2.578707141004837333e-01
1.066666666666666572e+02 2.667653549543309577e-01
1.095495495495495391e+02 2.750685532080131557e-01
1.124324324324324351e+02 2.824612084099364928e-01
1.153153153153153028e+02 2.883947320892885080e-01
1.181981981981981988e+02 2.920163511334045725e-01
1.210810810810810665e+02 2.924471703887610019e-01
1.239639639639639483e+02 2.895556797609904476e-01
1.268468468468468444e+02 2.841095556860844251e-01
1.297297297297297121e+02 2.770186556261487465e-01
1.326126126126125939e+02 2.689062437957033258e-01
1.354954954954954758e+02 2.601378910886839035e-01
1.383783783783783576e+02 2.509293675023133163e-01
1.412612612612612679e+02 2.414171883817893272e-01
1.441441441441441214e+02 2.316959617111996605e-01
1.470270270270270032e+02 2.218377682345344382e-01
1.499099099099098851e+02 2.119027057738946396e-01
1.527927927927927669e+02 2.019452283084058331e-01
1.556756756756756772e+02 1.920187104801144851e-01
1.585585585585585306e+02 1.821797963042504631e-01
1.614414414414414125e+02 1.724940447370326702e-01
1.643243243243243228e+02 1.630451912726397223e-01
1.672072072072071762e+02 1.539526844249211046e-01
1.700900900900900865e+02 1.454078989855061843e-01
1.729729729729729684e+02 1.377517220962301281e-01
1.758558558558558502e+02 1.316267895682621814e-01
1.787387387387387321e+02 1.281300801243446807e-01
1.816216216216215855e+02 1.283785145983579457e-01
1.845045045045044958e+02 1.322754259573622748e-01
1.873873873873873777e+02 1.386422265682236976e-01
1.902702702702702595e+02 1.464364952042904455e-01
1.931531531531531698e+02 1.550642219747307149e-01
1.960360360360359948e+02 1.642097493254427443e-01
1.989189189189189051e+02 1.736937733522873895e-01
2.018018018018017870e+02 1.834027552423365681e-01
2.046846846846846688e+02 1.932559541966337169e-01
2.075675675675675791e+02 2.031893270756736647e-01
2.104504504504504609e+02 2.131469037349200957e-01
2.133333333333333144e+02 2.230754035570034211e-01
2.162162162162161962e+02 2.329199363731519756e-01
2.190990990990990781e+02 2.426193103432693066e-01
2.219819819819819884e+02 2.520993292439374645e-01
2.248648648648648702e+02 2.612614626085299485e-01
2.277477477477477237e+02 2.699618429083968096e-01
2.306306306306306055e+02 2.779707025249275043e-01
2.335135135135134874e+02 2.848965965228980601e-01
2.363963963963963977e+02 2.900772121956090577e-01
2.392792792792792795e+02 2.925831548208225330e-01
2.421621621621621330e+02 2.917238716511961205e-01
2.450450450450450433e+02 2.877593426264864473e-01
2.479279279279278967e+02 2.816027972128666290e-01
2.508108108108108070e+02 2.740721890722008225e-01
2.536936936936936888e+02 2.656810456968943801e-01
2.565765765765765991e+02 2.567277141966502474e-01
2.594594594594594241e+02 2.473921454872818060e-01
2.623423423423423060e+02 2.377919992009554784e-01
2.652252252252251878e+02 2.280117786685101899e-01
2.681081081081081265e+02 2.181181315064127657e-01
2.709909909909909516e+02 2.081684311760004236e-01
2.738738738738738903e+02 1.982162338334275409e-01
2.767567567567567153e+02 1.883155976767839079e-01
2.796396396396395971e+02 1.785257193859179636e-01
2.825225225225225358e+02 1.689175839736012652e-01
2.854054054054054177e+02 1.595855785997166987e-01
2.882882882882882427e+02 1.506703286776399087e-01
2.911711711711711814e+02 1.424068595535654125e-01
2.940540540540540064e+02 1.352268162628514070e-01
2.969369369369369451e+02 1.299362453824892683e-01
2.998198198198197701e+02 1.277526153621083294e-01
3.027027027027027088e+02 1.294669191183025203e-01
3.055855855855855339e+02 1.344402307600452984e-01
3.084684684684684157e+02 1.414380252188100207e-01
3.113513513513513544e+02 1.495953712481732367e-01
3.142342342342342363e+02 1.584447472690024838e-01
3.171171171171170613e+02 1.677336725914508331e-01
3.200000000000000000e+02 1.773131162424047835e-01
3.228828828828828250e+02 1.870844976201908594e-01
3.257657657657657637e+02 1.969746913956780809e-01
3.286486486486486456e+02 2.069234563642852742e-01
3.315315315315314706e+02 2.168763678901747260e-01
3.344144144144143524e+02 2.267800362926480628e-01
3.372972972972972912e+02 2.365778250606529742e-01
3.401801801801801730e+02 2.462046258659027764e-01
3.430630630630630549e+02 2.555788172792007873e-01
3.459459459459459367e+02 2.645880962543670778e-01
3.488288288288288186e+02 2.730626494023339901e-01
3.517117117117117004e+02 2.807233464033855874e-01
3.545945945945945255e+02 2.870899692831229144e-01
3.574774774774774642e+02 2.913819617115390170e-01
3.603603603603602892e+02 2.926650623970313281e-01
3.632432432432431710e+02 2.905567536430369024e-01
3.661261261261261097e+02 2.856568048542404425e-01
3.690090090090089916e+02 2.789061828105544594e-01
3.718918918918918735e+02 2.710068357249756921e-01
3.747747747747747553e+02 2.623779233064913452e-01
3.776576576576576372e+02 2.532643790190270972e-01
3.805405405405405190e+02 2.438180345539552041e-01
3.834234234234234009e+02 2.341416588693101264e-01
3.863063063063063396e+02 2.243117346544711566e-01
3.891891891891891078e+02 2.143906493700823424e-01
3.920720720720719896e+02 2.044338007481621144e-01
3.949549549549549283e+02 1.944944407855157820e-01
3.978378378378378102e+02 1.846279473186349107e-01
4.007207207207206920e+02 1.748969774733803995e-01
4.036036036036035739e+02 1.653795179484009170e-01
4.064864864864864558e+02 1.561836879051635707e-01
4.093693693693693376e+02 1.474777735542314172e-01
4.122522522522522195e+02 1.395544060730543601e-01
4.151351351351351582e+02 1.329622031719639719e-01
4.180180180180179264e+02 1.286855884199859523e-01
4.209009009009009219e+02 1.279420833479970321e-01
4.237837837837837469e+02 1.310189120375247762e-01
4.266666666666666288e+02 1.368844837655784075e-01
4.295495495495495106e+02 1.443928148488758667e-01
4.324324324324323925e+02 1.528495269325453598e-01
4.353153153153152743e+02 1.618861154226992061e-01
4.381981981981981562e+02 1.712979747349763771e-01
4.410810810810810381e+02 1.809592085044151033e-01
4.439639639639639768e+02 1.907828247038626246e-01
4.468468468468467449e+02 2.007016092965389353e-01
4.497297297297297405e+02 2.106581589264286958e-01
4.526126126126125655e+02 2.205989387875396945e-01
4.554954954954954474e+02 2.304698616407567235e-01
4.583783783783783292e+02 2.402118275402360115e-01
4.612612612612612111e+02 2.497547120059733228e-01
4.641441441441440929e+02 2.590075378852671473e-01
4.670270270270269748e+02 2.678405790898407135e-01
4.699099099099097998e+02 2.760509807632056112e-01
4.727927927927927954e+02 2.832972624516031379e-01
4.756756756756756772e+02 2.889941783697602129e-01
4.785585585585585591e+02 2.922578846573194999e-01
4.814414414414413841e+02 2.922578846573199440e-01
4.843243243243242659e+02 2.889941783697606570e-01
4.872072072072071478e+02 2.832972624516029714e-01
4.900900900900900865e+02 2.760509807632060553e-01
4.929729729729730252e+02 2.678405790898409355e-01
4.958558558558557934e+02 2.590075378852672028e-01
4.987387387387387321e+02 2.497547120059736836e-01
5.016216216216216139e+02 2.402118275402361502e-01
5.045045045045044390e+02 2.304698616407571676e-01
5.073873873873873777e+02 2.205989387875395003e-01
5.102702702702702595e+02 2.106581589264285570e-01
5.131531531531531982e+02 2.007016092965392962e-01
5.160360360360359664e+02 1.907828247038632075e-01
5.189189189189188482e+02 1.809592085044152421e-01
5.218018018018017301e+02 1.712979747349773207e-01
5.246846846846846120e+02 1.618861154226997334e-01
5.275675675675676075e+02 1.528495269325454986e-01
5.304504504504503757e+02 1.443928148488759500e-01
5.333333333333332575e+02 1.368844837655783242e-01
5.362162162162162531e+02 1.310189120375250815e-01
5.390990990990990213e+02 1.279420833479974762e-01
5.419819819819819031e+02 1.286855884199860356e-01
5.448648648648648987e+02 1.329622031719641939e-01
5.477477477477477805e+02 1.395544060730542768e-01
5.506306306306306624e+02 1.474777735542311397e-01
5.535135135135134306e+02 1.561836879051634874e-01
5.563963963963963124e+02 1.653795179484005562e-01
5.592792792792791943e+02 1.748969774733801219e-01
5.621621621621620761e+02 1.846279473186343834e-01
5.650450450450450717e+02 1.944944407855154211e-01
5.679279279279279535e+02 2.044338007481618924e-01
5.708108108108108354e+02 2.143906493700819815e-01
5.736936936936936036e+02 2.243117346544709345e-01
5.765765765765764854e+02 2.341416588693098211e-01
5.794594594594593673e+02 2.438180345539546490e-01
5.823423423423423628e+02 2.532643790190269861e-01
5.852252252252252447e+02 2.623779233064912342e-01
5.881081081081080129e+02 2.710068357249754700e-01
5.909909909909910084e+02 2.789061828105539043e-01
5.938738738738738903e+02 2.856568048542401650e-01
5.967567567567566584e+02 2.905567536430367359e-01
5.996396396396395403e+02 2.926650623970314391e-01
6.025225225225225358e+02 2.913819617115392946e-01
6.054054054054054177e+02 2.870899692831227479e-01
6.082882882882881859e+02 2.807233464033859205e-01
6.111711711711710677e+02 2.730626494023348227e-01
6.140540540540539496e+02 2.645880962543680215e-01
6.169369369369368314e+02 2.555788172792007318e-01
6.198198198198198270e+02 2.462046258659031928e-01
6.227027027027027088e+02 2.365778250606531963e-01
6.255855855855855907e+02 2.267800362926482016e-01
6.284684684684684726e+02 2.168763678901752257e-01
6.313513513513512407e+02 2.069234563642857183e-01
6.342342342342341226e+02 1.969746913956787193e-01
6.371171171171171181e+02 1.870844976201912202e-01
6.400000000000000000e+02 1.773131162424049223e-01
6.428828828828828819e+02 1.677336725914514159e-01
6.457657657657656500e+02 1.584447472690026781e-01
6.486486486486486456e+02 1.495953712481741804e-01
6.515315315315315274e+02 1.414380252188101594e-01
6.544144144144144093e+02 1.344402307600456592e-01
6.572972972972972912e+02 1.294669191183028811e-01
6.601801801801801730e+02 1.277526153621080240e-01
6.630630630630629412e+02 1.299362453824891017e-01
6.659459459459459367e+02 1.352268162628509074e-01
6.688288288288287049e+02 1.424068595535649961e-01
6.717117117117115868e+02 1.506703286776392703e-01
6.745945945945945823e+02 1.595855785997168652e-01
6.774774774774774642e+02 1.689175839736010987e-01
6.803603603603603460e+02 1.785257193859176028e-01
6.832432432432431142e+02 1.883155976767835471e-01
6.861261261261261097e+02 1.982162338334273188e-01
6.890090090090088779e+02 2.081684311759996187e-01
6.918918918918918735e+02 2.181181315064122384e-01
6.947747747747748690e+02 2.280117786685101344e-01
6.976576576576576372e+02 2.377919992009548955e-01
7.005405405405404053e+02 2.473921454872811398e-01
7.034234234234234009e+02 2.567277141966501364e-01
7.063063063063062827e+02 2.656810456968944356e-01
7.091891891891890509e+02 2.740721890722001008e-01
7.120720720720720465e+02 2.816027972128661849e-01
7.149549549549549283e+02 2.877593426264864473e-01
7.178378378378378102e+02 2.917238716511959540e-01
7.207207207207205784e+02 2.925831548208225330e-01
7.236036036036035739e+02 2.900772121956093352e-01
7.264864864864863421e+02 2.848965965228985042e-01
7.293693693693693376e+02 2.779707025249276153e-01
7.322522522522522195e+02 2.699618429083970317e-01
7.351351351351351013e+02 2.612614626085304481e-01
7.380180180180179832e+02 2.520993292439380751e-01
7.409009009009007514e+02 2.426193103432695286e-01
7.437837837837837469e+02 2.329199363731524752e-01
7.466666666666665151e+02 2.230754035570036431e-01
7.495495495495495106e+02 2.131469037349201789e-01
7.524324324324325062e+02 2.031893270756737480e-01
7.553153153153152743e+02 1.932559541966340222e-01
7.581981981981981562e+02 1.834027552423367069e-01
7.610810810810810381e+02 1.736937733522877503e-01
7.639639639639639199e+02 1.642097493254434659e-01
7.668468468468468018e+02 1.550642219747308537e-01
7.697297297297296836e+02 1.464364952042904455e-01
7.726126126126126792e+02 1.386422265682235588e-01
7.754954954954954474e+02 1.322754259573621916e-01
7.783783783783782155e+02 1.283785145983578624e-01
7.812612612612612111e+02 1.281300801243444032e-01
7.841441441441439792e+02 1.316267895682621814e-01
7.870270270270269748e+02 1.377517220962302114e-01
7.899099099099098567e+02 1.454078989855056847e-01
7.927927927927927385e+02 1.539526844249208271e-01
7.956756756756756204e+02 1.630451912726392782e-01
7.985585585585583885e+02 1.724940447370322261e-01
8.014414414414413841e+02 1.821797963042501856e-01
8.043243243243243796e+02 1.920187104801146238e-01
8.072072072072071478e+02 2.019452283084056943e-01
8.100900900900901433e+02 2.119027057738946396e-01
8.129729729729729115e+02 2.218377682345342994e-01
8.158558558558557934e+02 2.316959617111992997e-01
8.187387387387386752e+02 2.414171883817889108e-01
8.216216216216216708e+02 2.509293675023132608e-01
8.245045045045044390e+02 2.601378910886839591e-01
8.273873873873873208e+02 2.689062437957029372e-01
8.302702702702703164e+02 2.770186556261485800e-01
8.331531531531530845e+02 2.841095556860844251e-01
8.360360360360358527e+02 2.895556797609903366e-01
8.389189189189188482e+02 2.924471703887607243e-01
8.418018018018018438e+02 2.920163511334042949e-01
8.446846846846846120e+02 2.883947320892885080e-01
8.475675675675674938e+02 2.824612084099366593e-01
8.504504504504503757e+02 2.750685532080131557e-01
8.533333333333332575e+02 2.667653549543312352e-01
8.562162162162160257e+02 2.578707141004841219e-01
8.590990990990990213e+02 2.485755714020755625e-01
8.619819819819820168e+02 2.390033815134332273e-01
8.648648648648647850e+02 2.292417601481513412e-01
8.677477477477477805e+02 2.193590240042222195e-01
8.706306306306305487e+02 2.094133663767419051e-01
8.735135135135134306e+02 1.994585756413680966e-01
8.763963963963963124e+02 1.895484139815732105e-01
8.792792792792793080e+02 1.797411339841861744e-01
8.821621621621620761e+02 1.701057545067565235e-01
8.850450450450449580e+02 1.607328094566958243e-01
8.879279279279279535e+02 1.517552344911136109e-01
8.908108108108107217e+02 1.433921428261518971e-01
8.936936936936934899e+02 1.360422308196847507e-01
8.965765765765764854e+02 1.304544862607180944e-01
8.994594594594594810e+02 1.278159370580803367e-01
9.023423423423422491e+02 1.290491811334519290e-01
9.052252252252251310e+02 1.336846040755612641e-01
9.081081081081080129e+02 1.404867908803426046e-01
9.109909909909908947e+02 1.485309680895195716e-01
9.138738738738738903e+02 1.573106608909732307e-01
9.167567567567566584e+02 1.665542401991003119e-01
9.196396396396396540e+02 1.761034813992147507e-01
9.225225225225224222e+02 1.858552383416765819e-01
9.254054054054053040e+02 1.957340570325235840e-01
9.282882882882881859e+02 2.056785450929771164e-01
9.311711711711710677e+02 2.156338388618283808e-01
9.340540540540539496e+02 2.255466499622482413e-01
9.369369369369368314e+02 2.353609994374116776e-01
9.398198198198195996e+02 2.450131965568708436e-01
9.427027027027027088e+02 2.544242882756409529e-01
9.455855855855855907e+02 2.634869244889290196e-01
9.484684684684684726e+02 2.720406441122228403e-01
9.513513513513513544e+02 2.798240901776263279e-01
9.542342342342341226e+02 2.863885130983350735e-01
9.571171171171171181e+02 2.909923127986128732e-01
9.599999999999998863e+02 2.926924182299651678e-01
9.628828828828827682e+02 2.909923127986129843e-01
9.657657657657656500e+02 2.863885130983359062e-01
9.686486486486485319e+02 2.798240901776269385e-01
9.715315315315313001e+02 2.720406441122239505e-01
9.744144144144142956e+02 2.634869244889292972e-01
9.772972972972970638e+02 2.544242882756417301e-01
9.801801801801801730e+02 2.450131965568718706e-01
9.830630630630630549e+02 2.353609994374123993e-01
9.859459459459460504e+02 2.255466499622490184e-01
9.888288288288288186e+02 2.156338388618290469e-01
9.917117117117115868e+02 2.056785450929775050e-01
9.945945945945945823e+02 1.957340570325245277e-01
9.974774774774774642e+02 1.858552383416769982e-01
1.000360360360360232e+03 1.761034813992155557e-01
1.003243243243243228e+03 1.665542401991010335e-01
1.006126126126125996e+03 1.573106608909738691e-01
1.009009009009008878e+03 1.485309680895206541e-01
1.011891891891891760e+03 1.404867908803431042e-01
1.014774774774774755e+03 1.336846040755613474e-01
1.017657657657657751e+03 1.290491811334520678e-01
1.020540540540540519e+03 1.278159370580803367e-01
1.023423423423423401e+03 1.304544862607176503e-01
1.026306306306306396e+03 1.360422308196837238e-01
1.029189189189189165e+03 1.433921428261513142e-01
1.032072072072071933e+03 1.517552344911127227e-01
1.034954954954954928e+03 1.607328094566952414e-01
1.037837837837837696e+03 1.701057545067559407e-01
1.040720720720720465e+03 1.797411339841855915e-01
1.043603603603603460e+03 1.895484139815728497e-01
1.046486486486486228e+03 1.994585756413670696e-01
1.049369369369369224e+03 2.094133663767408227e-01
1.052252252252252219e+03 2.193590240042217199e-01
1.055135135135135215e+03 2.292417601481508416e-01
1.058018018018017983e+03 2.390033815134326445e-01
1.060900900900900751e+03 2.485755714020754792e-01
1.063783783783783747e+03 2.578707141004834003e-01
1.066666666666666515e+03 2.667653549543311242e-01
1.069549549549549511e+03 2.750685532080127116e-01
1.072432432432432506e+03 2.824612084099358822e-01
1.075315315315315274e+03 2.883947320892881749e-01
1.078198198198198043e+03 2.920163511334039619e-01
1.081081081081081038e+03 2.924471703887608909e-01
1.083963963963963806e+03 2.895556797609906141e-01
1.086846846846846574e+03 2.841095556860847027e-01
1.089729729729729797e+03 2.770186556261487465e-01
1.092612612612612565e+03 2.689062437957033258e-01
1.095495495495495561e+03 2.601378910886841256e-01
1.098378378378378329e+03 2.509293675023138159e-01
1.101261261261261325e+03 2.414171883817895492e-01
1.104144144144144093e+03 2.316959617112001046e-01
1.107027027027026861e+03 2.218377682345352431e-01
1.109909909909909857e+03 2.119027057738951392e-01
1.112792792792792625e+03 2.019452283084061106e-01
1.115675675675675620e+03 1.920187104801149847e-01
1.118558558558558389e+03 1.821797963042511292e-01
1.121441441441441384e+03 1.724940447370331698e-01
1.124324324324324152e+03 1.630451912726403885e-01
1.127207207207207148e+03 1.539526844249209103e-01
1.130090090090090143e+03 1.454078989855059068e-01
1.132972972972972912e+03 1.377517220962300726e-01
1.135855855855855907e+03 1.316267895682622369e-01
1.138738738738738675e+03 1.281300801243444032e-01
1.141621621621621671e+03 1.283785145983576681e-01
1.144504504504504439e+03 1.322754259573617752e-01
1.147387387387387207e+03 1.386422265682231147e-01
1.150270270270270203e+03 1.464364952042900847e-01
1.153153153153152971e+03 1.550642219747302153e-01
1.156036036036035739e+03 1.642097493254424667e-01
1.158918918918918735e+03 1.736937733522865845e-01
1.161801801801801503e+03 1.834027552423359020e-01
1.164684684684684726e+03 1.932559541966333561e-01
1.167567567567567494e+03 2.031893270756736092e-01
1.170450450450450489e+03 2.131469037349198181e-01
1.173333333333333258e+03 2.230754035570030602e-01
1.176216216216216026e+03 2.329199363731518369e-01
1.179099099099099021e+03 2.426193103432691678e-01
1.181981981981982017e+03 2.520993292439372979e-01
1.184864864864864785e+03 2.612614626085295044e-01
1.187747747747747781e+03 2.699618429083963100e-01
1.190630630630630549e+03 2.779707025249270602e-01
1.193513513513513317e+03 2.848965965228982267e-01
1.196396396396396312e+03 2.900772121956088911e-01
1.199279279279279081e+03 2.925831548208224220e-01
1.202162162162162304e+03 2.917238716511958430e-01
1.205045045045045072e+03 2.877593426264864473e-01
1.207927927927927840e+03 2.816027972128666290e-01
1.210810810810810835e+03 2.740721890722006560e-01
1.213693693693693604e+03 2.656810456968941581e-01
1.216576576576576372e+03 2.567277141966503584e-01
1.219459459459459367e+03 2.473921454872818615e-01
1.222342342342342135e+03 2.377919992009553396e-01
1.225225225225225131e+03 2.280117786685107173e-01
1.228108108108107899e+03 2.181181315064131265e-01
1.230990990990990895e+03 2.081684311760009232e-01
1.233873873873873663e+03 1.982162338334283458e-01
1.236756756756756658e+03 1.883155976767838524e-01
1.239639639639639654e+03 1.785257193859179081e-01
1.242522522522522422e+03 1.689175839736016260e-01
1.245405405405405418e+03 1.595855785997172260e-01
1.248288288288288186e+03 1.506703286776396866e-01
1.251171171171171181e+03 1.424068595535656345e-01
1.254054054054053950e+03 1.352268162628515458e-01
1.256936936936936945e+03 1.299362453824896846e-01
1.259819819819819713e+03 1.277526153621081073e-01
1.262702702702702481e+03 1.294669191183025758e-01
1.265585585585585477e+03 1.344402307600450763e-01
1.268468468468468245e+03 1.414380252188097431e-01
1.271351351351351013e+03 1.495953712481730979e-01
1.274234234234234236e+03 1.584447472690025394e-01
1.277117117117117004e+03 1.677336725914508886e-01
1.280000000000000000e+03 1.773131162424048668e-01
1.282882882882882768e+03 1.870844976201907761e-01
1.285765765765765764e+03 1.969746913956779977e-01
1.288648648648648532e+03 2.069234563642849967e-01
1.291531531531531300e+03 2.168763678901740599e-01
1.294414414414414296e+03 2.267800362926478408e-01
1.297297297297297291e+03 2.365778250606525301e-01
1.300180180180180059e+03 2.462046258659024711e-01
1.303063063063063055e+03 2.555788172792000656e-01
1.305945945945945823e+03 2.645880962543666892e-01
1.308828828828828819e+03 2.730626494023332129e-01
1.311711711711711814e+03 2.807233464033853099e-01
1.314594594594594582e+03 2.870899692831224703e-01
1.317477477477477350e+03 2.913819617115394611e-01
1.320360360360360346e+03 2.926650623970313281e-01
1.323243243243243342e+03 2.905567536430369024e-01
1.326126126126125882e+03 2.856568048542403315e-01
1.329009009009008878e+03 2.789061828105549035e-01
1.331891891891891873e+03 2.710068357249763582e-01
1.334774774774774642e+03 2.623779233064919558e-01
1.337657657657657410e+03 2.532643790190277078e-01
1.340540540540540405e+03 2.438180345539559535e-01
1.343423423423423174e+03 2.341416588693110701e-01
1.346306306306306169e+03 2.243117346544721002e-01
1.349189189189189165e+03 2.143906493700822036e-01
1.352072072072071933e+03 2.044338007481620589e-01
1.354954954954954928e+03 1.944944407855162261e-01
1.357837837837837696e+03 1.846279473186350495e-01
1.360720720720720692e+03 1.748969774733805382e-01
1.363603603603603688e+03 1.653795179484014999e-01
1.366486486486486228e+03 1.561836879051639870e-01
1.369369369369369224e+03 1.474777735542317225e-01
1.372252252252252219e+03 1.395544060730547764e-01
1.375135135135135215e+03 1.329622031719645547e-01
1.378018018018017756e+03 1.286855884199865352e-01
1.380900900900900751e+03 1.279420833479968933e-01
1.383783783783783747e+03 1.310189120375247762e-01
1.386666666666666742e+03 1.368844837655780466e-01
1.389549549549549738e+03 1.443928148488755892e-01
1.392432432432432279e+03 1.528495269325450545e-01
1.395315315315315274e+03 1.618861154226989285e-01
1.398198198198198270e+03 1.712979747349763771e-01
1.401081081081080811e+03 1.809592085044147147e-01
1.403963963963963806e+03 1.907828247038624025e-01
1.406846846846846802e+03 2.007016092965387133e-01
1.409729729729729570e+03 2.106581589264278354e-01
1.412612612612612565e+03 2.205989387875389174e-01
1.415495495495495334e+03 2.304698616407559464e-01
1.418378378378378102e+03 2.402118275402352066e-01
1.421261261261261325e+03 2.497547120059731285e-01
1.424144144144144093e+03 2.590075378852667032e-01
1.427027027027027088e+03 2.678405790898404359e-01
1.429909909909909857e+03 2.760509807632056112e-01
1.432792792792792625e+03 2.832972624516025828e-01
1.435675675675675620e+03 2.889941783697600464e-01
1.438558558558558616e+03 2.922578846573197775e-01
1.441441441441441157e+03 2.922578846573194999e-01
1.444324324324324152e+03 2.889941783697604905e-01
1.447207207207207148e+03 2.832972624516033044e-01
1.450090090090089916e+03 2.760509807632063883e-01
1.452972972972972684e+03 2.678405790898412686e-01
1.455855855855855680e+03 2.590075378852677579e-01
1.458738738738738675e+03 2.497547120059736836e-01
1.461621621621621671e+03 2.402118275402362335e-01
1.464504504504504439e+03 2.304698616407574729e-01
1.467387387387387207e+03 2.205989387875399999e-01
1.470270270270270203e+03 2.106581589264290011e-01
1.473153153153152971e+03 2.007016092965395737e-01
1.476036036036035966e+03 1.907828247038635128e-01
1.478918918918918962e+03 1.809592085044155196e-01
1.481801801801801503e+03 1.712979747349773207e-01
1.484684684684684498e+03 1.618861154226999555e-01
1.487567567567567494e+03 1.528495269325459982e-01
1.490450450450450035e+03 1.443928148488764496e-01
1.493333333333333030e+03 1.368844837655787683e-01
1.496216216216216253e+03 1.310189120375249983e-01
1.499099099099099021e+03 1.279420833479972541e-01
1.501981981981982017e+03 1.286855884199859523e-01
1.504864864864865012e+03 1.329622031719638053e-01
1.507747747747747553e+03 1.395544060730540548e-01
1.510630630630630549e+03 1.474777735542306956e-01
1.513513513513513544e+03 1.561836879051631266e-01
1.516396396396396312e+03 1.653795179484002509e-01
1.519279279279279081e+03 1.748969774733795390e-01
1.522162162162162076e+03 1.846279473186341613e-01
1.525045045045044844e+03 1.944944407855149771e-01
1.527927927927927840e+03 2.044338007481608099e-01
1.530810810810810835e+03 2.143906493700813987e-01
1.533693693693693604e+03 2.243117346544711566e-01
1.536576576576576599e+03 2.341416588693100431e-01
1.539459459459459367e+03 2.438180345539547877e-01
1.542342342342342363e+03 2.532643790190267641e-01
1.545225225225225358e+03 2.623779233064908456e-01
1.548108108108107899e+03 2.710068357249751925e-01
1.550990990990990895e+03 2.789061828105539043e-01
1.553873873873873890e+03 2.856568048542403315e-01
1.556756756756756431e+03 2.905567536430365694e-01
1.559639639639639427e+03 2.926650623970314391e-01
1.562522522522522422e+03 2.913819617115395721e-01
1.565405405405405190e+03 2.870899692831233585e-01
1.568288288288287958e+03 2.807233464033857540e-01
1.571171171171170954e+03 2.730626494023344897e-01
1.574054054054053950e+03 2.645880962543675219e-01
1.576936936936936945e+03 2.555788172792012869e-01
1.579819819819819713e+03 2.462046258659034148e-01
1.582702702702702481e+03 2.365778250606535016e-01
1.585585585585585477e+03 2.267800362926489233e-01
1.588468468468468245e+03 2.168763678901753644e-01
1.591351351351351241e+03 2.069234563642861624e-01
1.594234234234234236e+03 1.969746913956791634e-01
1.597117117117116777e+03 1.870844976201918586e-01
1.599999999999999773e+03 1.773131162424058938e-01
1.602882882882882768e+03 1.677336725914520543e-01
1.605765765765765764e+03 1.584447472690029834e-01
1.608648648648648759e+03 1.495953712481739584e-01
1.611531531531531527e+03 1.414380252188105480e-01
1.614414414414414296e+03 1.344402307600455759e-01
1.617297297297297291e+03 1.294669191183030199e-01
1.620180180180180287e+03 1.277526153621081628e-01
1.623063063063062827e+03 1.299362453824891017e-01
1.625945945945945823e+03 1.352268162628510462e-01
1.628828828828828819e+03 1.424068595535649129e-01
1.631711711711711587e+03 1.506703286776390482e-01
1.634594594594594355e+03 1.595855785997160603e-01
1.637477477477477350e+03 1.689175839736002382e-01
1.640360360360360119e+03 1.785257193859170199e-01
1.643243243243243342e+03 1.883155976767836859e-01
1.646126126126126110e+03 1.982162338334273188e-01
1.649009009009008878e+03 2.081684311759997574e-01
1.651891891891891873e+03 2.181181315064118220e-01
1.654774774774774642e+03 2.280117786685097458e-01
1.657657657657657637e+03 2.377919992009544514e-01
1.660540540540540633e+03 2.473921454872805570e-01
1.663423423423423174e+03 2.567277141966497478e-01
1.666306306306306169e+03 2.656810456968939360e-01
1.669189189189189165e+03 2.740721890721998233e-01
1.672072072072071705e+03 2.816027972128659074e-01
1.674954954954954701e+03 2.877593426264861698e-01
1.677837837837837696e+03 2.917238716511955654e-01
1.680720720720720692e+03 2.925831548208226995e-01
1.683603603603603688e+03 2.900772121956096128e-01
1.686486486486486228e+03 2.848965965228986152e-01
1.689369369369369224e+03 2.779707025249280594e-01
1.692252252252252219e+03 2.699618429083970872e-01
1.695135135135134988e+03 2.612614626085307257e-01
1.698018018018017983e+03 2.520993292439386857e-01
1.700900900900900751e+03 2.426193103432704723e-01
1.703783783783783520e+03 2.329199363731532801e-01
1.706666666666666515e+03 2.230754035570038651e-01
1.709549549549549511e+03 2.131469037349209839e-01
1.712432432432432051e+03 2.031893270756744141e-01
1.715315315315315047e+03 1.932559541966346051e-01
1.718198198198198043e+03 1.834027552423369289e-01
1.721081081081081038e+03 1.736937733522878335e-01
1.723963963963964034e+03 1.642097493254436325e-01
1.726846846846846574e+03 1.550642219747311590e-01
1.729729729729729570e+03 1.464364952042905010e-01
1.732612612612612565e+03 1.386422265682241417e-01
1.735495495495495561e+03 1.322754259573624969e-01
1.738378378378378102e+03 1.283785145983578069e-01
1.741261261261261097e+03 1.281300801243440424e-01
1.744144144144144093e+03 1.316267895682618760e-01
1.747027027027026861e+03 1.377517220962294897e-01
1.749909909909909629e+03 1.454078989855048798e-01
1.752792792792792625e+03 1.539526844249204662e-01
1.755675675675675620e+03 1.630451912726392782e-01
1.758558558558558616e+03 1.724940447370320873e-01
1.761441441441441384e+03 1.821797963042499635e-01
1.764324324324324152e+03 1.920187104801142630e-01
1.767207207207207148e+03 2.019452283084051669e-01
1.770090090090089916e+03 2.119027057738939734e-01
1.772972972972972912e+03 2.218377682345339386e-01
1.775855855855855907e+03 2.316959617111988001e-01
1.778738738738738448e+03 2.414171883817883835e-01
1.781621621621621443e+03 2.509293675023128167e-01
1.784504504504504439e+03 2.601378910886831264e-01
1.787387387387386980e+03 2.689062437957024376e-01
1.790270270270270430e+03 2.770186556261487465e-01
1.793153153153152971e+03 2.841095556860839810e-01
1.796036036036035966e+03 2.895556797609904476e-01
1.798918918918918962e+03 2.924471703887607243e-01
1.801801801801801503e+03 2.920163511334044060e-01
1.804684684684684498e+03 2.883947320892887856e-01
1.807567567567567494e+03 2.824612084099364928e-01
1.810450450450450262e+03 2.750685532080134332e-01
1.813333333333333258e+03 2.667653549543319014e-01
1.816216216216216026e+03 2.578707141004845660e-01
1.819099099099098794e+03 2.485755714020765894e-01
1.821981981981981789e+03 2.390033815134338102e-01
1.824864864864864785e+03 2.292417601481520073e-01
1.827747747747747781e+03 2.193590240042220807e-01
1.830630630630630549e+03 2.094133663767419051e-01
1.833513513513513317e+03 1.994585756413682354e-01
1.836396396396396085e+03 1.895484139815744318e-01
1.839279279279279308e+03 1.797411339841865352e-01
1.842162162162161849e+03 1.701057545067578280e-01
1.845045045045044844e+03 1.607328094566962684e-01
1.847927927927928067e+03 1.517552344911127227e-01
1.850810810810810608e+03 1.433921428261518971e-01
1.853693693693693831e+03 1.360422308196840291e-01
1.856576576576576372e+03 1.304544862607180944e-01
1.859459459459459367e+03 1.278159370580804199e-01
1.862342342342342135e+03 1.290491811334517069e-01
1.865225225225225358e+03 1.336846040755613474e-01
1.868108108108107899e+03 1.404867908803420773e-01
1.870990990990990895e+03 1.485309680895196272e-01
1.873873873873873663e+03 1.573106608909723425e-01
1.876756756756756658e+03 1.665542401990999510e-01
1.879639639639639199e+03 1.761034813992135017e-01
1.882522522522522422e+03 1.858552383416761378e-01
1.885405405405405418e+03 1.957340570325242501e-01
1.888288288288288186e+03 2.056785450929769221e-01
1.891171171171171181e+03 2.156338388618289637e-01
1.894054054054053722e+03 2.255466499622478527e-01
1.896936936936936945e+03 2.353609994374121772e-01
1.899819819819819713e+03 2.450131965568704828e-01
1.902702702702702709e+03 2.544242882756405089e-01
1.905585585585585250e+03 2.634869244889281870e-01
1.908468468468468245e+03 2.720406441122227847e-01
1.911351351351351013e+03 2.798240901776256062e-01
1.914234234234234236e+03 2.863885130983351845e-01
1.917117117117117004e+03 2.909923127986122626e-01
1.919999999999999773e+03 2.926924182299654453e-01
1.922882882882882768e+03 2.909923127986129843e-01
1.925765765765765536e+03 2.863885130983356286e-01
1.928648648648648759e+03 2.798240901776267719e-01
1.931531531531531300e+03 2.720406441122237284e-01
1.934414414414414296e+03 2.634869244889290751e-01
1.937297297297297064e+03 2.544242882756419522e-01
1.940180180180180059e+03 2.450131965568720926e-01
1.943063063063062600e+03 2.353609994374132874e-01
1.945945945945945823e+03 2.255466499622494070e-01
1.948828828828828591e+03 2.156338388618300461e-01
1.951711711711711587e+03 2.056785450929780046e-01
1.954594594594594128e+03 1.957340570325254714e-01
1.957477477477477123e+03 1.858552383416775255e-01
1.960360360360360346e+03 1.761034813992152503e-01
1.963243243243243114e+03 1.665542401991013388e-01
1.966126126126126110e+03 1.573106608909736470e-01
1.969009009009008651e+03 1.485309680895207929e-01
1.971891891891892101e+03 1.404867908803430210e-01
1.974774774774774414e+03 1.336846040755619858e-01
1.977657657657657637e+03 1.290491811334520678e-01
1.980540540540540405e+03 1.278159370580805032e-01
1.983423423423423174e+03 1.304544862607175115e-01
1.986306306306305942e+03 1.360422308196834462e-01
1.989189189189189165e+03 1.433921428261510089e-01
1.992072072072071933e+03 1.517552344911118622e-01
1.994954954954954928e+03 1.607328094566950194e-01
1.997837837837837696e+03 1.701057545067565235e-01
2.000720720720720465e+03 1.797411339841851474e-01
2.003603603603603688e+03 1.895484139815728497e-01
2.006486486486486456e+03 1.994585756413666255e-01
2.009369369369369451e+03 2.094133663767409614e-01
2.012252252252251992e+03 2.193590240042207762e-01
2.015135135135134988e+03 2.292417601481503975e-01
2.018018018018017756e+03 2.390033815134316175e-01
2.020900900900900979e+03 2.485755714020752571e-01
2.023783783783783520e+03 2.578707141004821235e-01
2.026666666666666515e+03 2.667653549543305136e-01
2.029549549549549511e+03 2.750685532080128781e-01
2.032432432432432279e+03 2.824612084099354936e-01
2.035315315315315502e+03 2.883947320892883415e-01
2.038198198198198043e+03 2.920163511334042949e-01
2.041081081081081038e+03 2.924471703887610019e-01
2.043963963963963806e+03 2.895556797609910582e-01
2.046846846846846802e+03 2.841095556860847027e-01
2.049729729729729570e+03 2.770186556261500233e-01
2.052612612612612793e+03 2.689062437957038254e-01
2.055495495495495106e+03 2.601378910886850693e-01
2.058378378378378329e+03 2.509293675023138714e-01
2.061261261261261097e+03 2.414171883817908537e-01
2.064144144144143866e+03 2.316959617112006875e-01
2.067027027027027088e+03 2.218377682345350210e-01
2.069909909909909857e+03 2.119027057738955000e-01
2.072792792792792625e+03 2.019452283084060551e-01
2.075675675675675393e+03 1.920187104801157341e-01
2.078558558558558616e+03 1.821797963042511292e-01
2.081441441441440929e+03 1.724940447370333918e-01
2.084324324324324152e+03 1.630451912726400832e-01
2.087207207207206920e+03 1.539526844249221316e-01
2.090090090090090143e+03 1.454078989855064064e-01
2.092972972972972457e+03 1.377517220962309330e-01
2.095855855855855680e+03 1.316267895682623201e-01
2.098738738738738448e+03 1.281300801243444865e-01
2.101621621621621671e+03 1.283785145983577236e-01
2.104504504504504439e+03 1.322754259573619140e-01
2.107387387387387207e+03 1.386422265682228372e-01
2.110270270270270430e+03 1.464364952042903623e-01
2.113153153153153198e+03 1.550642219747295492e-01
2.116036036036035966e+03 1.642097493254427443e-01
2.118918918918918735e+03 1.736937733522861682e-01
2.121801801801801503e+03 1.834027552423362628e-01
2.124684684684684271e+03 1.932559541966326899e-01
2.127567567567567494e+03 2.031893270756730263e-01
2.130450450450450262e+03 2.131469037349187079e-01
2.133333333333333030e+03 2.230754035570024774e-01
2.136216216216215798e+03 2.329199363731505878e-01
2.139099099099099021e+03 2.426193103432688070e-01
2.141981981981982244e+03 2.520993292439374645e-01
2.144864864864865012e+03 2.612614626085290603e-01
2.147747747747747781e+03 2.699618429083965876e-01
2.150630630630630549e+03 2.779707025249267827e-01
2.153513513513513317e+03 2.848965965228980601e-01
2.156396396396396085e+03 2.900772121956088911e-01
2.159279279279279308e+03 2.925831548208225330e-01
2.162162162162162076e+03 2.917238716511961205e-01
2.165045045045044844e+03 2.877593426264868914e-01
2.167927927927927612e+03 2.816027972128677948e-01
2.170810810810810381e+03 2.740721890722009890e-01
2.173693693693693149e+03 2.656810456968956569e-01
2.176576576576576372e+03 2.567277141966509135e-01
2.179459459459459595e+03 2.473921454872817227e-01
2.182342342342342363e+03 2.377919992009559780e-01
2.185225225225225131e+03 2.280117786685105508e-01
2.188108108108107899e+03 2.181181315064134874e-01
2.190990990990991122e+03 2.081684311760002570e-01
2.193873873873873890e+03 1.982162338334287066e-01
2.196756756756756658e+03 1.883155976767842688e-01
2.199639639639639427e+03 1.785257193859191294e-01
2.202522522522522650e+03 1.689175839736016815e-01
2.205405405405404963e+03 1.595855785997180032e-01
2.208288288288288186e+03 1.506703286776399919e-01
2.211171171171170954e+03 1.424068595535665227e-01
2.214054054054053722e+03 1.352268162628517123e-01
2.216936936936936945e+03 1.299362453824892683e-01
2.219819819819819713e+03 1.277526153621082461e-01
2.222702702702702936e+03 1.294669191183026591e-01
2.225585585585585250e+03 1.344402307600446322e-01
2.228468468468468473e+03 1.414380252188099651e-01
2.231351351351351241e+03 1.495953712481726539e-01
2.234234234234234464e+03 1.584447472690019010e-01
2.237117117117116777e+03 1.677336725914498894e-01
2.240000000000000000e+03 1.773131162424041452e-01
2.242882882882882768e+03 1.870844976201899157e-01
2.245765765765765536e+03 1.969746913956776369e-01
2.248648648648648305e+03 2.069234563642839142e-01
2.251531531531531527e+03 2.168763678901740599e-01
2.254414414414414296e+03 2.267800362926478963e-01
2.257297297297297064e+03 2.365778250606523359e-01
2.260180180180180287e+03 2.462046258659025544e-01
2.263063063063062600e+03 2.555788172792000656e-01
2.265945945945945823e+03 2.645880962543670223e-01
2.268828828828828591e+03 2.730626494023329909e-01
2.271711711711711814e+03 2.807233464033847548e-01
2.274594594594594128e+03 2.870899692831219152e-01
2.277477477477477350e+03 2.913819617115391281e-01
2.280360360360360119e+03 2.926650623970314391e-01
2.283243243243243342e+03 2.905567536430370135e-01
2.286126126126125655e+03 2.856568048542410532e-01
2.289009009009008878e+03 2.789061828105544594e-01
2.291891891891891646e+03 2.710068357249756921e-01
2.294774774774774414e+03 2.623779233064920668e-01
2.297657657657657637e+03 2.532643790190270972e-01
2.300540540540540405e+03 2.438180345539561755e-01
2.303423423423423174e+03 2.341416588693105705e-01
2.306306306306305942e+03 2.243117346544723223e-01
2.309189189189189165e+03 2.143906493700827309e-01
2.312072072072071478e+03 2.044338007481630581e-01
2.314954954954954701e+03 1.944944407855165036e-01
2.317837837837837469e+03 1.846279473186362152e-01
2.320720720720720692e+03 1.748969774733809823e-01
2.323603603603603005e+03 1.653795179484022215e-01
2.326486486486486683e+03 1.561836879051645144e-01
2.329369369369369451e+03 1.474777735542317225e-01
2.332252252252252219e+03 1.395544060730553038e-01
2.335135135135134988e+03 1.329622031719641939e-01
2.338018018018017756e+03 1.286855884199863131e-01
2.340900900900900979e+03 1.279420833479974762e-01
2.343783783783783747e+03 1.310189120375241101e-01
2.346666666666666515e+03 1.368844837655782687e-01
2.349549549549549283e+03 1.443928148488748675e-01
2.352432432432432051e+03 1.528495269325449712e-01
2.355315315315314820e+03 1.618861154226979848e-01
2.358198198198198043e+03 1.712979747349758497e-01
2.361081081081080811e+03 1.809592085044136323e-01
2.363963963963964034e+03 1.907828247038619862e-01
2.366846846846846802e+03 2.007016092965389353e-01
2.369729729729729570e+03 2.106581589264275300e-01
2.372612612612612793e+03 2.205989387875392782e-01
2.375495495495495561e+03 2.304698616407558631e-01
2.378378378378378329e+03 2.402118275402354286e-01
2.381261261261261097e+03 2.497547120059721570e-01
2.384144144144143866e+03 2.590075378852664811e-01
2.387027027027026634e+03 2.678405790898394923e-01
2.389909909909909857e+03 2.760509807632053336e-01
2.392792792792792625e+03 2.832972624516018056e-01
2.395675675675675393e+03 2.889941783697597688e-01
2.398558558558558161e+03 2.922578846573194999e-01
2.401441441441440929e+03 2.922578846573197775e-01
2.404324324324324607e+03 2.889941783697603239e-01
2.407207207207206920e+03 2.832972624516035820e-01
2.410090090090090143e+03 2.760509807632060553e-01
2.412972972972972912e+03 2.678405790898414351e-01
2.415855855855855680e+03 2.590075378852677024e-01
2.418738738738738448e+03 2.497547120059744885e-01
2.421621621621621671e+03 2.402118275402365943e-01
2.424504504504504439e+03 2.304698616407584721e-01
2.427387387387387207e+03 2.205989387875404439e-01
2.430270270270269975e+03 2.106581589264299448e-01
2.433153153153152743e+03 2.007016092965400178e-01
2.436036036036035966e+03 1.907828247038634295e-01
2.438918918918918735e+03 1.809592085044158805e-01
2.441801801801801957e+03 1.712979747349770987e-01
2.444684684684684271e+03 1.618861154227001775e-01
2.447567567567567494e+03 1.528495269325459982e-01
2.450450450450450262e+03 1.443928148488770324e-01
2.453333333333333485e+03 1.368844837655786850e-01
2.456216216216215798e+03 1.310189120375254423e-01
2.459099099099099021e+03 1.279420833479970876e-01
2.461981981981981789e+03 1.286855884199855360e-01
2.464864864864865012e+03 1.329622031719634445e-01
2.467747747747747326e+03 1.395544060730528890e-01
2.470630630630630549e+03 1.474777735542300572e-01
2.473513513513513317e+03 1.561836879051635707e-01
2.476396396396396085e+03 1.653795179483999733e-01
2.479279279279279308e+03 1.748969774733797611e-01
2.482162162162162076e+03 1.846279473186336617e-01
2.485045045045044844e+03 1.944944407855154211e-01
2.487927927927927612e+03 2.044338007481605879e-01
2.490810810810810835e+03 2.143906493700814819e-01
2.493693693693693149e+03 2.243117346544698243e-01
2.496576576576576372e+03 2.341416588693094047e-01
2.499459459459459140e+03 2.438180345539538996e-01
2.502342342342342363e+03 2.532643790190259314e-01
2.505225225225224676e+03 2.623779233064899574e-01
2.508108108108107899e+03 2.710068357249748039e-01
2.510990990990991122e+03 2.789061828105537377e-01
2.513873873873873890e+03 2.856568048542396099e-01
2.516756756756756658e+03 2.905567536430367359e-01
2.519639639639639427e+03 2.926650623970313281e-01
2.522522522522522195e+03 2.913819617115392946e-01
2.525405405405404963e+03 2.870899692831233585e-01
2.528288288288288186e+03 2.807233464033857540e-01
2.531171171171170954e+03 2.730626494023352113e-01
2.534054054054053722e+03 2.645880962543681880e-01
2.536936936936936490e+03 2.555788172792021751e-01
2.539819819819819713e+03 2.462046258659038589e-01
2.542702702702702027e+03 2.365778250606545841e-01
2.545585585585585704e+03 2.267800362926492286e-01
2.548468468468468473e+03 2.168763678901751701e-01
2.551351351351351241e+03 2.069234563642865232e-01
2.554234234234234009e+03 1.969746913956786638e-01
2.557117117117116777e+03 1.870844976201921639e-01
2.560000000000000000e+03 1.773131162424053109e-01
2.562882882882882768e+03 1.677336725914520543e-01
2.565765765765765536e+03 1.584447472690032055e-01
2.568648648648648305e+03 1.495953712481746245e-01
2.571531531531531527e+03 1.414380252188106868e-01
2.574414414414414296e+03 1.344402307600462421e-01
2.577297297297297064e+03 1.294669191183027979e-01
2.580180180180179832e+03 1.277526153621080240e-01
2.583063063063062600e+03 1.299362453824890462e-01
2.585945945945946278e+03 1.352268162628511294e-01
2.588828828828828591e+03 1.424068595535646076e-01
2.591711711711711814e+03 1.506703286776389650e-01
2.594594594594594582e+03 1.595855785997158383e-01
2.597477477477477350e+03 1.689175839736006823e-01
2.600360360360360119e+03 1.785257193859164371e-01
2.603243243243243342e+03 1.883155976767832696e-01
2.606126126126126110e+03 1.982162338334261531e-01
2.609009009009008423e+03 2.081684311759994521e-01
2.611891891891891646e+03 2.181181315064108783e-01
2.614774774774774414e+03 2.280117786685097458e-01
2.617657657657657637e+03 2.377919992009533690e-01
2.620540540540540405e+03 2.473921454872805570e-01
2.623423423423423628e+03 2.567277141966501364e-01
2.626306306306305942e+03 2.656810456968932144e-01
2.629189189189189165e+03 2.740721890722000453e-01
2.632072072072071933e+03 2.816027972128659074e-01
2.634954954954954701e+03 2.877593426264866139e-01
2.637837837837837469e+03 2.917238716511956764e-01
2.640720720720720692e+03 2.925831548208225330e-01
2.643603603603603460e+03 2.900772121956097793e-01
2.646486486486486683e+03 2.848965965228987818e-01
2.649369369369368997e+03 2.779707025249291141e-01
2.652252252252251765e+03 2.699618429083975868e-01
2.655135135135134988e+03 2.612614626085313918e-01
2.658018018018017756e+03 2.520993292439384081e-01
2.660900900900900979e+03 2.426193103432696674e-01
2.663783783783783747e+03 2.329199363731534189e-01
2.666666666666666515e+03 2.230754035570036431e-01
2.669549549549549283e+03 2.131469037349212614e-01
2.672432432432432506e+03 2.031893270756741088e-01
2.675315315315314820e+03 1.932559541966350214e-01
2.678198198198198043e+03 1.834027552423371510e-01
2.681081081081080811e+03 1.736937733522885552e-01
2.683963963963964034e+03 1.642097493254439100e-01
2.686846846846846347e+03 1.550642219747322414e-01
2.689729729729730025e+03 1.464364952042913892e-01
2.692612612612612338e+03 1.386422265682248633e-01
2.695495495495495106e+03 1.322754259573624969e-01
2.698378378378378329e+03 1.283785145983580844e-01
2.701261261261261097e+03 1.281300801243441811e-01
2.704144144144143866e+03 1.316267895682620148e-01
2.707027027027027088e+03 1.377517220962294064e-01
2.709909909909909857e+03 1.454078989855054072e-01
2.712792792792792170e+03 1.539526844249198834e-01
2.715675675675675393e+03 1.630451912726391395e-01
2.718558558558558161e+03 1.724940447370310603e-01
2.721441441441441384e+03 1.821797963042495194e-01
2.724324324324324152e+03 1.920187104801130973e-01
2.727207207207207375e+03 2.019452283084046673e-01
2.730090090090089689e+03 2.119027057738931685e-01
2.732972972972972457e+03 2.218377682345337165e-01
2.735855855855856134e+03 2.316959617111991609e-01
2.738738738738738448e+03 2.414171883817881892e-01
2.741621621621621216e+03 2.509293675023128722e-01
2.744504504504504439e+03 2.601378910886827378e-01
2.747387387387387207e+03 2.689062437957026042e-01
2.750270270270270430e+03 2.770186556261480249e-01
2.753153153153153198e+03 2.841095556860837035e-01
2.756036036036035512e+03 2.895556797609895594e-01
2.758918918918918735e+03 2.924471703887607243e-01
2.761801801801801503e+03 2.920163511334047390e-01
2.764684684684684271e+03 2.883947320892889521e-01
2.767567567567567494e+03 2.824612084099364928e-01
2.770450450450450262e+03 2.750685532080137663e-01
2.773333333333333485e+03 2.667653549543317348e-01
2.776216216216215798e+03 2.578707141004848435e-01
2.779099099099099476e+03 2.485755714020758400e-01
2.781981981981981789e+03 2.390033815134341710e-01
2.784864864864864558e+03 2.292417601481519240e-01
2.787747747747747781e+03 2.193590240042236073e-01
2.790630630630630549e+03 2.094133663767423492e-01
2.793513513513512862e+03 1.994585756413689570e-01
2.796396396396396540e+03 1.895484139815741542e-01
2.799279279279278853e+03 1.797411339841875622e-01
2.802162162162161621e+03 1.701057545067573007e-01
2.805045045045044844e+03 1.607328094566960464e-01
2.807927927927927612e+03 1.517552344911138884e-01
2.810810810810810835e+03 1.433921428261517306e-01
2.813693693693693604e+03 1.360422308196848340e-01
2.816576576576576826e+03 1.304544862607179556e-01
2.819459459459459140e+03 1.278159370580804199e-01
2.822342342342341908e+03 1.290491811334514849e-01
2.825225225225225131e+03 1.336846040755605425e-01
2.828108108108107899e+03 1.404867908803423826e-01
2.830990990990990667e+03 1.485309680895185447e-01
2.833873873873873890e+03 1.573106608909722037e-01
2.836756756756756204e+03 1.665542401990989241e-01
2.839639639639638972e+03 1.761034813992137238e-01
2.842522522522522650e+03 1.858552383416763598e-01
2.845405405405404963e+03 1.957340570325227236e-01
2.848288288288288186e+03 2.056785450929767001e-01
2.851171171171170954e+03 2.156338388618277424e-01
2.854054054054054177e+03 2.255466499622482413e-01
2.856936936936936490e+03 2.353609994374110115e-01
2.859819819819819713e+03 2.450131965568707881e-01
2.862702702702702481e+03 2.544242882756393431e-01
2.865585585585585250e+03 2.634869244889282980e-01
2.868468468468468018e+03 2.720406441122218411e-01
2.871351351351351241e+03 2.798240901776256062e-01
2.874234234234233554e+03 2.863885130983347405e-01
2.877117117117117232e+03 2.909923127986127067e-01
2.880000000000000000e+03 2.926924182299651678e-01
