Theta (degrees)	Normalized Energy
0.000000000000000000e+00 3.637954931861359193e-16
2.882882882882882747e+00 2.595974212465034740e-04
5.765765765765765494e+00 1.037542715736216844e-03
8.648648648648647352e+00 2.331286394929729666e-03
1.153153153153153099e+01 4.136549404002096315e-03
1.441441441441441285e+01 6.447273429648842438e-03
1.729729729729729470e+01 9.255540633364109024e-03
2.018018018018017656e+01 1.255144937030471149e-02
2.306306306306306197e+01 1.632292371133283251e-02
2.594594594594594739e+01 2.055541996281608219e-02
2.882882882882882569e+01 2.523146785435358141e-02
3.171171171171171110e+01 3.032993769305254023e-02
3.459459459459458941e+01 3.582483699552675704e-02
3.747747747747747127e+01 4.168326641866777760e-02
4.036036036036035313e+01 4.786180443801403561e-02
4.324324324324324209e+01 5.429980441244032507e-02
4.612612612612612395e+01 6.090629146881412076e-02
4.900900900900899870e+01 6.753291767637599474e-02
5.189189189189189477e+01 7.391585977564439636e-02
5.477477477477476953e+01 7.955452480414951233e-02
5.765765765765765138e+01 8.352819212449799635e-02
6.054054054054053324e+01 8.460372871068311262e-02
6.342342342342342221e+01 8.231206160150197904e-02
6.630630630630629696e+01 7.757459658354577681e-02
6.918918918918917882e+01 7.157542043321815650e-02
7.207207207207206068e+01 6.505879077815564238e-02
7.495495495495494254e+01 5.841681413960946034e-02
7.783783783783783861e+01 5.186004200341678971e-02
8.072072072072070625e+01 4.551070430508965398e-02
8.360360360360358811e+01 3.944622328725224530e-02
8.648648648648648418e+01 3.371969897598947608e-02
8.936936936936936604e+01 2.837003435382812883e-02
9.225225225225224790e+01 2.342722156117132970e-02
9.513513513513512976e+01 1.891524615005861498e-02
9.801801801801799741e+01 1.485375551442386609e-02
1.009009009009008935e+02 1.125905441578339307e-02
1.037837837837837895e+02 8.144718012408607571e-03
1.066666666666666572e+02 5.521979046441284622e-03
1.095495495495495391e+02 3.399977085508723573e-03
1.124324324324324351e+02 1.785920820146532370e-03
1.153153153153153028e+02 6.851938031597619612e-04
1.181981981981981988e+02 1.014220235006490914e-04
1.210810810810810665e+02 3.651440616285394968e-05
1.239639639639639483e+02 4.906826110428667929e-04
1.268468468468468444e+02 1.462443165679372251e-03
1.297297297297297121e+02 2.948602255503334022e-03
1.326126126126125939e+02 4.944220849537785643e-03
1.354954954954954758e+02 7.442554717858829334e-03
1.383783783783783576e+02 1.043495961317280132e-02
1.412612612612612679e+02 1.391074538490520186e-02
1.441441441441441214e+02 1.785695224891469327e-02
1.470270270270270032e+02 2.225800450110375708e-02
1.499099099099098851e+02 2.709516518330325544e-02
1.527927927927927669e+02 3.234565659053566244e-02
1.556756756756756772e+02 3.798119872804552738e-02
1.585585585585585306e+02 4.396549076129456501e-02
1.614414414414414125e+02 5.024968057763162799e-02
1.643243243243243228e+02 5.676380160083251830e-02
1.672072072072071762e+02 6.339968356521810677e-02
1.700900900900900865e+02 6.997503039005768810e-02
1.729729729729729684e+02 7.615602526730766431e-02
1.758558558558558502e+02 8.130521945197073663e-02
1.787387387387387321e+02 8.432901779689881694e-02
1.816216216216215855e+02 8.411212651074349844e-02
1.845045045045044958e+02 8.075110435783554308e-02
1.873873873873873777e+02 7.542269400610968066e-02
1.902702702702702595e+02 6.916571082483564947e-02
1.931531531531531698e+02 6.256874737575511547e-02
1.960360360360359948e+02 5.594014778771982943e-02
1.989189189189189051e+02 4.944987442152223162e-02
2.018018018018017870e+02 4.319989497418665059e-02
2.046846846846846688e+02 3.725684257410957073e-02
2.075675675675675791e+02 3.166764374028520346e-02
2.104504504504504609e+02 2.646740354982462726e-02
2.133333333333333144e+02 2.168360464218911654e-02
2.162162162162161962e+02 1.733845495136947593e-02
2.190990990990990781e+02 1.345025680588246737e-02
2.219819819819819884e+02 1.003423416487842466e-02
2.248648648648648702e+02 7.103047252364086579e-03
2.277477477477477237e+02 4.667120179099389261e-03
2.306306306306306055e+02 2.734852963034128427e-03
2.335135135135134874e+02 1.312759836841953303e-03
2.363963963963963977e+02 4.055589868807881176e-04
2.392792792792792795e+02 1.622896904982230702e-05
2.421621621621621330e+02 1.460408992204821784e-04
2.450450450450450433e+02 7.945714246784051733e-04
2.479279279279278967e+02 1.959698453672353759e-03
2.508108108108108070e+02 3.637578994795305411e-03
2.536936936936936888e+02 5.822605701105584841e-03
2.565765765765765991e+02 8.507335250734974000e-03
2.594594594594594241e+02 1.168237673306614897e-02
2.623423423423423060e+02 1.533622046327157672e-02
2.652252252252251878e+02 1.945497484385089182e-02
2.681081081081081265e+02 2.402195676903212326e-02
2.709909909909909516e+02 2.901704127654454110e-02
2.738738738738738903e+02 3.441560160974257987e-02
2.767567567567567153e+02 4.018672503526544981e-02
2.796396396396395971e+02 4.629009087775155101e-02
2.825225225225225358e+02 5.267025357842165800e-02
2.854054054054054177e+02 5.924561843689494373e-02
2.882882882882882427e+02 6.588598565485943859e-02
2.911711711711711814e+02 7.236463717528884843e-02
2.940540540540540064e+02 7.825628019529395907e-02
2.969369369369369451e+02 8.275937151663201319e-02
2.998198198198197701e+02 8.465916355386042536e-02
3.027027027027027088e+02 8.316563845099153585e-02
3.055855855855855339e+02 7.891696391893349150e-02
3.084684684684684157e+02 7.314516386349821653e-02
3.113513513513513544e+02 6.671089191119339290e-02
3.142342342342342363e+02 6.007555337481600838e-02
3.171171171171170613e+02 5.348357358006168571e-02
3.200000000000000000e+02 4.707383416575850604e-02
3.228828828828828250e+02 4.093243663527224019e-02
3.257657657657657637e+02 3.511733719351964322e-02
3.286486486486486456e+02 2.967036035392529511e-02
3.315315315315314706e+02 2.462338673393664121e-02
3.344144144144143524e+02 2.000171143849831246e-02
3.372972972972972912e+02 1.582595317991042014e-02
3.401801801801801730e+02 1.211318336454188238e-02
3.430630630630630549e+02 8.877616313638392667e-03
3.459459459459459367e+02 6.131042699185687388e-03
3.488288288288288186e+02 3.883107409545274655e-03
3.517117117117117004e+02 2.141490117603581621e-03
3.545945945945945255e+02 9.120230687740300693e-04
3.574774774774774642e+02 1.987669273578719588e-04
3.603603603603602892e+02 4.057293874249523737e-06
3.632432432432431710e+02 3.285292797704843790e-04
3.661261261261261097e+02 1.171123925555427915e-03
3.690090090090089916e+02 2.529077437268714961e-03
3.718918918918918735e+02 4.397891603000728469e-03
3.747747747747747553e+02 6.771280804098005375e-03
3.776576576576576372e+02 9.641087122029937811e-03
3.805405405405405190e+02 1.299714922469165715e-02
3.834234234234234009e+02 1.682710141676902957e-02
3.863063063063063396e+02 2.111606359615116751e-02
3.891891891891891078e+02 2.584615541625141441e-02
3.920720720720719896e+02 3.099571784689612169e-02
3.949549549549549283e+02 3.653802995976522527e-02
3.978378378378378102e+02 4.243911898876042560e-02
4.007207207207206920e+02 4.865386554277898595e-02
4.036036036036035739e+02 5.511873660261064345e-02
4.064864864864864558e+02 6.173748171312556238e-02
4.093693693693693376e+02 6.835142214257816651e-02
4.122522522522522195e+02 7.467548526569267597e-02
4.151351351351351582e+02 8.016670226977039293e-02
4.180180180180179264e+02 8.384447850570433958e-02
4.209009009009009219e+02 8.449335570407393026e-02
4.237837837837837469e+02 8.182643461057513556e-02
4.266666666666666288e+02 7.687389650064642421e-02
4.295495495495495106e+02 7.077856303889418221e-02
4.324324324324323925e+02 6.422985454600899091e-02
4.353153153153152743e+02 5.758944644445981170e-02
4.381981981981981562e+02 5.105312549531176164e-02
4.410810810810810381e+02 4.473579820346300362e-02
4.439639639639639768e+02 3.871101955914499348e-02
4.468468468468467449e+02 3.302969582227630735e-02
4.497297297297297405e+02 2.772939199364317028e-02
4.526126126126125655e+02 2.283922363995377278e-02
4.554954954954954474e+02 1.838256050349001622e-02
4.583783783783783292e+02 1.437858761401856859e-02
4.612612612612612111e+02 1.084324077668555319e-02
4.641441441441440929e+02 7.789784652672522049e-03
4.670270270270269748e+02 5.229178873042121360e-03
4.699099099099097998e+02 3.170314160757588262e-03
4.727927927927927954e+02 1.620166204377608728e-03
4.756756756756756772e+02 5.838958046150699577e-04
4.785585585585585591e+02 6.491257283121971890e-05
4.814414414414413841e+02 6.491257283143799591e-05
4.843243243243242659e+02 5.838958046152154576e-04
4.872072072072071478e+02 1.620166204377317728e-03
4.900900900900900865e+02 3.170314160757588262e-03
4.929729729729730252e+02 5.229178873042484785e-03
4.958558558558557934e+02 7.789784652672594907e-03
4.987387387387387321e+02 1.084324077668577177e-02
5.016216216216216139e+02 1.437858761401835175e-02
5.045045045045044390e+02 1.838256050349030765e-02
5.073873873873873777e+02 2.283922363995369992e-02
5.102702702702702595e+02 2.772939199364295518e-02
5.131531531531531982e+02 3.302969582227601592e-02
5.160360360360359664e+02 3.871101955914506287e-02
5.189189189189188482e+02 4.473579820346293423e-02
5.218018018018017301e+02 5.105312549531197674e-02
5.246846846846846120e+02 5.758944644445988109e-02
5.275675675675676075e+02 6.422985454600892152e-02
5.304504504504503757e+02 7.077856303889418221e-02
5.333333333333332575e+02 7.687389650064628543e-02
5.362162162162162531e+02 8.182643461057498291e-02
5.390990990990990213e+02 8.449335570407422169e-02
5.419819819819819031e+02 8.384447850570492244e-02
5.448648648648648987e+02 8.016670226977061497e-02
5.477477477477477805e+02 7.467548526569253720e-02
5.506306306306306624e+02 6.835142214257801385e-02
5.535135135135134306e+02 6.173748171312599953e-02
5.563963963963963124e+02 5.511873660261108060e-02
5.592792792792791943e+02 4.865386554277971454e-02
5.621621621621620761e+02 4.243911898876078642e-02
5.650450450450450717e+02 3.653802995976486445e-02
5.679279279279279535e+02 3.099571784689612169e-02
5.708108108108108354e+02 2.584615541625148727e-02
5.736936936936936036e+02 2.111606359615116751e-02
5.765765765765764854e+02 1.682710141676895671e-02
5.794594594594593673e+02 1.299714922469151143e-02
5.823423423423423628e+02 9.641087122029573520e-03
5.852252252252252447e+02 6.771280804098151092e-03
5.881081081081080129e+02 4.397891603000728469e-03
5.909909909909910084e+02 2.529077437267987678e-03
5.938738738738738903e+02 1.171123925554991415e-03
5.967567567567566584e+02 3.285292797705571832e-04
5.996396396396395403e+02 4.057293873667450319e-06
6.025225225225225358e+02 1.987669273574354048e-04
6.054054054054054177e+02 9.120230687730842114e-04
6.082882882882881859e+02 2.141490117603144904e-03
6.111711711711710677e+02 3.883107409545056513e-03
6.140540540540539496e+02 6.131042699185833104e-03
6.169369369369368314e+02 8.877616313637518367e-03
6.198198198198198270e+02 1.211318336454180952e-02
6.227027027027027088e+02 1.582595317991027442e-02
6.255855855855855907e+02 2.000171143849758387e-02
6.284684684684684726e+02 2.462338673393576691e-02
6.313513513513512407e+02 2.967036035392398366e-02
6.342342342342341226e+02 3.511733719351920607e-02
6.371171171171171181e+02 4.093243663527158099e-02
6.400000000000000000e+02 4.707383416575763174e-02
6.428828828828828819e+02 5.348357358006102652e-02
6.457657657657656500e+02 6.007555337481550184e-02
6.486486486486486456e+02 6.671089191119310147e-02
6.515315315315315274e+02 7.314516386349748100e-02
6.544144144144144093e+02 7.891696391893297802e-02
6.572972972972972912e+02 8.316563845099175789e-02
6.601801801801801730e+02 8.465916355386005065e-02
6.630630630630629412e+02 8.275937151663208258e-02
6.659459459459459367e+02 7.825628019529416723e-02
6.688288288288287049e+02 7.236463717528913986e-02
6.717117117117115868e+02 6.588598565486038228e-02
6.745945945945945823e+02 5.924561843689567231e-02
6.774774774774774642e+02 5.267025357842187311e-02
6.803603603603603460e+02 4.629009087775198816e-02
6.832432432432431142e+02 4.018672503526631717e-02
6.861261261261261097e+02 3.441560160974323906e-02
6.890090090090088779e+02 2.901704127654548479e-02
6.918918918918918735e+02 2.402195676903219612e-02
6.947747747747748690e+02 1.945497484385125264e-02
6.976576576576576372e+02 1.533622046327237642e-02
7.005405405405404053e+02 1.168237673306651153e-02
7.034234234234234009e+02 8.507335250735848300e-03
7.063063063063062827e+02 5.822605701106531133e-03
7.091891891891890509e+02 3.637578994795668836e-03
7.120720720720720465e+02 1.959698453672717618e-03
7.149549549549549283e+02 7.945714246789872814e-04
7.178378378378378102e+02 1.460408992207004554e-04
7.207207207207205784e+02 1.622896904982230702e-05
7.236036036036035739e+02 4.055589868808609218e-04
7.264864864864863421e+02 1.312759836842025945e-03
7.293693693693693376e+02 2.734852963034637569e-03
7.322522522522522195e+02 4.667120179099243545e-03
7.351351351351351013e+02 7.103047252364450871e-03
7.380180180180179832e+02 1.003423416487944295e-02
7.409009009009007514e+02 1.345025680588268595e-02
7.437837837837837469e+02 1.733845495136911163e-02
7.466666666666665151e+02 2.168360464218867939e-02
7.495495495495495106e+02 2.646740354982440868e-02
7.524324324324325062e+02 3.166764374028527979e-02
7.553153153153152743e+02 3.725684257410950134e-02
7.581981981981981562e+02 4.319989497418672691e-02
7.610810810810810381e+02 4.944987442152208590e-02
7.639639639639639199e+02 5.594014778771960739e-02
7.668468468468468018e+02 6.256874737575504608e-02
7.697297297297296836e+02 6.916571082483528865e-02
7.726126126126126792e+02 7.542269400610968066e-02
7.754954954954954474e+02 8.075110435783540430e-02
7.783783783783782155e+02 8.411212651074329028e-02
7.812612612612612111e+02 8.432901779689881694e-02
7.841441441441439792e+02 8.130521945197109746e-02
7.870270270270269748e+02 7.615602526730774757e-02
7.899099099099098567e+02 6.997503039005775749e-02
7.927927927927927385e+02 6.339968356521846760e-02
7.956756756756756204e+02 5.676380160083266402e-02
7.985585585585583885e+02 5.024968057763162799e-02
8.014414414414413841e+02 4.396549076129485645e-02
8.043243243243243796e+02 3.798119872804596453e-02
8.072072072072071478e+02 3.234565659053566244e-02
8.100900900900901433e+02 2.709516518330318258e-02
8.129729729729729115e+02 2.225800450110368423e-02
8.158558558558557934e+02 1.785695224891454755e-02
8.187387387387386752e+02 1.391074538490512900e-02
8.216216216216216708e+02 1.043495961317250989e-02
8.245045045045044390e+02 7.442554717859120768e-03
8.273873873873873208e+02 4.944220849537639927e-03
8.302702702702703164e+02 2.948602255503261597e-03
8.331531531531530845e+02 1.462443165679299609e-03
8.360360360360358527e+02 4.906826110428667929e-04
8.389189189189188482e+02 3.651440616285394968e-05
8.418018018018018438e+02 1.014220235005763279e-04
8.446846846846846120e+02 6.851938031601257110e-04
8.475675675675674938e+02 1.785920820146532370e-03
8.504504504504503757e+02 3.399977085508868856e-03
8.533333333333332575e+02 5.521979046441284622e-03
8.562162162162160257e+02 8.144718012408824412e-03
8.590990990990990213e+02 1.125905441578346593e-02
8.619819819819820168e+02 1.485375551442408466e-02
8.648648648648647850e+02 1.891524615005883356e-02
8.677477477477477805e+02 2.342722156117140256e-02
8.706306306306305487e+02 2.837003435382812883e-02
8.735135135135134306e+02 3.371969897598940669e-02
8.763963963963963124e+02 3.944622328725232163e-02
8.792792792792793080e+02 4.551070430508973030e-02
8.821621621621620761e+02 5.186004200341678971e-02
8.850450450450449580e+02 5.841681413960931463e-02
8.879279279279279535e+02 6.505879077815550360e-02
8.908108108108107217e+02 7.157542043321801772e-02
8.936936936936934899e+02 7.757459658354570742e-02
8.965765765765764854e+02 8.231206160150168760e-02
8.994594594594594810e+02 8.460372871068326528e-02
9.023423423423422491e+02 8.352819212449770492e-02
9.052252252252251310e+02 7.955452480414935967e-02
9.081081081081080129e+02 7.391585977564446575e-02
9.109909909909908947e+02 6.753291767637636944e-02
9.138738738738738903e+02 6.090629146881433587e-02
9.167567567567566584e+02 5.429980441243996425e-02
9.196396396396396540e+02 4.786180443801367479e-02
9.225225225225224222e+02 4.168326641866763188e-02
9.254054054054053040e+02 3.582483699552654194e-02
9.282882882882881859e+02 3.032993769305290452e-02
9.311711711711710677e+02 2.523146785435321712e-02
9.340540540540539496e+02 2.055541996281579076e-02
9.369369369369368314e+02 1.632292371133239536e-02
9.398198198198195996e+02 1.255144937030456577e-02
9.427027027027027088e+02 9.255540633364109024e-03
9.455855855855855907e+02 6.447273429648988155e-03
9.484684684684684726e+02 4.136549404001441457e-03
9.513513513513513544e+02 2.331286394929656808e-03
9.542342342342341226e+02 1.037542715736362343e-03
9.571171171171171181e+02 2.595974212459941700e-04
9.599999999999998863e+02 0.000000000000000000e+00
9.628828828828827682e+02 2.595974212460669200e-04
9.657657657657656500e+02 1.037542715736289702e-03
9.686486486486485319e+02 2.331286394929511525e-03
9.715315315315313001e+02 4.136549404001441457e-03
9.744144144144142956e+02 6.447273429648187580e-03
9.772972972972970638e+02 9.255540633363600750e-03
9.801801801801801730e+02 1.255144937030427434e-02
9.830630630630630549e+02 1.632292371133239536e-02
9.859459459459460504e+02 2.055541996281513503e-02
9.888288288288288186e+02 2.523146785435270711e-02
9.917117117117115868e+02 3.032993769305203022e-02
9.945945945945945823e+02 3.582483699552639622e-02
9.974774774774774642e+02 4.168326641866668819e-02
1.000360360360360232e+03 4.786180443801309192e-02
1.003243243243243228e+03 5.429980441243952710e-02
1.006126126126125996e+03 6.090629146881375300e-02
1.009009009009008878e+03 6.753291767637549514e-02
1.011891891891891760e+03 7.391585977564352206e-02
1.014774774774774755e+03 7.955452480414884620e-02
1.017657657657657751e+03 8.352819212449756614e-02
1.020540540540540519e+03 8.460372871068347345e-02
1.023423423423423401e+03 8.231206160150175699e-02
1.026306306306306396e+03 7.757459658354629028e-02
1.029189189189189165e+03 7.157542043321873937e-02
1.032072072072071933e+03 6.505879077815593381e-02
1.034954954954954928e+03 5.841681413960989749e-02
1.037837837837837696e+03 5.186004200341729625e-02
1.040720720720720465e+03 4.551070430509045889e-02
1.043603603603603460e+03 3.944622328725326532e-02
1.046486486486486228e+03 3.371969897599035038e-02
1.049369369369369224e+03 2.837003435382856598e-02
1.052252252252252219e+03 2.342722156117183971e-02
1.055135135135135215e+03 1.891524615005883356e-02
1.058018018018017983e+03 1.485375551442422865e-02
1.060900900900900751e+03 1.125905441578390308e-02
1.063783783783783747e+03 8.144718012408970129e-03
1.066666666666666515e+03 5.521979046442375763e-03
1.069549549549549511e+03 3.399977085509523714e-03
1.072432432432432506e+03 1.785920820146750729e-03
1.075315315315315274e+03 6.851938031604895693e-04
1.078198198198198043e+03 1.014220235007946049e-04
1.081081081081081038e+03 3.651440616299946317e-05
1.083963963963963806e+03 4.906826110430122928e-04
1.086846846846846574e+03 1.462443165679081251e-03
1.089729729729729797e+03 2.948602255503406881e-03
1.092612612612612565e+03 4.944220849538440501e-03
1.095495495495495561e+03 7.442554717859266485e-03
1.098378378378378329e+03 1.043495961317301990e-02
1.101261261261261325e+03 1.391074538490549156e-02
1.104144144144144093e+03 1.785695224891447816e-02
1.107027027027026861e+03 2.225800450110375708e-02
1.109909909909909857e+03 2.709516518330325544e-02
1.112792792792792625e+03 3.234565659053551673e-02
1.115675675675675620e+03 3.798119872804552738e-02
1.118558558558558389e+03 4.396549076129419725e-02
1.121441441441441384e+03 5.024968057763170431e-02
1.124324324324324152e+03 5.676380160083230320e-02
1.127207207207207148e+03 6.339968356521832882e-02
1.130090090090090143e+03 6.997503039005753545e-02
1.132972972972972912e+03 7.615602526730716471e-02
1.135855855855855907e+03 8.130521945197059785e-02
1.138738738738738675e+03 8.432901779689852551e-02
1.141621621621621671e+03 8.411212651074335966e-02
1.144504504504504439e+03 8.075110435783540430e-02
1.147387387387387207e+03 7.542269400610981944e-02
1.150270270270270203e+03 6.916571082483564947e-02
1.153153153153152971e+03 6.256874737575518486e-02
1.156036036036035739e+03 5.594014778772004454e-02
1.158918918918918735e+03 4.944987442152237733e-02
1.161801801801801503e+03 4.319989497418694202e-02
1.164684684684684726e+03 3.725684257410927930e-02
1.167567567567567494e+03 3.166764374028505774e-02
1.170450450450450489e+03 2.646740354982462726e-02
1.173333333333333258e+03 2.168360464218882511e-02
1.176216216216216026e+03 1.733845495136918449e-02
1.179099099099099021e+03 1.345025680588254023e-02
1.181981981981982017e+03 1.003423416487878722e-02
1.184864864864864785e+03 7.103047252364159438e-03
1.187747747747747781e+03 4.667120179098952111e-03
1.190630630630630549e+03 2.734852963033982710e-03
1.193513513513513317e+03 1.312759836842025945e-03
1.196396396396396312e+03 4.055589868807153676e-04
1.199279279279279081e+03 1.622896904945851315e-05
1.202162162162162304e+03 1.460408992205549283e-04
1.205045045045045072e+03 7.945714246784051733e-04
1.207927927927927840e+03 1.959698453672572335e-03
1.210810810810810835e+03 3.637578994795596411e-03
1.213693693693693604e+03 5.822605701105367133e-03
1.216576576576576372e+03 8.507335250734828283e-03
1.219459459459459367e+03 1.168237673306614897e-02
1.222342342342342135e+03 1.533622046327193927e-02
1.225225225225225131e+03 1.945497484385081896e-02
1.228108108108107899e+03 2.402195676903234184e-02
1.230990990990990895e+03 2.901704127654461049e-02
1.233873873873873663e+03 3.441560160974236476e-02
1.236756756756756658e+03 4.018672503526566492e-02
1.239639639639639654e+03 4.629009087775169673e-02
1.242522522522522422e+03 5.267025357842172739e-02
1.245405405405405418e+03 5.924561843689516577e-02
1.248288288288288186e+03 6.588598565485964675e-02
1.251171171171171181e+03 7.236463717528877904e-02
1.254054054054053950e+03 7.825628019529366763e-02
1.256936936936936945e+03 8.275937151663201319e-02
1.259819819819819713e+03 8.465916355385984249e-02
1.262702702702702481e+03 8.316563845099197994e-02
1.265585585585585477e+03 7.891696391893369966e-02
1.268468468468468245e+03 7.314516386349879939e-02
1.271351351351351013e+03 6.671089191119353168e-02
1.274234234234234236e+03 6.007555337481623042e-02
1.277117117117117004e+03 5.348357358006139428e-02
1.280000000000000000e+03 4.707383416575806889e-02
1.282882882882882768e+03 4.093243663527209447e-02
1.285765765765765764e+03 3.511733719351986527e-02
1.288648648648648532e+03 2.967036035392471224e-02
1.291531531531531300e+03 2.462338673393634977e-02
1.294414414414414296e+03 2.000171143849831246e-02
1.297297297297297291e+03 1.582595317991071157e-02
1.300180180180180059e+03 1.211318336454217381e-02
1.303063063063063055e+03 8.877616313638319809e-03
1.305945945945945823e+03 6.131042699186196529e-03
1.308828828828828819e+03 3.883107409545274655e-03
1.311711711711711814e+03 2.141490117603217763e-03
1.314594594594594582e+03 9.120230687735208196e-04
1.317477477477477350e+03 1.987669273575081818e-04
1.320360360360360346e+03 4.057293873740209602e-06
1.323243243243243342e+03 3.285292797702661291e-04
1.326126126126125882e+03 1.171123925554918774e-03
1.329009009009008878e+03 2.529077437268205820e-03
1.331891891891891873e+03 4.397891603000583620e-03
1.334774774774774642e+03 6.771280804097641950e-03
1.337657657657657410e+03 9.641087122029136369e-03
1.340540540540540405e+03 1.299714922469122000e-02
1.343423423423423174e+03 1.682710141676815527e-02
1.346306306306306169e+03 2.111606359615051179e-02
1.349189189189189165e+03 2.584615541625119584e-02
1.352072072072071933e+03 3.099571784689561169e-02
1.354954954954954928e+03 3.653802995976486445e-02
1.357837837837837696e+03 4.243911898875998845e-02
1.360720720720720692e+03 4.865386554277847941e-02
1.363603603603603688e+03 5.511873660261028263e-02
1.366486486486486228e+03 6.173748171312505584e-02
1.369369369369369224e+03 6.835142214257750037e-02
1.372252252252252219e+03 7.467548526569216250e-02
1.375135135135135215e+03 8.016670226977018476e-02
1.378018018018017756e+03 8.384447850570478367e-02
1.380900900900900751e+03 8.449335570407429108e-02
1.383783783783783747e+03 8.182643461057527434e-02
1.386666666666666742e+03 7.687389650064671565e-02
1.389549549549549738e+03 7.077856303889432099e-02
1.392432432432432279e+03 6.422985454600964317e-02
1.395315315315315274e+03 5.758944644446046396e-02
1.398198198198198270e+03 5.105312549531241390e-02
1.401081081081080811e+03 4.473579820346373220e-02
1.403963963963963806e+03 3.871101955914593717e-02
1.406846846846846802e+03 3.302969582227703593e-02
1.409729729729729570e+03 2.772939199364324314e-02
1.412612612612612565e+03 2.283922363995413707e-02
1.415495495495495334e+03 1.838256050349067194e-02
1.418378378378378102e+03 1.437858761401929718e-02
1.421261261261261325e+03 1.084324077668591749e-02
1.424144144144144093e+03 7.789784652672958332e-03
1.427027027027027088e+03 5.229178873042848209e-03
1.429909909909909857e+03 3.170314160758315979e-03
1.432792792792792625e+03 1.620166204377827086e-03
1.435675675675675620e+03 5.838958046157975658e-04
1.438558558558558616e+03 6.491257283194731343e-05
1.441441441441441157e+03 6.491257283180178639e-05
1.444324324324324152e+03 5.838958046155064575e-04
1.447207207207207148e+03 1.620166204378045444e-03
1.450090090090089916e+03 3.170314160757733979e-03
1.452972972972972684e+03 5.229178873042339068e-03
1.455855855855855680e+03 7.789784652672667765e-03
1.458738738738738675e+03 1.084324077668577177e-02
1.461621621621621671e+03 1.437858761401893289e-02
1.464504504504504439e+03 1.838256050349052623e-02
1.467387387387387207e+03 2.283922363995348134e-02
1.470270270270270203e+03 2.772939199364317028e-02
1.473153153153152971e+03 3.302969582227630735e-02
1.476036036036035966e+03 3.871101955914499348e-02
1.478918918918918962e+03 4.473579820346278851e-02
1.481801801801801503e+03 5.105312549531147021e-02
1.484684684684684498e+03 5.758944644445952027e-02
1.487567567567567494e+03 6.422985454600883826e-02
1.490450450450450035e+03 7.077856303889373812e-02
1.493333333333333030e+03 7.687389650064591073e-02
1.496216216216216253e+03 8.182643461057520495e-02
1.499099099099099021e+03 8.449335570407393026e-02
1.501981981981982017e+03 8.384447850570471428e-02
1.504864864864865012e+03 8.016670226977061497e-02
1.507747747747747553e+03 7.467548526569267597e-02
1.510630630630630549e+03 6.835142214257816651e-02
1.513513513513513544e+03 6.173748171312621463e-02
1.516396396396396312e+03 5.511873660261086549e-02
1.519279279279279081e+03 4.865386554277956882e-02
1.522162162162162076e+03 4.243911898876071703e-02
1.525045045045044844e+03 3.653802995976537099e-02
1.527927927927927840e+03 3.099571784689619455e-02
1.530810810810810835e+03 2.584615541625156013e-02
1.533693693693693604e+03 2.111606359615102180e-02
1.536576576576576599e+03 1.682710141676866528e-02
1.539459459459459367e+03 1.299714922469165715e-02
1.542342342342342363e+03 9.641087122029573520e-03
1.545225225225225358e+03 6.771280804098005375e-03
1.548108108108107899e+03 4.397891603000728469e-03
1.550990990990990895e+03 2.529077437268205820e-03
1.553873873873873890e+03 1.171123925554918774e-03
1.556756756756756431e+03 3.285292797702661291e-04
1.559639639639639427e+03 4.057293873667450319e-06
1.562522522522522422e+03 1.987669273572171278e-04
1.565405405405405190e+03 9.120230687735208196e-04
1.568288288288287958e+03 2.141490117602999621e-03
1.571171171171170954e+03 3.883107409545056513e-03
1.574054054054053950e+03 6.131042699185760246e-03
1.576936936936936945e+03 8.877616313637882658e-03
1.579819819819819713e+03 1.211318336454166381e-02
1.582702702702702481e+03 1.582595317991042014e-02
1.585585585585585477e+03 2.000171143849780245e-02
1.588468468468468245e+03 2.462338673393598548e-02
1.591351351351351241e+03 2.967036035392420223e-02
1.594234234234234236e+03 3.511733719351920607e-02
1.597117117117116777e+03 4.093243663527151160e-02
1.599999999999999773e+03 4.707383416575748603e-02
1.602882882882882768e+03 5.348357358006066570e-02
1.605765765765765764e+03 6.007555337481600838e-02
1.608648648648648759e+03 6.671089191119294881e-02
1.611531531531531527e+03 7.314516386349785571e-02
1.614414414414414296e+03 7.891696391893311679e-02
1.617297297297297291e+03 8.316563845099160523e-02
1.620180180180180287e+03 8.465916355386020331e-02
1.623063063063062827e+03 8.275937151663201319e-02
1.625945945945945823e+03 7.825628019529461132e-02
1.628828828828828819e+03 7.236463717528936190e-02
1.631711711711711587e+03 6.588598565486067371e-02
1.634594594594594355e+03 5.924561843689588742e-02
1.637477477477477350e+03 5.267025357842216454e-02
1.640360360360360119e+03 4.629009087775249470e-02
1.643243243243243342e+03 4.018672503526624779e-02
1.646126126126126110e+03 3.441560160974280191e-02
1.649009009009008878e+03 2.901704127654497478e-02
1.651891891891891873e+03 2.402195676903248756e-02
1.654774774774774642e+03 1.945497484385132550e-02
1.657657657657657637e+03 1.533622046327215785e-02
1.660540540540540633e+03 1.168237673306636581e-02
1.663423423423423174e+03 8.507335250735556867e-03
1.666306306306306169e+03 5.822605701106312558e-03
1.669189189189189165e+03 3.637578994795305411e-03
1.672072072072071705e+03 1.959698453672863334e-03
1.674954954954954701e+03 7.945714246789872814e-04
1.677837837837837696e+03 1.460408992201183743e-04
1.680720720720720692e+03 1.622896904953126989e-05
1.683603603603603688e+03 4.055589868808609218e-04
1.686486486486486228e+03 1.312759836841880445e-03
1.689369369369369224e+03 2.734852963033691711e-03
1.692252252252252219e+03 4.667120179098515828e-03
1.695135135135134988e+03 7.103047252364086579e-03
1.698018018018017983e+03 1.003423416487835181e-02
1.700900900900900751e+03 1.345025680588239451e-02
1.703783783783783520e+03 1.733845495136911163e-02
1.706666666666666515e+03 2.168360464218824571e-02
1.709549549549549511e+03 2.646740354982368010e-02
1.712432432432432051e+03 3.166764374028404466e-02
1.715315315315315047e+03 3.725684257410877276e-02
1.718198198198198043e+03 4.319989497418635915e-02
1.721081081081081038e+03 4.944987442152157936e-02
1.723963963963964034e+03 5.594014778771931595e-02
1.726846846846846574e+03 6.256874737575460199e-02
1.729729729729729570e+03 6.916571082483456701e-02
1.732612612612612565e+03 7.542269400610916719e-02
1.735495495495495561e+03 8.075110435783504348e-02
1.738378378378378102e+03 8.411212651074291557e-02
1.741261261261261097e+03 8.432901779689895572e-02
1.744144144144144093e+03 8.130521945197168032e-02
1.747027027027026861e+03 7.615602526730862187e-02
1.749909909909909629e+03 6.997503039005849301e-02
1.752792792792792625e+03 6.339968356521853698e-02
1.755675675675675620e+03 5.676380160083295545e-02
1.758558558558558616e+03 5.024968057763170431e-02
1.761441441441441384e+03 4.396549076129543931e-02
1.764324324324324152e+03 3.798119872804669311e-02
1.767207207207207148e+03 3.234565659053603021e-02
1.770090090090089916e+03 2.709516518330383830e-02
1.772972972972972912e+03 2.225800450110426709e-02
1.775855855855855907e+03 1.785695224891498470e-02
1.778738738738738448e+03 1.391074538490571014e-02
1.781621621621621443e+03 1.043495961317316562e-02
1.784504504504504439e+03 7.442554717859412201e-03
1.787387387387386980e+03 4.944220849538440501e-03
1.790270270270270430e+03 2.948602255503843597e-03
1.793153153153152971e+03 1.462443165679663251e-03
1.796036036036035966e+03 4.906826110430122928e-04
1.798918918918918962e+03 3.651440616299946317e-05
1.801801801801801503e+03 1.014220235010856455e-04
1.804684684684684498e+03 6.851938031602713194e-04
1.807567567567567494e+03 1.785920820146677870e-03
1.810450450450450262e+03 3.399977085509305573e-03
1.813333333333333258e+03 5.521979046442012339e-03
1.816216216216216026e+03 8.144718012409188704e-03
1.819099099099098794e+03 1.125905441578346593e-02
1.821981981981981789e+03 1.485375551442422865e-02
1.824864864864864785e+03 1.891524615005905213e-02
1.827747747747747781e+03 2.342722156117140256e-02
1.830630630630630549e+03 2.837003435382812883e-02
1.833513513513513317e+03 3.371969897599005894e-02
1.836396396396396085e+03 3.944622328725173876e-02
1.839279279279279308e+03 4.551070430508979969e-02
1.842162162162161849e+03 5.186004200341635256e-02
1.845045045045044844e+03 5.841681413960953667e-02
1.847927927927928067e+03 6.505879077815579503e-02
1.850810810810810608e+03 7.157542043321801772e-02
1.853693693693693831e+03 7.757459658354570742e-02
1.856576576576576372e+03 8.231206160150153495e-02
1.859459459459459367e+03 8.460372871068333467e-02
1.862342342342342135e+03 8.352819212449814901e-02
1.865225225225225358e+03 7.955452480414935967e-02
1.868108108108107899e+03 7.391585977564504861e-02
1.870990990990990895e+03 6.753291767637607801e-02
1.873873873873873663e+03 6.090629146881499506e-02
1.876756756756756658e+03 5.429980441244025569e-02
1.879639639639639199e+03 4.786180443801403561e-02
1.882522522522522422e+03 4.168326641866770821e-02
1.885405405405405418e+03 3.582483699552639622e-02
1.888288288288288186e+03 3.032993769305290452e-02
1.891171171171171181e+03 2.523146785435292569e-02
1.894054054054053722e+03 2.055541996281608219e-02
1.896936936936936945e+03 1.632292371133210393e-02
1.899819819819819713e+03 1.255144937030442005e-02
1.902702702702702709e+03 9.255540633363890449e-03
1.905585585585585250e+03 6.447273429649061013e-03
1.908468468468468245e+03 4.136549404001368599e-03
1.911351351351351013e+03 2.331286394929729666e-03
1.914234234234234236e+03 1.037542715736362343e-03
1.917117117117117004e+03 2.595974212459941700e-04
1.919999999999999773e+03 4.365545918233631131e-16
1.922882882882882768e+03 2.595974212458486701e-04
1.925765765765765536e+03 1.037542715736580702e-03
1.928648648648648759e+03 2.331286394929802525e-03
1.931531531531531300e+03 4.136549404001295741e-03
1.934414414414414296e+03 6.447273429648624730e-03
1.937297297297297064e+03 9.255540633363746467e-03
1.940180180180180059e+03 1.255144937030420148e-02
1.943063063063062600e+03 1.632292371133203107e-02
1.945945945945945823e+03 2.055541996281557218e-02
1.948828828828828591e+03 2.523146785435226996e-02
1.951711711711711587e+03 3.032993769305217593e-02
1.954594594594594128e+03 3.582483699552573703e-02
1.957477477477477123e+03 4.168326641866683391e-02
1.960360360360360346e+03 4.786180443801330703e-02
1.963243243243243114e+03 5.429980441243952710e-02
1.966126126126126110e+03 6.090629146881426648e-02
1.969009009009008651e+03 6.753291767637527310e-02
1.971891891891892101e+03 7.391585977564410492e-02
1.974774774774774414e+03 7.955452480414863803e-02
1.977657657657657637e+03 8.352819212449756614e-02
1.980540540540540405e+03 8.460372871068376488e-02
1.983423423423423174e+03 8.231206160150182638e-02
1.986306306306305942e+03 7.757459658354678989e-02
1.989189189189189165e+03 7.157542043321866998e-02
1.992072072072071933e+03 6.505879077815658607e-02
1.994954954954954928e+03 5.841681413961011954e-02
1.997837837837837696e+03 5.186004200341685910e-02
2.000720720720720465e+03 4.551070430509038256e-02
2.003603603603603688e+03 3.944622328725253674e-02
2.006486486486486456e+03 3.371969897599041976e-02
2.009369369369369451e+03 2.837003435382812883e-02
2.012252252252251992e+03 2.342722156117212767e-02
2.015135135135134988e+03 1.891524615005927071e-02
2.018018018018017756e+03 1.485375551442488437e-02
2.020900900900900979e+03 1.125905441578383022e-02
2.023783783783783520e+03 8.144718012408970129e-03
2.026666666666666515e+03 5.521979046441793763e-03
2.029549549549549511e+03 3.399977085509014573e-03
2.032432432432432279e+03 1.785920820146241371e-03
2.035315315315315502e+03 6.851938031599074611e-04
2.038198198198198043e+03 1.014220235009401320e-04
2.041081081081081038e+03 3.651440616285394968e-05
2.043963963963963806e+03 4.906826110427939345e-04
2.046846846846846802e+03 1.462443165679372251e-03
2.049729729729729570e+03 2.948602255502970598e-03
2.052612612612612793e+03 4.944220849537567068e-03
2.055495495495495106e+03 7.442554717858757343e-03
2.058378378378378329e+03 1.043495961317229132e-02
2.061261261261261097e+03 1.391074538490483757e-02
2.064144144144143866e+03 1.785695224891425958e-02
2.067027027027027088e+03 2.225800450110375708e-02
2.069909909909909857e+03 2.709516518330259971e-02
2.072792792792792625e+03 3.234565659053530162e-02
2.075675675675675393e+03 3.798119872804523595e-02
2.078558558558558616e+03 4.396549076129478012e-02
2.081441441441440929e+03 5.024968057763075369e-02
2.084324324324324152e+03 5.676380160083230320e-02
2.087207207207206920e+03 6.339968356521723247e-02
2.090090090090090143e+03 6.997503039005724401e-02
2.092972972972972457e+03 7.615602526730665123e-02
2.095855855855855680e+03 8.130521945197015377e-02
2.098738738738738448e+03 8.432901779689852551e-02
2.101621621621621671e+03 8.411212651074365110e-02
2.104504504504504439e+03 8.075110435783518226e-02
2.107387387387387207e+03 7.542269400610997210e-02
2.110270270270270430e+03 6.916571082483558008e-02
2.113153153153153198e+03 6.256874737575562895e-02
2.116036036036035966e+03 5.594014778771975310e-02
2.118918918918918735e+03 4.944987442152237733e-02
2.121801801801801503e+03 4.319989497418723345e-02
2.124684684684684271e+03 3.725684257411044503e-02
2.127567567567567494e+03 3.166764374028564061e-02
2.130450450450450262e+03 2.646740354982470012e-02
2.133333333333333030e+03 2.168360464218926226e-02
2.136216216216215798e+03 1.733845495137005879e-02
2.139099099099099021e+03 1.345025680588319422e-02
2.141981981981982244e+03 1.003423416487886008e-02
2.144864864864865012e+03 7.103047252364450871e-03
2.147747747747747781e+03 4.667120179099534111e-03
2.150630630630630549e+03 2.734852963034637569e-03
2.153513513513513317e+03 1.312759836842244303e-03
2.156396396396396085e+03 4.055589868811519216e-04
2.159279279279279308e+03 1.622896905011334416e-05
2.162162162162162076e+03 1.460408992205549283e-04
2.165045045045044844e+03 7.945714246792055313e-04
2.167927927927927612e+03 1.959698453672936193e-03
2.170810810810810381e+03 3.637578994795377836e-03
2.173693693693693149e+03 5.822605701105584841e-03
2.176576576576576372e+03 8.507335250735192575e-03
2.179459459459459595e+03 1.168237673306622010e-02
2.182342342342342363e+03 1.533622046327164958e-02
2.185225225225225131e+03 1.945497484385168979e-02
2.188108108108107899e+03 2.402195676903219612e-02
2.190990990990991122e+03 2.901704127654468335e-02
2.193873873873873890e+03 3.441560160974236476e-02
2.196756756756756658e+03 4.018672503526537348e-02
2.199639639639639427e+03 4.629009087775140530e-02
2.202522522522522650e+03 5.267025357842172739e-02
2.205405405405404963e+03 5.924561843689472862e-02
2.208288288288288186e+03 6.588598565485921654e-02
2.211171171171170954e+03 7.236463717528798800e-02
2.214054054054053722e+03 7.825628019529351498e-02
2.216936936936936945e+03 8.275937151663230462e-02
2.219819819819819713e+03 8.465916355386034209e-02
2.222702702702702936e+03 8.316563845099182728e-02
2.225585585585585250e+03 7.891696391893369966e-02
2.228468468468468473e+03 7.314516386349821653e-02
2.231351351351351241e+03 6.671089191119382311e-02
2.234234234234234464e+03 6.007555337481615410e-02
2.237117117117116777e+03 5.348357358006182449e-02
2.240000000000000000e+03 4.707383416575785379e-02
2.242882882882882768e+03 4.093243663527260101e-02
2.245765765765765536e+03 3.511733719352008037e-02
2.248648648648648305e+03 2.967036035392500368e-02
2.251531531531531527e+03 2.462338673393664121e-02
2.254414414414414296e+03 2.000171143849794816e-02
2.257297297297297064e+03 1.582595317991063871e-02
2.260180180180180287e+03 1.211318336454159095e-02
2.263063063063062600e+03 8.877616313638319809e-03
2.265945945945945823e+03 6.131042699185614529e-03
2.268828828828828591e+03 3.883107409545493230e-03
2.271711711711711814e+03 2.141490117602999621e-03
2.274594594594594128e+03 9.120230687737390695e-04
2.277477477477477350e+03 1.987669273572171278e-04
2.280360360360360119e+03 4.057293873667450319e-06
2.283243243243243342e+03 3.285292797704843790e-04
2.286126126126125655e+03 1.171123925554700415e-03
2.289009009009008878e+03 2.529077437268060103e-03
2.291891891891891646e+03 4.397891603000728469e-03
2.294774774774774414e+03 6.771280804097932517e-03
2.297657657657657637e+03 9.641087122029719236e-03
2.300540540540540405e+03 1.299714922469136572e-02
2.303423423423423174e+03 1.682710141676851956e-02
2.306306306306305942e+03 2.111606359615036607e-02
2.309189189189189165e+03 2.584615541625134155e-02
2.312072072072071478e+03 3.099571784689517454e-02
2.314954954954954701e+03 3.653802995976464241e-02
2.317837837837837469e+03 4.243911898875969702e-02
2.320720720720720692e+03 4.865386554277891656e-02
2.323603603603603005e+03 5.511873660260969976e-02
2.326486486486486683e+03 6.173748171312520155e-02
2.329369369369369451e+03 6.835142214257808324e-02
2.332252252252252219e+03 7.467548526569216250e-02
2.335135135135134988e+03 8.016670226977032354e-02
2.338018018018017756e+03 8.384447850570433958e-02
2.340900900900900979e+03 8.449335570407436047e-02
2.343783783783783747e+03 8.182643461057556578e-02
2.346666666666666515e+03 7.687389650064678503e-02
2.349549549549549283e+03 7.077856303889519529e-02
2.352432432432432051e+03 6.422985454600978195e-02
2.355315315315314820e+03 5.758944644446083172e-02
2.358198198198198043e+03 5.105312549531255961e-02
2.361081081081080811e+03 4.473579820346416935e-02
2.363963963963964034e+03 3.871101955914579146e-02
2.366846846846846802e+03 3.302969582227645307e-02
2.369729729729729570e+03 2.772939199364346172e-02
2.372612612612612793e+03 2.283922363995399135e-02
2.375495495495495561e+03 1.838256050349081766e-02
2.378378378378378329e+03 1.437858761401864145e-02
2.381261261261261097e+03 1.084324077668584463e-02
2.384144144144143866e+03 7.789784652672812615e-03
2.387027027027026634e+03 5.229178873042703360e-03
2.389909909909909857e+03 3.170314160757588262e-03
2.392792792792792625e+03 1.620166204377754444e-03
2.395675675675675393e+03 5.838958046152154576e-04
2.398558558558558161e+03 6.491257283143799591e-05
2.401441441441440929e+03 6.491257283136523239e-05
2.404324324324324607e+03 5.838958046150699577e-04
2.407207207207206920e+03 1.620166204377317728e-03
2.410090090090090143e+03 3.170314160757442979e-03
2.412972972972972912e+03 5.229178873041829927e-03
2.415855855855855680e+03 7.789784652672522049e-03
2.418738738738738448e+03 1.084324077668497206e-02
2.421621621621621671e+03 1.437858761401813318e-02
2.424504504504504439e+03 1.838256050348921825e-02
2.427387387387387207e+03 2.283922363995290195e-02
2.430270270270269975e+03 2.772939199364215374e-02
2.433153153153152743e+03 3.302969582227557876e-02
2.436036036036035966e+03 3.871101955914506287e-02
2.438918918918918735e+03 4.473579820346249708e-02
2.441801801801801957e+03 5.105312549531168531e-02
2.444684684684684271e+03 5.758944644445893740e-02
2.447567567567567494e+03 6.422985454600863009e-02
2.450450450450450262e+03 7.077856303889352996e-02
2.453333333333333485e+03 7.687389650064599400e-02
2.456216216216215798e+03 8.182643461057455270e-02
2.459099099099099021e+03 8.449335570407370821e-02
2.461981981981981789e+03 8.384447850570485306e-02
2.464864864864865012e+03 8.016670226977083702e-02
2.467747747747747326e+03 7.467548526569377232e-02
2.470630630630630549e+03 6.835142214257888815e-02
2.473513513513513317e+03 6.173748171312621463e-02
2.476396396396396085e+03 5.511873660261158714e-02
2.479279279279279308e+03 4.865386554277956882e-02
2.482162162162162076e+03 4.243911898876107786e-02
2.485045045045044844e+03 3.653802995976566242e-02
2.487927927927927612e+03 3.099571784689692314e-02
2.490810810810810835e+03 2.584615541625199728e-02
2.493693693693693149e+03 2.111606359615160466e-02
2.496576576576576372e+03 1.682710141676924814e-02
2.499459459459459140e+03 1.299714922469238400e-02
2.502342342342342363e+03 9.641087122029937811e-03
2.505225225225224676e+03 6.771280804098951667e-03
2.508108108108107899e+03 4.397891603001019903e-03
2.510990990990991122e+03 2.529077437268351103e-03
2.513873873873873890e+03 1.171123925555282415e-03
2.516756756756756658e+03 3.285292797709937372e-04
2.519639639639639427e+03 4.057293874176764454e-06
2.522522522522522195e+03 1.987669273575081818e-04
2.525405405405404963e+03 9.120230687737390695e-04
2.528288288288288186e+03 2.141490117603508762e-03
2.531171171171170954e+03 3.883107409545420372e-03
2.534054054054053722e+03 6.131042699185905963e-03
2.536936936936936490e+03 8.877616313637955517e-03
2.539819819819819713e+03 1.211318336454173666e-02
2.542702702702702027e+03 1.582595317991012870e-02
2.545585585585585704e+03 2.000171143849794816e-02
2.548468468468468473e+03 2.462338673393664121e-02
2.551351351351351241e+03 2.967036035392420223e-02
2.554234234234234009e+03 3.511733719351949751e-02
2.557117117117116777e+03 4.093243663527165732e-02
2.560000000000000000e+03 4.707383416575770807e-02
2.562882882882882768e+03 5.348357358006044365e-02
2.565765765765765536e+03 6.007555337481557123e-02
2.568648648648648305e+03 6.671089191119243533e-02
2.571531531531531527e+03 7.314516386349785571e-02
2.574414414414414296e+03 7.891696391893246454e-02
2.577297297297297064e+03 8.316563845099124441e-02
2.580180180180179832e+03 8.465916355386020331e-02
2.583063063063062600e+03 8.275937151663237401e-02
2.585945945945946278e+03 7.825628019529416723e-02
2.588828828828828591e+03 7.236463717528958395e-02
2.591711711711711814e+03 6.588598565485986880e-02
2.594594594594594582e+03 5.924561843689603313e-02
2.597477477477477350e+03 5.267025357842187311e-02
2.600360360360360119e+03 4.629009087775227960e-02
2.603243243243243342e+03 4.018672503526617146e-02
2.606126126126126110e+03 3.441560160974316274e-02
2.609009009009008423e+03 2.901704127654504764e-02
2.611891891891891646e+03 2.402195676903263327e-02
2.614774774774774414e+03 1.945497484385125264e-02
2.617657657657657637e+03 1.533622046327244928e-02
2.620540540540540405e+03 1.168237673306651153e-02
2.623423423423423628e+03 8.507335250735119717e-03
2.626306306306305942e+03 5.822605701105584841e-03
2.629189189189189165e+03 3.637578994795377836e-03
2.632072072072071933e+03 1.959698453672790476e-03
2.634954954954954701e+03 7.945714246789872814e-04
2.637837837837837469e+03 1.460408992206276783e-04
2.640720720720720692e+03 1.622896904974954689e-05
2.643603603603603460e+03 4.055589868807153676e-04
2.646486486486486683e+03 1.312759836841880445e-03
2.649369369369368997e+03 2.734852963033910286e-03
2.652252252252251765e+03 4.667120179098952111e-03
2.655135135135134988e+03 7.103047252363723155e-03
2.658018018018017756e+03 1.003423416487820609e-02
2.660900900900900979e+03 1.345025680588232166e-02
2.663783783783783747e+03 1.733845495136896592e-02
2.666666666666666515e+03 2.168360464218867939e-02
2.669549549549549283e+03 2.646740354982360724e-02
2.672432432432432506e+03 3.166764374028469692e-02
2.675315315315314820e+03 3.725684257410877276e-02
2.678198198198198043e+03 4.319989497418621344e-02
2.681081081081080811e+03 4.944987442152107282e-02
2.683963963963964034e+03 5.594014778771931595e-02
2.686846846846846347e+03 6.256874737575394974e-02
2.689729729729730025e+03 6.916571082483477517e-02
2.692612612612612338e+03 7.542269400610872310e-02
2.695495495495495106e+03 8.075110435783475205e-02
2.698378378378378329e+03 8.411212651074342905e-02
2.701261261261261097e+03 8.432901779689859489e-02
2.704144144144143866e+03 8.130521945197102807e-02
2.707027027027027088e+03 7.615602526730853861e-02
2.709909909909909857e+03 6.997503039005811831e-02
2.712792792792792170e+03 6.339968356521927251e-02
2.715675675675675393e+03 5.676380160083339260e-02
2.718558558558558161e+03 5.024968057763272433e-02
2.721441441441441384e+03 4.396549076129536299e-02
2.724324324324324152e+03 3.798119872804698455e-02
2.727207207207207375e+03 3.234565659053603021e-02
2.730090090090089689e+03 2.709516518330463627e-02
2.732972972972972457e+03 2.225800450110433995e-02
2.735855855855856134e+03 1.785695224891476612e-02
2.738738738738738448e+03 1.391074538490571014e-02
2.741621621621621216e+03 1.043495961317287418e-02
2.744504504504504439e+03 7.442554717859412201e-03
2.747387387387387207e+03 4.944220849538076210e-03
2.750270270270270430e+03 2.948602255503552597e-03
2.753153153153153198e+03 1.462443165679299609e-03
2.756036036036035512e+03 4.906826110428667929e-04
2.758918918918918735e+03 3.651440616285394968e-05
2.761801801801801503e+03 1.014220235007218414e-04
2.764684684684684271e+03 6.851938031598347112e-04
2.767567567567567494e+03 1.785920820146314229e-03
2.770450450450450262e+03 3.399977085508504998e-03
2.773333333333333485e+03 5.521979046441576056e-03
2.776216216216215798e+03 8.144718012408607571e-03
2.779099099099099476e+03 1.125905441578295765e-02
2.781981981981981789e+03 1.485375551442379323e-02
2.784864864864864558e+03 1.891524615005868784e-02
2.787747747747747781e+03 2.342722156117074683e-02
2.790630630630630549e+03 2.837003435382769514e-02
2.793513513513512862e+03 3.371969897598882382e-02
2.796396396396396540e+03 3.944622328725173876e-02
2.799279279279278853e+03 4.551070430508871029e-02
2.802162162162161621e+03 5.186004200341620685e-02
2.805045045045044844e+03 5.841681413960924524e-02
2.807927927927927612e+03 6.505879077815447664e-02
2.810810810810810835e+03 7.157542043321779568e-02
2.813693693693693604e+03 7.757459658354497190e-02
2.816576576576576826e+03 8.231206160150146556e-02
2.819459459459459140e+03 8.460372871068311262e-02
2.822342342342341908e+03 8.352819212449785757e-02
2.825225225225225131e+03 7.955452480414965111e-02
2.828108108108107899e+03 7.391585977564504861e-02
2.830990990990990667e+03 6.753291767637716048e-02
2.833873873873873890e+03 6.090629146881528649e-02
2.836756756756756204e+03 5.429980441244119937e-02
2.839639639639638972e+03 4.786180443801388990e-02
2.842522522522522650e+03 4.168326641866741678e-02
2.845405405405404963e+03 3.582483699552704848e-02
2.848288288288288186e+03 3.032993769305268594e-02
2.851171171171170954e+03 2.523146785435372713e-02
2.854054054054054177e+03 2.055541996281630077e-02
2.856936936936936490e+03 1.632292371133348477e-02
2.859819819819819713e+03 1.255144937030471149e-02
2.862702702702702481e+03 9.255540633364473316e-03
2.865585585585585250e+03 6.447273429648915297e-03
2.868468468468468018e+03 4.136549404002023457e-03
2.871351351351351241e+03 2.331286394929802525e-03
2.874234234234233554e+03 1.037542715737017202e-03
2.877117117117117232e+03 2.595974212467217781e-04
2.880000000000000000e+03 2.910363945489087256e-16
