Theta (degrees)	Normalized Energy
0.000000000000000000e+00 2.910363900447956155e-16
5.764611689351480939e-01 1.038244594542515550e-05
1.152922337870296188e+00 4.152843185305878554e-05
1.729383506805444393e+00 9.343390141514714038e-05
2.305844675740592375e+00 1.660920923493630283e-04
2.882305844675740580e+00 2.594935337373508832e-04
3.458767013610888785e+00 3.736260422765417004e-04
4.035228182546037878e+00 5.084747174218827220e-04
4.611689351481184751e+00 6.640219353861950315e-04
5.188150520416332512e+00 8.402473419745664154e-04
5.764611689351481161e+00 1.037127844192098922e-03
6.341072858286629810e+00 1.254637600592923771e-03
6.917534027221777571e+00 1.492748010296124535e-03
7.493995196156925331e+00 1.751427700616180801e-03
8.070456365092075757e+00 2.030642513218367147e-03
8.646917534027222629e+00 2.330355488723801979e-03
9.223378702962369502e+00 2.650526849669410621e-03
9.799839871897518151e+00 2.991113981704576243e-03
1.037630104083266502e+01 3.352071412918676552e-03
1.095276220976781545e+01 3.733350791164039961e-03
1.152922337870296232e+01 4.134900859225664957e-03
1.210568454763811097e+01 4.556667427677639319e-03
1.268214571657325962e+01 4.998593345254980815e-03
1.325860688550840827e+01 5.460618466532300187e-03
1.383506805444355514e+01 5.942679616703521774e-03
1.441152922337870379e+01 6.444710553219141699e-03
1.498799039231385066e+01 6.966641924011516586e-03
1.556445156124899931e+01 7.508401222029963476e-03
1.614091273018415151e+01 8.069912735747834451e-03
1.671737389911929483e+01 8.651097495296702911e-03
1.729383506805444526e+01 9.251873213836357343e-03
1.787029623698959213e+01 9.872154223709126916e-03
1.844675740592473900e+01 1.051185140692460253e-02
1.902321857485988943e+01 1.117087211941079905e-02
1.959967974379503630e+01 1.184912010846735260e-02
2.017614091273018673e+01 1.254649542274709727e-02
2.075260208166533005e+01 1.326289431404307009e-02
2.132906325060048047e+01 1.399820913007193864e-02
2.190552441953563090e+01 1.475232819734385685e-02
2.248198558847077777e+01 1.552513569312094499e-02
2.305844675740592464e+01 1.631651150532668904e-02
2.363490792634107507e+01 1.712633107916395475e-02
2.421136909527622194e+01 1.795446524902196556e-02
2.478783026421137237e+01 1.880078005410387720e-02
2.536429143314651924e+01 1.966513653599904696e-02
2.594075260208166256e+01 2.054739051621006299e-02
2.651721377101681654e+01 2.144739235139837483e-02
2.709367493995195986e+01 2.236498666380788009e-02
2.767013610888711028e+01 2.330001204403748388e-02
2.824659727782225715e+01 2.425230072290198921e-02
2.882305844675740758e+01 2.522167820874707950e-02
2.939951961569255445e+01 2.620796288605161881e-02
2.997598078462770133e+01 2.721096557060276658e-02
3.055244195356285175e+01 2.823048901585671969e-02
3.112890312249799862e+01 2.926632736434223517e-02
3.170536429143314550e+01 3.031826553710166225e-02
3.228182546036830303e+01 3.138607855311133926e-02
3.285828662930344990e+01 3.246953076945547495e-02
3.343474779823858967e+01 3.356837503164460806e-02
3.401120896717373654e+01 3.468235172183953274e-02
3.458767013610889052e+01 3.581118769085775422e-02
3.516413130504403739e+01 3.695459505763104557e-02
3.574059247397918426e+01 3.811226985715416432e-02
3.631705364291433114e+01 3.928389051492699874e-02
3.689351481184947801e+01 4.046911612225184696e-02
3.746997598078462488e+01 4.166758448250269115e-02
3.804643714971977886e+01 4.287890989339955550e-02
3.862289831865492573e+01 4.410268062435106912e-02
3.919935948759007260e+01 4.533845604079770469e-02
3.977582065652522658e+01 4.658576331902827133e-02
4.035228182546037345e+01 4.784409368486196995e-02
4.092874299439551322e+01 4.911289809759027819e-02
4.150520416333066009e+01 5.039158228622663688e-02
4.208166533226581407e+01 5.167950102807532253e-02
4.265812650120096094e+01 5.297595153924244266e-02
4.323458767013610782e+01 5.428016582252156302e-02
4.381104883907126180e+01 5.559130178929324456e-02
4.438751000800640867e+01 5.690843293807932440e-02
4.496397117694155554e+01 5.823053633233535309e-02
4.554043234587670241e+01 5.955647857336696105e-02
4.611689351481184929e+01 6.088499941039376973e-02
4.669335468374699616e+01 6.221469256875021558e-02
4.726981585268215014e+01 6.354398330985774890e-02
4.784627702161729701e+01 6.487110216524585860e-02
4.842273819055244388e+01 6.619405421641384735e-02
4.899919935948759786e+01 6.751058323178285581e-02
4.957566052842274473e+01 6.881812993685981761e-02
5.015212169735789161e+01 7.011378370989389264e-02
5.072858286629303848e+01 7.139422710347237411e-02
5.130504403522817825e+01 7.265567285579294099e-02
5.188150520416332512e+01 7.389379356698495827e-02
5.245796637309847199e+01 7.510364510864017684e-02
5.303442754203363307e+01 7.627958628621571424e-02
5.361088871096877284e+01 7.741519950162580044e-02
5.418734987990391971e+01 7.850322039244318761e-02
5.476381104883908080e+01 7.953548880465695359e-02
5.534027221777422056e+01 8.050293889322811258e-02
5.591673338670936744e+01 8.139565201487605761e-02
5.649319455564451431e+01 8.220300084531292906e-02
5.706965572457966118e+01 8.291391403480985467e-02
5.764611689351481516e+01 8.351728375615991018e-02
5.822257806244995493e+01 8.400251965115898556e-02
5.879903923138510891e+01 8.436022037004710372e-02
5.937550040032026288e+01 8.458289258981877001e-02
5.995196156925540265e+01 8.466560986217723517e-02
6.052842273819055663e+01 8.460648826753569551e-02
6.110488390712570350e+01 8.440687735652924184e-02
6.168134507606085037e+01 8.407122285725045219e-02
6.225780624499599725e+01 8.360663259742953657e-02
6.283426741393115122e+01 8.302223972228482685e-02
6.341072858286629099e+01 8.232848543717632972e-02
6.398718975180144497e+01 8.153643353398278004e-02
6.456365092073660605e+01 8.065719379429672764e-02
6.514011208967173161e+01 7.970148957475182983e-02
6.571657325860689980e+01 7.867937054513482464e-02
6.629303442754202536e+01 7.760005044975500088e-02
6.686949559647717933e+01 7.647184107572138623e-02
6.744595676541233331e+01 7.530215348428431765e-02
6.802241793434747308e+01 7.409754191111488086e-02
6.859887910328262706e+01 7.286377156500038754e-02
6.917534027221778103e+01 7.160589712674869656e-02
6.975180144115292080e+01 7.032834332343788908e-02
7.032826261008807478e+01 6.903498236769019247e-02
7.090472377902322876e+01 6.772920543119408110e-02
7.148118494795836853e+01 6.641398688666172445e-02
7.205764611689350829e+01 6.509194102473837840e-02
7.263410728582866227e+01 6.376537151717094620e-02
7.321056845476380204e+01 6.243631419474911237e-02
7.378702962369895602e+01 6.110657383751678245e-02
7.436349079263410999e+01 5.977775570285770446e-02
7.493995196156924976e+01 5.845129248838819985e-02
7.551641313050440374e+01 5.712846736896188410e-02
7.609287429943955772e+01 5.581043367750361528e-02
7.666933546837469748e+01 5.449823172774124341e-02
7.724579663730985146e+01 5.319280320868015333e-02
7.782225780624500544e+01 5.189500351846949855e-02
7.839871897518014521e+01 5.060561235026113380e-02
7.897518014411529919e+01 4.932534279476492173e-02
7.955164131305045316e+01 4.805484918311608844e-02
8.012810248198559293e+01 4.679473385868020835e-02
8.070456365092074691e+01 4.554555303684174744e-02
8.128102481985588668e+01 4.430782188688496548e-02
8.185748598879102644e+01 4.308201894912534746e-02
8.243394715772619463e+01 4.186858998286893674e-02
8.301040832666132019e+01 4.066795132602604029e-02
8.358686949559648838e+01 3.948049283484710709e-02
8.416333066453162814e+01 3.830658046186616317e-02
8.473979183346676791e+01 3.714655852142499659e-02
8.531625300240192189e+01 3.600075168482924637e-02
8.589271417133706166e+01 3.486946674101824850e-02
8.646917534027221564e+01 3.375299415342990911e-02
8.704563650920735540e+01 3.265160943934607152e-02
8.762209767814252359e+01 3.156557439429987649e-02
8.819855884707764915e+01 3.049513818095826376e-02
8.877502001601281734e+01 2.944053829922921306e-02
8.935148118494795710e+01 2.840200145206692867e-02
8.992794235388311108e+01 2.737974431949148288e-02
9.050440352281825085e+01 2.637397425170215706e-02
9.108086469175340483e+01 2.538488989071924912e-02
9.165732586068854459e+01 2.441268172879471413e-02
9.223378702962369857e+01 2.345753261075749288e-02
9.281024819855885255e+01 2.251961818658863509e-02
9.338670936749399232e+01 2.159910731970598324e-02
9.396317053642914630e+01 2.069616245580405481e-02
9.453963170536430027e+01 1.981093995647706385e-02
9.511609287429944004e+01 1.894359040137179317e-02
9.569255404323459402e+01 1.809425886215712195e-02
9.626901521216973379e+01 1.726308515123716261e-02
9.684547638110488776e+01 1.645020404777063419e-02
9.742193755004002753e+01 1.565574550329753428e-02
9.799839871897519572e+01 1.487983482899223747e-02
9.857485988791032128e+01 1.412259286635306546e-02
9.915132105684548947e+01 1.338413614293841071e-02
9.972778222578062923e+01 1.266457701457576919e-02
1.003042433947157832e+02 1.196402379533371800e-02
1.008807045636509230e+02 1.128258087639762500e-02
1.014571657325860770e+02 1.062034883487076101e-02
1.020336269015212167e+02 9.977424533432512066e-03
1.026100880704563565e+02 9.353901211665812884e-03
1.031865492393915105e+02 8.749868569806945606e-03
1.037630104083266502e+02 8.165412845578345555e-03
1.043394715772618184e+02 7.600616884710574041e-03
1.049159327461969440e+02 7.055560205693623375e-03
1.054923939151321122e+02 6.530319059246129411e-03
1.060688550840672661e+02 6.024966482947992884e-03
1.066453162530024059e+02 5.539572351435427186e-03
1.072217774219375457e+02 5.074203422514218277e-03
1.077982385908726997e+02 4.628923379528584840e-03
1.083746997598078394e+02 4.203792870271434376e-03
1.089511609287429934e+02 3.798869542717008777e-03
1.095276220976781616e+02 3.414208077800751692e-03
1.101040832666132872e+02 3.049860219491370115e-03
1.106805444355484411e+02 2.705874802329207018e-03
1.112570056044835951e+02 2.382297776633412328e-03
1.118334667734187349e+02 2.079172231525905010e-03
1.124099279423538889e+02 1.796538415931467087e-03
1.129863891112890286e+02 1.534433757678097757e-03
1.135628502802241826e+02 1.292892880829177088e-03
1.141393114491593224e+02 1.071947621344352449e-03
1.147157726180944906e+02 8.716270411727568626e-04
1.152922337870296303e+02 6.919574408671809668e-04
1.158686949559647701e+02 5.329623707923215404e-04
1.164451561248999099e+02 3.946626409943343222e-04
1.170216172938350780e+02 2.770763297965940205e-04
1.175980784627702178e+02 1.802187911707727505e-04
1.181745396317053718e+02 1.041026609264567390e-04
1.187510008006405258e+02 4.873786175480670536e-05
1.193274619695756655e+02 1.413160716366102047e-05
1.199039231385108053e+02 2.884043183419087750e-07
1.204803843074459593e+02 7.210055810574591799e-06
1.210568454763811133e+02 3.489566036359571891e-05
1.216333066453162672e+02 8.334161248160003809e-05
1.222097678142514070e+02 1.525416010323931684e-04
1.227862289831865326e+02 2.424866067687074175e-04
1.233626901521217007e+02 3.531648987595863891e-04
1.239391513210568547e+02 4.845620297177228165e-04
1.245156124899919945e+02 6.366608301962659467e-04
1.250920736589271627e+02 8.094414016166808206e-04
1.256685348278623024e+02 1.002881108087206024e-03
1.262449959967974280e+02 1.216954566962433941e-03
1.268214571657325820e+02 1.451633638088715029e-03
1.273979183346677502e+02 1.706887411667868445e-03
1.279743795036028899e+02 1.982682194664981551e-03
1.285508406725380439e+02 2.278981495682303599e-03
1.291273018414732121e+02 2.595746008192274454e-03
1.297037630104083235e+02 2.932933592042163105e-03
1.302802241793434632e+02 3.290499253102183858e-03
1.308566853482786314e+02 3.668395120926560074e-03
1.314331465172137996e+02 4.066570424298757841e-03
1.320096076861489394e+02 4.484971464484146381e-03
1.325860688550840507e+02 4.923541586025447815e-03
1.331625300240192189e+02 5.382221144889305815e-03
1.337389911929543587e+02 5.860947473742669257e-03
1.343154523618895269e+02 6.359654844131808031e-03
1.348919135308246666e+02 6.878274425296008673e-03
1.354683746997598348e+02 7.416734239338801729e-03
1.360448358686949462e+02 7.974959112429964858e-03
1.366212970376301143e+02 8.552870621698363540e-03
1.371977582065652541e+02 9.150387037417067118e-03
1.377742193755003939e+02 9.767423260067744153e-03
1.383506805444355621e+02 1.040389075179926764e-02
1.389271417133707018e+02 1.105969746176108971e-02
1.395036028823058416e+02 1.173474774473230210e-02
1.400800640512409814e+02 1.242894227239607283e-02
1.406565252201761496e+02 1.314217793654711731e-02
1.412329863891112893e+02 1.387434774343625568e-02
1.418094475580464575e+02 1.462534069835876201e-02
1.423859087269815973e+02 1.539504167950545011e-02
1.429623698959167371e+02 1.618333129996659195e-02
1.435388310648518768e+02 1.699008575665450840e-02
1.441152922337870166e+02 1.781517666477180212e-02
1.446917534027221848e+02 1.865847087626505349e-02
1.452682145716573245e+02 1.951983028054229963e-02
1.458446757405924927e+02 2.039911158548489770e-02
1.464211369095276041e+02 2.129616607657735389e-02
1.469975980784627723e+02 2.221083935165778928e-02
1.475740592473979120e+02 2.314297102850813859e-02
1.481505204163330518e+02 2.409239442211225796e-02
1.487269815852682200e+02 2.505893618800015057e-02
1.493034427542033598e+02 2.604241592761905727e-02
1.498799039231384995e+02 2.704264575109456906e-02
1.504563650920736393e+02 2.805942979213460822e-02
1.510328262610088075e+02 2.909256366905598259e-02
1.516092874299439472e+02 3.014183388508057462e-02
1.521857485988791154e+02 3.120701716003042650e-02
1.527622097678142268e+02 3.228787968440817446e-02
1.533386709367493950e+02 3.338417628549506661e-02
1.539151321056845347e+02 3.449564949351455190e-02
1.544915932746197029e+02 3.562202849408045019e-02
1.550680544435548427e+02 3.676302795098447540e-02
1.556445156124900109e+02 3.791834668083771814e-02
1.562209767814251222e+02 3.908766615810224665e-02
1.567974379503602904e+02 4.027064882553452185e-02
1.573738991192954302e+02 4.146693618090398908e-02
1.579503602882305984e+02 4.267614660593505721e-02
1.585268214571657381e+02 4.389787289760399558e-02
1.591032826261009063e+02 4.513167945498985228e-02
1.596797437950360177e+02 4.637709906668133208e-02
1.602562049639711859e+02 4.763362923392158721e-02
1.608326661329063256e+02 4.890072795303911785e-02
1.614091273018414938e+02 5.017780886679203134e-02
1.619855884707766336e+02 5.146423567767220708e-02
1.625620496397117734e+02 5.275931569645692792e-02
1.631385108086469131e+02 5.406229237575530672e-02
1.637149719775820529e+02 5.537233665035016378e-02
1.642914331465172211e+02 5.668853687302145145e-02
1.648678943154523893e+02 5.800988709557133166e-02
1.654443554843875290e+02 5.933527339920049298e-02
1.660208166533226404e+02 6.066345792574544954e-02
1.665972778222578086e+02 6.199306020141233387e-02
1.671737389911929768e+02 6.332253527823408779e-02
1.677502001601281165e+02 6.465014814753120009e-02
1.683266613290632563e+02 6.597394380854409990e-02
1.689031224979983961e+02 6.729171231231488581e-02
1.694795836669335358e+02 6.860094806011203528e-02
1.700560448358687040e+02 6.989880264090685136e-02
1.706325060048038438e+02 7.118203058159272567e-02
1.712089671737389835e+02 7.244692761551183025e-02
1.717854283426741233e+02 7.368926153704835613e-02
1.723618895116093199e+02 7.490419652821098118e-02
1.729383506805444313e+02 7.608621318728604754e-02
1.735148118494795710e+02 7.722902857183876202e-02
1.740912730184147108e+02 7.832552361652141137e-02
1.746677341873499074e+02 7.936768947191333301e-02
1.752441953562850472e+02 8.034660959640968492e-02
1.758206565252201869e+02 8.125250030820291292e-02
1.763971176941552983e+02 8.207483761293821178e-02
1.769735788630904949e+02 8.280259990132869674e-02
1.775500400320256347e+02 8.342465075994558166e-02
1.781265012009607744e+02 8.393026949019616323e-02
1.787029623698959142e+02 8.430980675952490233e-02
1.792794235388310824e+02 8.455540233962803576e-02
1.798558847077662222e+02 8.466166251500931161e-02
1.804323458767013619e+02 8.462617440461440987e-02
1.810088070456365017e+02 8.444974930158213877e-02
1.815852682145716699e+02 8.413633993305812131e-02
1.821617293835068097e+02 8.369265065579081786e-02
1.827381905524419778e+02 8.312752622624036691e-02
1.833146517213770892e+02 8.245123948079664811e-02
1.838911128903122290e+02 8.167479408264501084e-02
1.844675740592473971e+02 8.080932623581106589e-02
1.850440352281825369e+02 7.986564739891197084e-02
1.856204963971177051e+02 7.885393382901051407e-02
1.861969575660528164e+02 7.778354540188532618e-02
1.867734187349879846e+02 7.666294562767023146e-02
1.873498799039231244e+02 7.549969352801100264e-02
1.879263410728582926e+02 7.430048188884016969e-02
1.885028022417934608e+02 7.307120213276711851e-02
1.890792634107286005e+02 7.181702174258704219e-02
1.896557245796637119e+02 7.054246492980399685e-02
1.902321857485988801e+02 6.925149084591060433e-02
1.908086469175340198e+02 6.794756617191105574e-02
1.913851080864691880e+02 6.663373060625905897e-02
1.919615692554043278e+02 6.531265482840289960e-02
1.925380304243394676e+02 6.398669113693265798e-02
1.931144915932746073e+02 6.265791729523055575e-02
1.936909527622097755e+02 6.132817426911565950e-02
1.942674139311449153e+02 5.999909858230561416e-02
1.948438751000800551e+02 5.867214999400015285e-02
1.954203362690151948e+02 5.734863514869725787e-02
1.959967974379503914e+02 5.602972777988375619e-02
1.965732586068855028e+02 5.471648597749463605e-02
1.971497197758206426e+02 5.340986695996566974e-02
1.977261809447557823e+02 5.211073972843618257e-02
1.983026421136909789e+02 5.081989592434811576e-02
1.988791032826261187e+02 4.953805916266466880e-02
1.994555644515612585e+02 4.826589307070759671e-02
2.000320256204963698e+02 4.700400822669411477e-02
2.006084867894315664e+02 4.575296816159283436e-02
2.011849479583667062e+02 4.451329456227631071e-02
2.017614091273018460e+02 4.328547179237143827e-02
2.023378702962369857e+02 4.206995082909829181e-02
2.029143314651721539e+02 4.086715269921618182e-02
2.034907926341072937e+02 3.967747148444566302e-02
2.040672538030424334e+02 3.850127695606409689e-02
2.046437149719775732e+02 3.733891688939910275e-02
2.052201761409127130e+02 3.619071910139971815e-02
2.057966373098478812e+02 3.505699324812756867e-02
2.063730984787830209e+02 3.393803241365293127e-02
2.069495596477181607e+02 3.283411451732745623e-02
2.075260208166533005e+02 3.174550356258614564e-02
2.081024819855884687e+02 3.067245074718689263e-02
2.086789431545236368e+02 2.961519545205476556e-02
2.092554043234587766e+02 2.857396612354754645e-02
2.098318654923938880e+02 2.754898106198187466e-02
2.104083266613290562e+02 2.654044912753335955e-02
2.109847878302642243e+02 2.554857037319515495e-02
2.115612489991993641e+02 2.457353661319614663e-02
2.121377101681345323e+02 2.361553193423573949e-02
2.127141713370696721e+02 2.267473315594891251e-02
2.132906325060048118e+02 2.175131024622439097e-02
2.138670936749399516e+02 2.084542669630674167e-02
2.144435548438750914e+02 1.995723986001711470e-02
2.150200160128102596e+02 1.908690126091095243e-02
2.155964771817453993e+02 1.823455687073431003e-02
2.161729383506805391e+02 1.740034736215485475e-02
2.167493995196156789e+02 1.658440833840288051e-02
2.173258606885508470e+02 1.578687054214493457e-02
2.179023218574859868e+02 1.500786004566945914e-02
2.184787830264211266e+02 1.424749842422095951e-02
2.190552441953563232e+02 1.350590291412274470e-02
2.196317053642914630e+02 1.278318655714991148e-02
2.202081665332265743e+02 1.207945833245685496e-02
2.207846277021617141e+02 1.139482327722488031e-02
2.213610888710968823e+02 1.072938259708206693e-02
2.219375500400320504e+02 1.008323376722087585e-02
2.225140112089671902e+02 9.456470625061736551e-03
2.230904723779023016e+02 8.849183455216756700e-03
2.236669335468374697e+02 8.261459067433916600e-03
2.242433947157726379e+02 7.693380868129606927e-03
2.248198558847077777e+02 7.145028926066507649e-03
2.253963170536429175e+02 6.616480032672704924e-03
2.259727782225780572e+02 6.107807757450654969e-03
2.265492393915132254e+02 5.619082498885336757e-03
2.271257005604483652e+02 5.150371531214241808e-03
2.277021617293835050e+02 4.701739047399842650e-03
2.282786228983186447e+02 4.273246198597978850e-03
2.288550840672537845e+02 3.864951130396476319e-03
2.294315452361889811e+02 3.476909016080823121e-03
2.300080064051240925e+02 3.109172087134346937e-03
2.305844675740592606e+02 2.761789661191023110e-03
2.311609287429943720e+02 2.434808167617790418e-03
2.317373899119295402e+02 2.128271170891615684e-03
2.323138510808647084e+02 1.842219391926492320e-03
2.328903122497998197e+02 1.576690727484767254e-03
2.334667734187350163e+02 1.331720267791101356e-03
2.340432345876701561e+02 1.107340312469548343e-03
2.346196957566052959e+02 9.035803848898297163e-04
2.351961569255404356e+02 7.204672450222672584e-04
2.357726180944755470e+02 5.580249008741302403e-04
2.363490792634107436e+02 4.162746185815405426e-04
2.369255404323458833e+02 2.952349312110680670e-04
2.375020016012810515e+02 1.949216463311153095e-04
2.380784627702161629e+02 1.153478523976919867e-04
2.386549239391513311e+02 5.652392398550335807e-05
2.392313851080864708e+02 1.845752590633332996e-05
2.398078462770216106e+02 1.153616231457358791e-06
2.403843074459568072e+02 4.614448235983852466e-06
2.409607686148919186e+02 2.883957128505995119e-05
2.415372297838270583e+02 7.382583065437483844e-05
2.421136909527622265e+02 1.395673662955106338e-04
2.426901521216973379e+02 2.260556105316617560e-04
2.432666132906325345e+02 3.332792846731726945e-04
2.438430744595676458e+02 4.612243945310667121e-04
2.444195356285028140e+02 6.098742248040450037e-04
2.449959967974379538e+02 7.792093323036690649e-04
2.455724579663730651e+02 9.692075379777079875e-04
2.461489191353082617e+02 1.179843917683484622e-03
2.467253803042434015e+02 1.411090791657014726e-03
2.473018414731785413e+02 1.662917712610782533e-03
2.478783026421137095e+02 1.935291452392269920e-03
2.484547638110487924e+02 2.228175987114396073e-03
2.490312249799839890e+02 2.541532480674273814e-03
2.496076861489191288e+02 2.875319266553321394e-03
2.501841473178543254e+02 3.229491827778315210e-03
2.507606084867894367e+02 3.604002774930680202e-03
2.513370696557246049e+02 3.998801822048095138e-03
2.519135308246597162e+02 4.413835760275294610e-03
2.524899919935948560e+02 4.849048429079986719e-03
2.530664531625300526e+02 5.304380684856578598e-03
2.536429143314651640e+02 5.779770366694033691e-03
2.542193755004003322e+02 6.275152259091861667e-03
2.547958366693355003e+02 6.790458051350859413e-03
2.553722978382706117e+02 7.325616293375526202e-03
2.559487590072057799e+02 7.880552347558328341e-03
2.565252201761408628e+02 8.455188336416650380e-03
2.571016813450760878e+02 9.049443085593531291e-03
2.576781425140111992e+02 9.663232061804494580e-03
2.582546036829464242e+02 1.029646730526703746e-02
2.588310648518815356e+02 1.094905735609273852e-02
2.594075260208166469e+02 1.162090717407615950e-02
2.599839871897518151e+02 1.231191805124496989e-02
2.605604483586869264e+02 1.302198751646191713e-02
2.611369095276221515e+02 1.375100923130839412e-02
2.617133706965572628e+02 1.449887287636340491e-02
2.622898318654923742e+02 1.526546402691627245e-02
2.628662930344275992e+02 1.605066401702971712e-02
2.634427542033626537e+02 1.685434979073273387e-02
2.640192153722978787e+02 1.767639373900026928e-02
2.645956765412329901e+02 1.851666352099270302e-02
2.651721377101681014e+02 1.937502186785556441e-02
2.657485988791033265e+02 2.025132636716661313e-02
2.663250600480384378e+02 2.114542922587246687e-02
2.669015212169736060e+02 2.205717700928692265e-02
2.674779823859087173e+02 2.298641035341998304e-02
2.680544435548438855e+02 2.393296364752546188e-02
2.686309047237790537e+02 2.489666468336874591e-02
2.692073658927141651e+02 2.587733426722836627e-02
2.697838270616493332e+02 2.687478579010863997e-02
2.703602882305845014e+02 2.788882475101349748e-02
2.709367493995196696e+02 2.891924822740686227e-02
2.715132105684547810e+02 2.996584428614443296e-02
2.720896717373898923e+02 3.102839132719885720e-02
2.726661329063250605e+02 3.210665735135469906e-02
2.732425940752602287e+02 3.320039914175371143e-02
2.738190552441953969e+02 3.430936134762001960e-02
2.743955164131305082e+02 3.543327545670391793e-02
2.749719775820656764e+02 3.657185864089067956e-02
2.755484387510007878e+02 3.772481245693565938e-02
2.761248999199359559e+02 3.889182138139768430e-02
2.767013610888711241e+02 4.007255115541643459e-02
2.772778222578062355e+02 4.126664691093894638e-02
2.778542834267414037e+02 4.247373104522463721e-02
2.784307445956765719e+02 4.369340080479506422e-02
2.790072057646116832e+02 4.492522553327804591e-02
2.795836669335468514e+02 4.616874352959673272e-02
2.801601281024819627e+02 4.742345845346513517e-02
2.807365892714171309e+02 4.868883520380688779e-02
2.813130504403522991e+02 4.996429518222020999e-02
2.818895116092874105e+02 5.124921083751517864e-02
2.824659727782225787e+02 5.254289936813766326e-02
2.830424339471577468e+02 5.384461543644136761e-02
2.836188951160929150e+02 5.515354272161119425e-02
2.841953562850280264e+02 5.646878410582262947e-02
2.847718174539631946e+02 5.778935025029441341e-02
2.853482786228983059e+02 5.911414627346166240e-02
2.859247397918334741e+02 6.044195619206148284e-02
2.865012009607686423e+02 6.177142472721595251e-02
2.870776621297037536e+02 6.310103601222315228e-02
2.876541232986389218e+02 6.442908866830586445e-02
2.882305844675740332e+02 6.575366664307430442e-02
2.888070456365092014e+02 6.707260514122914685e-02
2.893835068054443695e+02 6.838345093117970119e-02
2.899599679743794809e+02 6.968341630663550668e-02
2.905364291433146491e+02 7.096932605398441340e-02
2.911128903122498173e+02 7.223755697916882379e-02
2.916893514811849855e+02 7.348396996398764980e-02
2.922658126501200968e+02 7.470383527002517898e-02
2.928422738190552082e+02 7.589175305115346271e-02
2.934187349879903763e+02 7.704157297877883837e-02
2.939951961569255445e+02 7.814631975638142158e-02
2.945716573258607127e+02 7.919813529041305755e-02
2.951481184947958241e+02 8.018825340562117654e-02
2.957245796637309923e+02 8.110702883596655755e-02
2.963010408326661036e+02 8.194404760062094784e-02
2.968775020016012718e+02 8.268834844298740550e-02
2.974539631705364400e+02 8.332878114736512465e-02
2.980304243394715513e+02 8.385451302913790594e-02
2.986068855084067195e+02 8.425566694632986853e-02
2.991833466773418877e+02 8.452403486969448099e-02
2.997598078462769990e+02 8.465377035842674980e-02
3.003362690152121672e+02 8.464193846047490810e-02
3.009127301841472786e+02 8.448880986787116187e-02
3.014891913530825036e+02 8.419783327569901887e-02
3.020656525220176150e+02 8.377529230776897817e-02
3.026421136909527263e+02 8.322972327497789313e-02
3.032185748598878945e+02 8.257121108513576502e-02
3.037950360288230627e+02 8.181068256121797055e-02
3.043714971977582309e+02 8.095928761834259024e-02
3.049479583666933422e+02 8.002791723683180813e-02
3.055244195356284536e+02 7.902686929422748918e-02
3.061008807045636786e+02 7.796564764346849974e-02
3.066773418734987899e+02 7.685286734993063140e-02
3.072538030424339581e+02 7.569623650263060388e-02
3.078302642113690695e+02 7.450258827112850313e-02
3.084067253803042945e+02 7.327794246309306259e-02
3.089831865492394058e+02 7.202758161660847980e-02
3.095596477181745172e+02 7.075613160700895687e-02
3.101361088871096854e+02 6.946764054417652046e-02
3.107125700560447967e+02 6.816565243836640586e-02
3.112890312249800218e+02 6.685327392334031171e-02
3.118654923939151331e+02 6.553323347271322596e-02
3.124419535628502445e+02 6.420793322827933469e-02
3.130184147317854695e+02 6.287949393263074505e-02
3.135948759007205808e+02 6.154979363453174507e-02
3.141713370696557490e+02 6.022050089138597517e-02
3.147477982385908604e+02 5.889310317960821939e-02
3.153242594075259717e+02 5.756893117340712573e-02
3.159007205764611967e+02 5.624917948549340574e-02
3.164771817453963081e+02 5.493492439149531836e-02
3.170536429143314763e+02 5.362713899006479878e-02
3.176301040832665876e+02 5.232670618631963394e-02
3.182065652522018127e+02 5.103442982873428180e-02
3.187830264211369240e+02 4.975104427938845109e-02
3.193594875900720353e+02 4.847722265416317539e-02
3.199359487590072604e+02 4.721358393253453217e-02
3.205124099279423717e+02 4.596069910532737945e-02
3.210888710968775399e+02 4.471909650236171457e-02
3.216653322658126513e+02 4.348926641974402985e-02
3.222417934347477626e+02 4.227166514789654911e-02
3.228182546036829876e+02 4.106671848577563705e-02
3.233947157726180990e+02 3.987482481364208048e-02
3.239711769415532672e+02 3.869635778571040019e-02
3.245476381104883785e+02 3.753166869481223966e-02
3.251240992794235467e+02 3.638108855339892284e-02
3.257005604483587149e+02 3.524492992872935160e-02
3.262770216172938262e+02 3.412348856454616719e-02
3.268534827862290513e+02 3.301704481691424692e-02
3.274299439551641058e+02 3.192586492797173936e-02
3.280064051240993308e+02 3.085020215800383589e-02
3.285828662930344422e+02 2.979029779342936765e-02
3.291593274619695535e+02 2.874638204588922732e-02
3.297357886309047785e+02 2.771867485558177774e-02
3.303122497998398330e+02 2.670738661022560231e-02
3.308887109687750581e+02 2.571271878955661699e-02
3.314651721377101694e+02 2.473486454396827544e-02
3.320416333066452808e+02 2.377400921480724710e-02
3.326180944755805058e+02 2.283033080289039243e-02
3.331945556445156171e+02 2.190400039098513649e-02
3.337710168134507853e+02 2.099518252530105031e-02
3.343474779823859535e+02 2.010403556041025566e-02
3.349239391513210649e+02 1.923071197150647005e-02
3.355004003202562330e+02 1.837535863742494752e-02
3.360768614891913444e+02 1.753811709747365999e-02
3.366533226581265126e+02 1.671912378474922981e-02
3.372297838270616808e+02 1.591851023832450973e-02
3.378062449959967921e+02 1.513640329641344033e-02
3.383827061649319603e+02 1.437292527239537876e-02
3.389591673338670716e+02 1.362819411536736990e-02
3.395356285028022398e+02 1.290232355671152263e-02
3.401120896717374080e+02 1.219542324401831287e-02
3.406885508406725194e+02 1.150759886353127683e-02
3.412650120096076876e+02 1.083895225220881699e-02
3.418414731785428557e+02 1.018958150032821600e-02
3.424179343474779671e+02 9.559581045507189317e-03
3.429943955164131353e+02 8.949041758897524276e-03
3.435708566853482466e+02 8.358051024257842285e-03
3.441473178542834148e+02 7.786692810512457937e-03
3.447237790232186398e+02 7.235047738374424629e-03
3.453002401921536944e+02 6.703193141517222939e-03
3.458767013610888625e+02 6.191203122779498531e-03
3.464531625300239739e+02 5.699148605793238724e-03
3.470296236989591421e+02 5.227097382421400096e-03
3.476060848678943671e+02 4.775114156340820940e-03
3.481825460368294216e+02 4.343260583073769651e-03
3.487590072057646466e+02 3.931595306748823793e-03
3.493354683746998148e+02 3.540173993844286139e-03
3.499119295436348693e+02 3.169049364137789537e-03
3.504883907125700944e+02 2.818271219066052422e-03
3.510648518815051489e+02 2.487886467691577657e-03
3.516413130504403739e+02 2.177939150439438514e-03
3.522177742193755421e+02 1.888470460752275475e-03
3.527942353883105966e+02 1.619518764813978988e-03
3.533706965572458216e+02 1.371119619455339091e-03
3.539471577261809898e+02 1.143305788362299113e-03
3.545236188951161012e+02 9.361072566809613580e-04
3.551000800640512693e+02 7.495512441170626037e-04
3.556765412329863238e+02 5.836622166025317920e-04
3.562530024019215489e+02 4.384618966063997636e-04
3.568294635708567171e+02 3.139692721473958076e-04
3.574059247397918284e+02 2.102006045700036921e-04
3.579823859087269966e+02 1.271694351205743658e-04
3.585588470776621648e+02 6.488659037253516218e-05
3.591353082465972761e+02 2.336018652565229129e-05
3.597117694155324443e+02 2.595632609541011164e-06
3.602882305844675557e+02 2.595632609322734161e-06
3.608646917534027239e+02 2.336018652557953116e-05
3.614411529223378921e+02 6.488659037275343918e-05
3.620176140912730034e+02 1.271694351208653927e-04
3.625940752602081716e+02 2.102006045702219691e-04
3.631705364291433398e+02 3.139692721473958076e-04
3.637469975980784511e+02 4.384618966063270136e-04
3.643234587670136193e+02 5.836622166026774004e-04
3.648999199359487307e+02 7.495512441170626037e-04
3.654763811048839557e+02 9.361072566809613580e-04
3.660528422738190670e+02 1.143305788362517471e-03
3.666293034427541784e+02 1.371119619455557449e-03
3.672057646116893466e+02 1.619518764814197129e-03
3.677822257806244579e+02 1.888470460752057116e-03
3.683586869495596829e+02 2.177939150439365656e-03
3.689351481184947943e+02 2.487886467691650515e-03
3.695116092874299056e+02 2.818271219065615705e-03
3.700880704563650738e+02 3.169049364138371971e-03
3.706645316253002420e+02 3.540173993844577139e-03
3.712409927942354102e+02 3.931595306748678076e-03
3.718174539631705215e+02 4.343260583073623934e-03
3.723939151321056329e+02 4.775114156341257222e-03
3.729703763010408579e+02 5.227097382421982096e-03
3.735468374699759693e+02 5.699148605793093875e-03
3.741232986389111375e+02 6.191203122779352815e-03
3.746997598078462488e+02 6.703193141516713797e-03
3.752762209767814738e+02 7.235047738374497488e-03
3.758526821457165852e+02 7.786692810512822228e-03
3.764291433146516965e+02 8.358051024257477993e-03
3.770056044835869216e+02 8.949041758897307436e-03
3.775820656525220329e+02 9.559581045507335034e-03
3.781585268214572011e+02 1.018958150032857855e-02
3.787349879903923124e+02 1.083895225220874413e-02
3.793114491593274238e+02 1.150759886353142254e-02
3.798879103282626488e+02 1.219542324401794858e-02
3.804643714971977602e+02 1.290232355671210376e-02
3.810408326661329284e+02 1.362819411536722418e-02
3.816172938350680397e+02 1.437292527239545162e-02
3.821937550040032079e+02 1.513640329641395034e-02
3.827702161729383761e+02 1.591851023832450973e-02
3.833466773418734874e+02 1.671912378474908409e-02
3.839231385108086556e+02 1.753811709747336856e-02
3.844995996797438238e+02 1.837535863742472894e-02
3.850760608486789351e+02 1.923071197150625147e-02
3.856525220176141033e+02 2.010403556041047424e-02
3.862289831865492147e+02 2.099518252530054377e-02
3.868054443554843829e+02 2.190400039098513649e-02
3.873819055244195511e+02 2.283033080289024672e-02
3.879583666933546624e+02 2.377400921480724710e-02
3.885348278622898306e+02 2.473486454396834830e-02
3.891112890312249419e+02 2.571271878955617984e-02
3.896877502001601101e+02 2.670738661022538374e-02
3.902642113690952783e+02 2.771867485558155916e-02
3.908406725380303897e+02 2.874638204588915447e-02
3.914171337069655578e+02 2.979029779342878478e-02
3.919935948759007829e+02 3.085020215800398161e-02
3.925700560448358374e+02 3.192586492797159364e-02
3.931465172137710056e+02 3.301704481691395549e-02
3.937229783827062306e+02 3.412348856454616719e-02
3.942994395516412851e+02 3.524492992872913649e-02
3.948759007205765101e+02 3.638108855339848569e-02
3.954523618895115646e+02 3.753166869481202456e-02
3.960288230584467328e+02 3.869635778571047652e-02
3.966052842273819579e+02 3.987482481364142128e-02
3.971817453963170124e+02 4.106671848577570644e-02
3.977582065652522374e+02 4.227166514789669483e-02
3.983346677341874056e+02 4.348926641974366208e-02
3.989111289031225169e+02 4.471909650236171457e-02
3.994875900720576851e+02 4.596069910532744884e-02
4.000640512409927396e+02 4.721358393253446278e-02
4.006405124099279647e+02 4.847722265416280762e-02
4.012169735788631328e+02 4.975104427938815965e-02
4.017934347477982442e+02 5.103442982873464956e-02
4.023698959167334124e+02 5.232670618631984905e-02
4.029463570856685237e+02 5.362713899006465307e-02
4.035228182546036919e+02 5.493492439149480489e-02
4.040992794235388601e+02 5.624917948549326002e-02
4.046757405924739714e+02 5.756893117340741717e-02
4.052522017614091396e+02 5.889310317960851082e-02
4.058286629303443078e+02 6.022050089138590578e-02
4.064051240992794192e+02 6.154979363453189078e-02
4.069815852682145874e+02 6.287949393263096709e-02
4.075580464371496987e+02 6.420793322827918204e-02
4.081345076060848669e+02 6.553323347271301780e-02
4.087109687750200351e+02 6.685327392334038110e-02
4.092874299439551464e+02 6.816565243836632260e-02
4.098638911128903146e+02 6.946764054417665923e-02
4.104403522818254260e+02 7.075613160700873483e-02
4.110168134507605942e+02 7.202758161660820224e-02
4.115932746196957623e+02 7.327794246309313198e-02
4.121697357886308737e+02 7.450258827112857252e-02
4.127461969575660419e+02 7.569623650263060388e-02
4.133226581265012101e+02 7.685286734993070079e-02
4.138991192954363214e+02 7.796564764346820831e-02
4.144755804643715464e+02 7.902686929422719775e-02
4.150520416333066009e+02 8.002791723683144731e-02
4.156285028022418260e+02 8.095928761834303433e-02
4.162049639711769373e+02 8.181068256121767912e-02
4.167814251401120487e+02 8.257121108513554297e-02
4.173578863090472737e+02 8.322972327497767109e-02
4.179343474779823282e+02 8.377529230776889491e-02
4.185108086469175532e+02 8.419783327569951847e-02
4.190872698158527214e+02 8.448880986787124514e-02
4.196637309847877759e+02 8.464193846047497749e-02
4.202401921537230010e+02 8.465377035842683306e-02
4.208166533226581123e+02 8.452403486969432833e-02
4.213931144915932805e+02 8.425566694632993792e-02
4.219695756605284487e+02 8.385451302913790594e-02
4.225460368294636169e+02 8.332878114736534669e-02
4.231224979983987282e+02 8.268834844298740550e-02
4.236989591673338964e+02 8.194404760062146131e-02
4.242754203362690646e+02 8.110702883596671020e-02
4.248518815052041759e+02 8.018825340562131532e-02
4.254283426741393441e+02 7.919813529041305755e-02
4.260048038430744555e+02 7.814631975638142158e-02
4.265812650120096237e+02 7.704157297877897714e-02
4.271577261809447918e+02 7.589175305115332393e-02
4.277341873498799032e+02 7.470383527002524837e-02
4.283106485188150714e+02 7.348396996398778858e-02
4.288871096877501827e+02 7.223755697916904583e-02
4.294635708566853509e+02 7.096932605398470484e-02
4.300400320256205191e+02 6.968341630663536790e-02
4.306164931945556305e+02 6.838345093117947915e-02
4.311929543634907986e+02 6.707260514122914685e-02
4.317694155324259100e+02 6.575366664307423503e-02
4.323458767013610782e+02 6.442908866830550363e-02
4.329223378702962464e+02 6.310103601222299963e-02
4.334987990392313577e+02 6.177142472721587618e-02
4.340752602081665259e+02 6.044195619206133713e-02
4.346517213771016941e+02 5.911414627346195383e-02
4.352281825460368623e+02 5.778935025029404565e-02
4.358046437149719736e+02 5.646878410582284458e-02
4.363811048839070850e+02 5.515354272161140936e-02
4.369575660528422532e+02 5.384461543644136761e-02
4.375340272217774213e+02 5.254289936813766326e-02
4.381104883907126464e+02 5.124921083751517864e-02
4.386869495596477009e+02 4.996429518222020999e-02
4.392634107285829259e+02 4.868883520380659635e-02
4.398398718975180373e+02 4.742345845346571803e-02
4.404163330664531486e+02 4.616874352959695477e-02
4.409927942353883736e+02 4.492522553327775447e-02
4.415692554043234281e+02 4.369340080479499483e-02
4.421457165732586532e+02 4.247373104522420006e-02
4.427221777421937645e+02 4.126664691093894638e-02
4.432986389111288759e+02 4.007255115541658030e-02
4.438751000800641009e+02 3.889182138139768430e-02
4.444515612489992122e+02 3.772481245693572877e-02
4.450280224179343804e+02 3.657185864089082528e-02
4.456044835868695486e+02 3.543327545670406364e-02
4.461809447558046031e+02 3.430936134762001960e-02
4.467574059247398282e+02 3.320039914175400286e-02
4.473338670936749395e+02 3.210665735135462967e-02
4.479103282626101077e+02 3.102839132719856924e-02
4.484867894315452759e+02 2.996584428614450582e-02
4.490632506004803872e+02 2.891924822740686227e-02
4.496397117694155554e+02 2.788882475101342462e-02
4.502161729383506668e+02 2.687478579010849425e-02
4.507926341072858349e+02 2.587733426722822055e-02
4.513690952762210031e+02 2.489666468336874591e-02
4.519455564451561145e+02 2.393296364752531616e-02
4.525220176140912827e+02 2.298641035341991018e-02
4.530984787830264509e+02 2.205717700928699551e-02
4.536749399519615622e+02 2.114542922587253973e-02
4.542514011208967304e+02 2.025132636716719600e-02
4.548278622898318417e+02 1.937502186785549155e-02
4.554043234587670099e+02 1.851666352099241505e-02
4.559807846277022350e+02 1.767639373900041500e-02
4.565572457966372895e+02 1.685434979073295245e-02
4.571337069655724576e+02 1.605066401702978998e-02
4.577101681345075690e+02 1.526546402691634531e-02
4.582866293034427372e+02 1.449887287636318633e-02
4.588630904723779622e+02 1.375100923130839412e-02
4.594395516413131304e+02 1.302198751646206284e-02
4.600160128102481849e+02 1.231191805124489703e-02
4.605924739791832963e+02 1.162090717407637808e-02
4.611689351481185213e+02 1.094905735609273852e-02
4.617453963170536326e+02 1.029646730526718318e-02
4.623218574859887440e+02 9.663232061804857137e-03
4.628983186549239690e+02 9.049443085593239858e-03
4.634747798238590804e+02 8.455188336416577521e-03
4.640512409927941917e+02 7.880552347558546916e-03
4.646277021617294167e+02 7.325616293375744777e-03
4.652041633306645849e+02 6.790458051351005130e-03
4.657806244995996394e+02 6.275152259091788809e-03
4.663570856685348645e+02 5.779770366694106550e-03
4.669335468374700326e+02 5.304380684856360023e-03
4.675100080064050871e+02 4.849048429080205294e-03
4.680864691753403122e+02 4.413835760275366601e-03
4.686629303442754235e+02 3.998801822048167996e-03
4.692393915132105917e+02 3.604002774930462061e-03
4.698158526821456462e+02 3.229491827778315210e-03
4.703923138510808712e+02 2.875319266553467111e-03
4.709687750200160394e+02 2.541532480674564814e-03
4.715452361889510939e+02 2.228175987114105073e-03
4.721216973578863190e+02 1.935291452392197062e-03
4.726981585268214872e+02 1.662917712611146391e-03
4.732746196957565417e+02 1.411090791657160226e-03
4.738510808646917667e+02 1.179843917683193622e-03
4.744275420336269349e+02 9.692075379777807375e-04
4.750040032025621031e+02 7.792093323034508150e-04
4.755804643714972144e+02 6.098742248040450037e-04
4.761569255404323258e+02 4.612243945309939079e-04
4.767333867093675508e+02 3.332792846731726945e-04
4.773098478783026621e+02 2.260556105316617560e-04
4.778863090472377735e+02 1.395673662955833837e-04
4.784627702161729417e+02 7.382583065422932496e-05
4.790392313851081667e+02 2.883957128476891406e-05
4.796156925540432212e+02 4.614448235983852466e-06
4.801921537229783894e+02 1.153616231602876934e-06
4.807686148919136144e+02 1.845752590655160697e-05
4.813450760608486689e+02 5.652392398564887833e-05
4.819215372297838371e+02 1.153478523978375002e-04
4.824979983987190053e+02 1.949216463310425324e-04
4.830744595676541167e+02 2.952349312109953171e-04
4.836509207365892280e+02 4.162746185815405426e-04
4.842273819055244530e+02 5.580249008742029903e-04
4.848038430744596212e+02 7.204672450219762585e-04
4.853803042433946757e+02 9.035803848896842164e-04
4.859567654123298439e+02 1.107340312469766485e-03
4.865332265812650689e+02 1.331720267790882997e-03
4.871096877502001234e+02 1.576690727484403396e-03
4.876861489191352916e+02 1.842219391926346603e-03
4.882626100880705167e+02 2.128271170891688543e-03
4.888390712570056280e+02 2.434808167618008560e-03
4.894155324259406825e+02 2.761789661190950252e-03
4.899919935948759075e+02 3.109172087134346937e-03
4.905684547638110757e+02 3.476909016080750262e-03
4.911449159327461302e+02 3.864951130396694461e-03
4.917213771016813553e+02 4.273246198597687416e-03
4.922978382706165235e+02 4.701739047399842650e-03
4.928742994395516348e+02 5.150371531214314666e-03
4.934507606084868030e+02 5.619082498884754757e-03
4.940272217774219712e+02 6.107807757450654969e-03
4.946036829463570825e+02 6.616480032672560074e-03
4.951801441152921939e+02 7.145028926066361932e-03
4.957566052842274189e+02 7.693380868129679785e-03
4.963330664531625303e+02 8.261459067434135176e-03
4.969095276220975848e+02 8.849183455216465266e-03
4.974859887910328098e+02 9.456470625061519711e-03
4.980624499599679780e+02 1.008323376722116728e-02
4.986389111289032030e+02 1.072938259708235836e-02
4.992153722978382575e+02 1.139482327722466173e-02
4.997918334667734257e+02 1.207945833245685496e-02
5.003682946357086507e+02 1.278318655715020291e-02
5.009447558046437052e+02 1.350590291412274470e-02
5.015212169735788734e+02 1.424749842422095951e-02
5.020976781425139848e+02 1.500786004566967771e-02
5.026741393114492098e+02 1.578687054214500743e-02
5.032506004803843211e+02 1.658440833840266540e-02
5.038270616493194325e+02 1.740034736215470904e-02
5.044035228182546575e+02 1.823455687073409145e-02
5.049799839871897120e+02 1.908690126091138958e-02
5.055564451561248802e+02 1.995723986001726041e-02
5.061329063250601052e+02 2.084542669630674167e-02
5.067093674939951597e+02 2.175131024622446382e-02
5.072858286629303279e+02 2.267473315594883965e-02
5.078622898318655530e+02 2.361553193423566663e-02
5.084387510008006643e+02 2.457353661319636520e-02
5.090152121697357757e+02 2.554857037319544638e-02
5.095916733386710007e+02 2.654044912753321384e-02
5.101681345076061120e+02 2.754898106198194752e-02
5.107445956765412234e+02 2.857396612354740073e-02
5.113210568454763347e+02 2.961519545205483842e-02
5.118975180144115598e+02 3.067245074718718406e-02
5.124739791833467280e+02 3.174550356258636769e-02
5.130504403522817256e+02 3.283411451732737990e-02
5.136269015212169506e+02 3.393803241365293127e-02
5.142033626901521757e+02 3.505699324812792950e-02
5.147798238590871733e+02 3.619071910139964182e-02
5.153562850280223984e+02 3.733891688939888071e-02
5.159327461969576234e+02 3.850127695606416628e-02
5.165092073658928484e+02 3.967747148444588506e-02
5.170856685348278461e+02 4.086715269921611243e-02
5.176621297037630711e+02 4.206995082909836814e-02
5.182385908726981825e+02 4.328547179237143827e-02
5.188150520416332938e+02 4.451329456227616499e-02
5.193915132105684052e+02 4.575296816159239721e-02
5.199679743795036302e+02 4.700400822669382334e-02
5.205444355484386278e+02 4.826589307070723589e-02
5.211208967173738529e+02 4.953805916266437737e-02
5.216973578863090779e+02 5.081989592434811576e-02
5.222738190552443029e+02 5.211073972843618257e-02
5.228502802241793006e+02 5.340986695996560035e-02
5.234267413931145256e+02 5.471648597749449033e-02
5.240032025620497507e+02 5.602972777988382558e-02
5.245796637309847483e+02 5.734863514869675133e-02
5.251561248999199734e+02 5.867214999400000713e-02
5.257325860688551984e+02 5.999909858230561416e-02
5.263090472377903097e+02 6.132817426911609665e-02
5.268855084067253074e+02 6.265791729523026432e-02
5.274619695756605324e+02 6.398669113693265798e-02
5.280384307445957575e+02 6.531265482840319103e-02
5.286148919135307551e+02 6.663373060625883693e-02
5.291913530824659802e+02 6.794756617191083370e-02
5.297678142514012052e+02 6.925149084591053494e-02
5.303442754203362028e+02 7.054246492980413563e-02
5.309207365892714279e+02 7.181702174258704219e-02
5.314971977582066529e+02 7.307120213276711851e-02
5.320736589271417643e+02 7.430048188884016969e-02
5.326501200960768756e+02 7.549969352801100264e-02
5.332265812650121006e+02 7.666294562767009269e-02
5.338030424339472120e+02 7.778354540188540944e-02
5.343795036028822096e+02 7.885393382901044468e-02
5.349559647718174347e+02 7.986564739891161002e-02
5.355324259407526597e+02 8.080932623581099650e-02
5.361088871096877710e+02 8.167479408264501084e-02
5.366853482786228824e+02 8.245123948079650933e-02
5.372618094475581074e+02 8.312752622624007548e-02
5.378382706164932188e+02 8.369265065579054030e-02
5.384147317854283301e+02 8.413633993305819070e-02
5.389911929543635551e+02 8.444974930158227755e-02
5.395676541232986665e+02 8.462617440461447926e-02
5.401441152922337778e+02 8.466166251500915896e-02
5.407205764611690029e+02 8.455540233962810515e-02
5.412970376301041142e+02 8.430980675952461090e-02
5.418734987990393392e+02 8.393026949019624650e-02
5.424499599679743369e+02 8.342465075994587309e-02
5.430264211369095619e+02 8.280259990132862735e-02
5.436028823058446733e+02 8.207483761293805913e-02
5.441793434747797846e+02 8.125250030820298230e-02
5.447558046437150097e+02 8.034660959640946287e-02
5.453322658126501210e+02 7.936768947191319423e-02
5.459087269815853460e+02 7.832552361652141137e-02
5.464851881505204574e+02 7.722902857183883141e-02
5.470616493194555687e+02 7.608621318728613081e-02
5.476381104883907938e+02 7.490419652821098118e-02
5.482145716573257914e+02 7.368926153704864757e-02
5.487910328262610165e+02 7.244692761551196902e-02
5.493674939951962415e+02 7.118203058159250363e-02
5.499439551641313528e+02 6.989880264090671258e-02
5.505204163330664642e+02 6.860094806011211854e-02
5.510968775020015755e+02 6.729171231231474704e-02
5.516733386709368006e+02 6.597394380854409990e-02
5.522497998398719119e+02 6.465014814753120009e-02
5.528262610088070232e+02 6.332253527823422656e-02
5.534027221777422483e+02 6.199306020141225754e-02
5.539791833466773596e+02 6.066345792574574097e-02
5.545556445156124710e+02 5.933527339920070809e-02
5.551321056845476960e+02 5.800988709557118594e-02
5.557085668534828073e+02 5.668853687302145145e-02
5.562850280224179187e+02 5.537233665035016378e-02
5.568614891913531437e+02 5.406229237575502222e-02
5.574379503602882551e+02 5.275931569645678221e-02
5.580144115292233664e+02 5.146423567767242913e-02
5.585908726981585914e+02 5.017780886679225338e-02
5.591673338670937028e+02 4.890072795303897213e-02
5.597437950360288141e+02 4.763362923392129578e-02
5.603202562049639255e+02 4.637709906668118637e-02
5.608967173738991505e+02 4.513167945498970657e-02
5.614731785428342619e+02 4.389787289760391925e-02
5.620496397117693732e+02 4.267614660593563314e-02
5.626261008807045982e+02 4.146693618090384337e-02
5.632025620496397096e+02 4.027064882553452185e-02
5.637790232185748209e+02 3.908766615810203154e-02
5.643554843875100460e+02 3.791834668083779447e-02
5.649319455564451573e+02 3.676302795098440601e-02
5.655084067253803823e+02 3.562202849408022814e-02
5.660848678943154937e+02 3.449564949351426046e-02
5.666613290632506050e+02 3.338417628549513599e-02
5.672377902321858301e+02 3.228787968440817446e-02
5.678142514011209414e+02 3.120701716003035364e-02
5.683907125700560528e+02 3.014183388508101177e-02
5.689671737389911641e+02 2.909256366905605545e-02
5.695436349079263891e+02 2.805942979213446251e-02
5.701200960768615005e+02 2.704264575109471477e-02
5.706965572457966118e+02 2.604241592761891155e-02
5.712730184147318369e+02 2.505893618800022343e-02
5.718494795836669482e+02 2.409239442211196652e-02
5.724259407526020595e+02 2.314297102850821145e-02
5.730024019215372846e+02 2.221083935165771642e-02
5.735788630904723959e+02 2.129616607657749960e-02
5.741553242594075073e+02 2.039911158548526199e-02
5.747317854283427323e+02 1.951983028054222677e-02
5.753082465972778436e+02 1.865847087626512635e-02
5.758847077662129550e+02 1.781517666477216641e-02
5.764611689351480663e+02 1.699008575665436269e-02
5.770376301040832914e+02 1.618333129996659195e-02
5.776140912730184027e+02 1.539504167950581440e-02
5.781905524419535141e+02 1.462534069835883486e-02
5.787670136108887391e+02 1.387434774343603711e-02
5.793434747798238504e+02 1.314217793654726303e-02
5.799199359487589618e+02 1.242894227239614569e-02
5.804963971176941868e+02 1.173474774473259354e-02
5.810728582866292982e+02 1.105969746176116257e-02
5.816493194555644095e+02 1.040389075179926764e-02
5.822257806244996345e+02 9.767423260067598437e-03
5.828022417934347459e+02 9.150387037416848543e-03
5.833787029623699709e+02 8.552870621698144965e-03
5.839551641313050823e+02 7.974959112430035982e-03
5.845316253002401936e+02 7.416734239338656012e-03
5.851080864691753050e+02 6.878274425295645249e-03
5.856845476381104163e+02 6.359654844131808031e-03
5.862610088070456413e+02 5.860947473742596399e-03
5.868374699759807527e+02 5.382221144889451532e-03
5.874139311449158640e+02 4.923541586025229240e-03
5.879903923138510891e+02 4.484971464483782956e-03
5.885668534827862004e+02 4.066570424298975549e-03
5.891433146517214254e+02 3.668395120926487649e-03
5.897197758206565368e+02 3.290499253101528999e-03
5.902962369895916481e+02 2.932933592042235964e-03
5.908726981585268732e+02 2.595746008192201595e-03
5.914491593274619845e+02 2.278981495682376023e-03
5.920256204963970958e+02 1.982682194665345409e-03
5.926020816653322072e+02 1.706887411667577445e-03
5.931785428342674322e+02 1.451633638088715029e-03
5.937550040032025436e+02 1.216954566962361083e-03
5.943314651721376549e+02 1.002881108087497024e-03
5.949079263410728799e+02 8.094414016168990705e-04
5.954843875100079913e+02 6.366608301964114466e-04
5.960608486789431026e+02 4.845620297178683165e-04
5.966373098478783277e+02 3.531648987595135849e-04
5.972137710168134390e+02 2.424866067687801946e-04
5.977902321857485504e+02 1.525416010321748914e-04
5.983666933546837754e+02 8.334161248160003809e-05
5.989431545236188867e+02 3.489566036359571891e-05
5.995196156925539981e+02 7.210055810574591799e-06
6.000960768614892231e+02 2.884043184874269707e-07
6.006725380304243345e+02 1.413160716387929747e-05
6.012489991993594458e+02 4.873786175495221885e-05
6.018254603682945572e+02 1.041026609259474215e-04
6.024019215372297822e+02 1.802187911710638045e-04
6.029783827061650072e+02 2.770763297963029664e-04
6.035548438751000049e+02 3.946626409942615723e-04
6.041313050440352299e+02 5.329623707923215404e-04
6.047077662129704549e+02 6.919574408676902166e-04
6.052842273819054526e+02 8.716270411727568626e-04
6.058606885508406776e+02 1.071947621344134308e-03
6.064371497197757890e+02 1.292892880829177088e-03
6.070136108887110140e+02 1.534433757677952257e-03
6.075900720576461254e+02 1.796538415930885087e-03
6.081665332265812367e+02 2.079172231525832585e-03
6.087429943955164617e+02 2.382297776633776187e-03
6.093194555644514594e+02 2.705874802329279877e-03
6.098959167333866844e+02 3.049860219491297257e-03
6.104723779023219095e+02 3.414208077800824550e-03
6.110488390712569071e+02 3.798869542717008777e-03
6.116253002401921322e+02 4.203792870271361518e-03
6.122017614091273572e+02 4.628923379528511982e-03
6.127782225780624685e+02 5.074203422514654560e-03
6.133546837469975799e+02 5.539572351435572903e-03
6.139311449159326912e+02 6.024966482948138601e-03
6.145076060848679163e+02 6.530319059246129411e-03
6.150840672538030276e+02 7.055560205693696234e-03
6.156605284227381389e+02 7.600616884710719758e-03
6.162369895916733640e+02 8.165412845578272696e-03
6.168134507606085890e+02 8.749868569807164181e-03
6.173899119295435867e+02 9.353901211665812884e-03
6.179663730984788117e+02 9.977424533432584924e-03
6.185428342674140367e+02 1.062034883487083387e-02
6.191192954363490344e+02 1.128258087639747928e-02
6.196957566052842594e+02 1.196402379533379086e-02
6.202722177742193708e+02 1.266457701457547776e-02
6.208486789431544821e+02 1.338413614293811928e-02
6.214251401120895935e+02 1.412259286635277576e-02
6.220016012810248185e+02 1.487983482899194604e-02
6.225780624499600435e+02 1.565574550329746142e-02
6.231545236188950412e+02 1.645020404777063419e-02
6.237309847878302662e+02 1.726308515123723547e-02
6.243074459567654912e+02 1.809425886215726767e-02
6.248839071257004889e+02 1.894359040137157460e-02
6.254603682946357139e+02 1.981093995647720610e-02
6.260368294635709390e+02 2.069616245580405481e-02
6.266132906325060503e+02 2.159910731970598324e-02
6.271897518014411617e+02 2.251961818658812509e-02
6.277662129703762730e+02 2.345753261075763860e-02
6.283426741393114980e+02 2.441268172879456841e-02
6.289191353082464957e+02 2.538488989071939483e-02
6.294955964771817207e+02 2.637397425170208420e-02
6.300720576461169458e+02 2.737974431949141002e-02
6.306485188150519434e+02 2.840200145206692867e-02
6.312249799839871685e+02 2.944053829922928592e-02
6.318014411529223935e+02 3.049513818095797232e-02
6.323779023218576185e+02 3.156557439429987649e-02
6.329543634907926162e+02 3.265160943934600213e-02
6.335308246597278412e+02 3.375299415342968706e-02
6.341072858286629526e+02 3.486946674101810278e-02
6.346837469975979502e+02 3.600075168482873983e-02
6.352602081665331752e+02 3.714655852142506598e-02
6.358366693354684003e+02 3.830658046186616317e-02
6.364131305044036253e+02 3.948049283484718341e-02
6.369895916733386230e+02 4.066795132602582519e-02
6.375660528422738480e+02 4.186858998286901307e-02
6.381425140112090730e+02 4.308201894912570828e-02
6.387189751801440707e+02 4.430782188688467405e-02
6.392954363490792957e+02 4.554555303684181683e-02
6.398718975180145208e+02 4.679473385868035407e-02
6.404483586869496321e+02 4.805484918311637987e-02
6.410248198558847434e+02 4.932534279476477601e-02
6.416012810248198548e+02 5.060561235026084237e-02
6.421777421937550798e+02 5.189500351846935283e-02
6.427542033626900775e+02 5.319280320868022272e-02
6.433306645316253025e+02 5.449823172774124341e-02
6.439071257005605275e+02 5.581043367750346956e-02
6.444835868694955252e+02 5.712846736896173838e-02
6.450600480384307502e+02 5.845129248838776270e-02
6.456365092073659753e+02 5.977775570285770446e-02
6.462129703763010866e+02 6.110657383751678245e-02
6.467894315452361980e+02 6.243631419474918176e-02
6.473658927141714230e+02 6.376537151717101559e-02
6.479423538831065343e+02 6.509194102473858656e-02
6.485188150520416457e+02 6.641398688666157180e-02
6.490952762209767570e+02 6.772920543119392844e-02
6.496717373899119821e+02 6.903498236769012308e-02
6.502481985588470934e+02 7.032834332343766703e-02
6.508246597277822048e+02 7.160589712674876595e-02
6.514011208967174298e+02 7.286377156500024876e-02
6.519775820656526548e+02 7.409754191111465882e-02
6.525540432345876525e+02 7.530215348428431765e-02
6.531305044035227638e+02 7.647184107572160827e-02
6.537069655724581025e+02 7.760005044975500088e-02
6.542834267413931002e+02 7.867937054513446382e-02
6.548598879103282115e+02 7.970148957475205187e-02
6.554363490792634366e+02 8.065719379429694968e-02
6.560128102481986616e+02 8.153643353398278004e-02
6.565892714171336593e+02 8.232848543717626033e-02
6.571657325860688843e+02 8.302223972228491011e-02
6.577421937550041093e+02 8.360663259742924514e-02
6.583186549239391070e+02 8.407122285725024402e-02
6.588951160928742183e+02 8.440687735652931123e-02
6.594715772618095571e+02 8.460648826753561225e-02
6.600480384307446684e+02 8.466560986217715190e-02
6.606244995996796661e+02 8.458289258981914471e-02
6.612009607686150048e+02 8.436022037004703433e-02
6.617774219375501161e+02 8.400251965115905495e-02
6.623538831064851138e+02 8.351728375616013222e-02
6.629303442754203388e+02 8.291391403480977140e-02
6.635068054443555638e+02 8.220300084531263762e-02
6.640832666132905615e+02 8.139565201487576618e-02
6.646597277822257865e+02 8.050293889322825136e-02
6.652361889511610116e+02 7.953548880465695359e-02
6.658126501200961229e+02 7.850322039244311823e-02
6.663891112890312343e+02 7.741519950162616126e-02
6.669655724579664593e+02 7.627958628621549220e-02
6.675420336269015706e+02 7.510364510864069032e-02
6.681184947958365683e+02 7.389379356698538848e-02
6.686949559647719070e+02 7.265567285579294099e-02
6.692714171337070184e+02 7.139422710347258227e-02
6.698478783026421297e+02 7.011378370989367059e-02
6.704243394715772411e+02 6.881812993686040048e-02
6.710008006405124661e+02 6.751058323178264764e-02
6.715772618094475774e+02 6.619405421641436083e-02
6.721537229783826888e+02 6.487110216524556716e-02
6.727301841473179138e+02 6.354398330985862320e-02
6.733066453162530252e+02 6.221469256875043069e-02
6.738831064851881365e+02 6.088499941039383911e-02
6.744595676541233615e+02 5.955647857336667655e-02
6.750360288230584729e+02 5.823053633233513104e-02
6.756124899919935842e+02 5.690843293807910236e-02
6.761889511609288093e+02 5.559130178929324456e-02
6.767654123298639206e+02 5.428016582252178507e-02
6.773418734987990319e+02 5.297595153924258837e-02
6.779183346677341433e+02 5.167950102807510049e-02
6.784947958366693683e+02 5.039158228622649116e-02
6.790712570056044797e+02 4.911289809758998676e-02
6.796477181745395910e+02 4.784409368486240710e-02
6.802241793434748161e+02 4.658576331902827133e-02
6.808006405124099274e+02 4.533845604079770469e-02
6.813771016813450387e+02 4.410268062435106912e-02
6.819535628502802638e+02 4.287890989339970121e-02
6.825300240192153751e+02 4.166758448250276747e-02
6.831064851881504865e+02 4.046911612225148613e-02
6.836829463570857115e+02 3.928389051492685302e-02
6.842594075260208228e+02 3.811226985715460147e-02
6.848358686949559342e+02 3.695459505763119129e-02
6.854123298638910455e+02 3.581118769085753911e-02
6.859887910328262706e+02 3.468235172183960907e-02
6.865652522017613819e+02 3.356837503164497583e-02
6.871417133706964933e+02 3.246953076945510719e-02
6.877181745396317183e+02 3.138607855311148498e-02
6.882946357085668296e+02 3.031826553710158939e-02
6.888710968775019410e+02 2.926632736434172516e-02
6.894475580464372797e+02 2.823048901585671969e-02
6.900240192153722774e+02 2.721096557060305801e-02
6.906004803843073887e+02 2.620796288605140023e-02
6.911769415532426137e+02 2.522167820874678806e-02
6.917534027221777251e+02 2.425230072290220779e-02
6.923298638911128364e+02 2.330001204403799042e-02
6.929063250600479478e+02 2.236498666380802580e-02
6.934827862289832865e+02 2.144739235139808339e-02
6.940592473979182842e+02 2.054739051621079157e-02
6.946357085668533955e+02 1.966513653599897410e-02
6.952121697357887342e+02 1.880078005410366210e-02
6.957886309047237319e+02 1.795446524902152841e-02
6.963650920736588432e+02 1.712633107916388189e-02
6.969415532425941819e+02 1.631651150532683475e-02
6.975180144115292933e+02 1.552513569312058070e-02
6.980944755804642909e+02 1.475232819734443972e-02
6.986709367493996297e+02 1.399820913007150149e-02
6.992473979183347410e+02 1.326289431404328867e-02
6.998238590872697387e+02 1.254649542274738870e-02
7.004003202562048500e+02 1.184912010846800659e-02
7.009767814251401887e+02 1.117087211941065333e-02
7.015532425940751864e+02 1.051185140692503968e-02
7.021297037630102977e+02 9.872154223709418350e-03
7.027061649319456365e+02 9.251873213836065910e-03
7.032826261008807478e+02 8.651097495296921486e-03
7.038590872698157455e+02 8.069912735747615876e-03
7.044355484387510842e+02 7.508401222029817759e-03
7.050120096076861955e+02 6.966641924011735161e-03
7.055884707766211932e+02 6.444710553219432266e-03
7.061649319455565319e+02 5.942679616703813207e-03
7.067413931144916432e+02 5.460618466532373046e-03
7.073178542834267546e+02 4.998593345255272248e-03
7.078943154523619796e+02 4.556667427677929885e-03
7.084707766212970910e+02 4.134900859225373523e-03
7.090472377902322023e+02 3.733350791163603244e-03
7.096236989591672000e+02 3.352071412918895127e-03
7.102001601281025387e+02 2.991113981704721959e-03
7.107766212970376500e+02 2.650526849669993055e-03
7.113530824659726477e+02 2.330355488724020121e-03
7.119295436349079864e+02 2.030642513218076147e-03
7.125060048038430978e+02 1.751427700616107943e-03
7.130824659727782091e+02 1.492748010296270035e-03
7.136589271417134341e+02 1.254637600592778271e-03
7.142353883106485455e+02 1.037127844192389922e-03
7.148118494795836568e+02 8.402473419743481655e-04
7.153883106485188819e+02 6.640219353864861397e-04
7.159647718174539932e+02 5.084747174223920802e-04
7.165412329863891046e+02 3.736260422767600045e-04
7.171176941553243296e+02 2.594935337377146873e-04
7.176941553242594409e+02 1.660920923492175013e-04
7.182706164931945523e+02 9.343390141521989035e-05
7.188470776621297773e+02 4.152843185320430580e-05
7.194235388310648887e+02 1.038244594535239706e-05
7.200000000000000000e+02 0.000000000000000000e+00
