Theta (degrees)	Normalized Energy
0.000000000000000000e+00 2.926924182299651123e-01
7.207207207207206867e-01 2.925831548208224775e-01
1.441441441441441373e+00 2.922578846573198885e-01
2.162162162162161838e+00 2.917238716511956209e-01
2.882882882882882747e+00 2.909923127986129288e-01
3.603603603603603212e+00 2.900772121956091132e-01
4.324324324324323676e+00 2.889941783697601574e-01
5.045045045045044141e+00 2.877593426264865584e-01
5.765765765765765494e+00 2.863885130983351290e-01
6.486486486486486847e+00 2.848965965228982822e-01
7.207207207207206423e+00 2.832972624516024718e-01
7.927927927927927776e+00 2.816027972128665735e-01
8.648648648648647352e+00 2.798240901776265499e-01
9.369369369369367817e+00 2.779707025249275598e-01
1.009009009009008828e+01 2.760509807632057222e-01
1.081081081081081052e+01 2.740721890722003784e-01
1.153153153153153099e+01 2.720406441122229513e-01
1.225225225225224968e+01 2.699618429083970317e-01
1.297297297297297369e+01 2.678405790898406580e-01
1.369369369369369238e+01 2.656810456968941581e-01
1.441441441441441285e+01 2.634869244889289641e-01
1.513513513513513331e+01 2.612614626085301706e-01
1.585585585585585555e+01 2.590075378852669807e-01
1.657657657657657424e+01 2.567277141966501919e-01
1.729729729729729470e+01 2.544242882756407309e-01
1.801801801801801517e+01 2.520993292439374645e-01
1.873873873873873563e+01 2.497547120059736281e-01
1.945945945945945965e+01 2.473921454872815007e-01
2.018018018018017656e+01 2.450131965568716486e-01
2.090090090090089703e+01 2.426193103432690845e-01
2.162162162162162105e+01 2.402118275402357894e-01
2.234234234234234151e+01 2.377919992009549788e-01
2.306306306306306197e+01 2.353609994374123437e-01
2.378378378378378244e+01 2.329199363731520589e-01
2.450450450450449935e+01 2.304698616407570289e-01
2.522522522522522337e+01 2.280117786685101899e-01
2.594594594594594739e+01 2.255466499622488241e-01
2.666666666666666430e+01 2.230754035570030602e-01
2.738738738738738476e+01 2.205989387875396390e-01
2.810810810810810878e+01 2.181181315064125437e-01
2.882882882882882569e+01 2.156338388618289637e-01
2.954954954954954971e+01 2.131469037349200957e-01
3.027027027027026662e+01 2.106581589264281962e-01
3.099099099099098709e+01 2.081684311760000350e-01
3.171171171171171110e+01 2.056785450929771997e-01
3.243243243243242802e+01 2.031893270756735259e-01
3.315315315315314848e+01 2.007016092965389908e-01
3.387387387387386894e+01 1.982162338334276241e-01
3.459459459459458941e+01 1.957340570325240281e-01
3.531531531531531698e+01 1.932559541966336614e-01
3.603603603603603034e+01 1.907828247038627634e-01
3.675675675675675080e+01 1.883155976767836859e-01
3.747747747747747127e+01 1.858552383416768039e-01
3.819819819819819173e+01 1.834027552423364293e-01
3.891891891891891930e+01 1.809592085044148813e-01
3.963963963963963266e+01 1.785257193859178249e-01
4.036036036036035313e+01 1.761034813992150283e-01
4.108108108108108070e+01 1.736937733522873062e-01
4.180180180180179406e+01 1.712979747349765713e-01
4.252252252252252163e+01 1.689175839736010432e-01
4.324324324324324209e+01 1.665542401991004506e-01
4.396396396396396256e+01 1.642097493254429663e-01
4.468468468468468302e+01 1.618861154226992893e-01
4.540540540540539638e+01 1.595855785997166987e-01
4.612612612612612395e+01 1.573106608909733695e-01
4.684684684684684441e+01 1.550642219747306316e-01
4.756756756756756488e+01 1.528495269325454153e-01
4.828828828828829245e+01 1.506703286776392703e-01
4.900900900900899870e+01 1.485309680895197937e-01
4.972972972972972627e+01 1.464364952042900847e-01
5.045045045045044674e+01 1.443928148488757279e-01
5.117117117117116720e+01 1.424068595535653570e-01
5.189189189189189477e+01 1.404867908803426602e-01
5.261261261261261524e+01 1.386422265682234756e-01
5.333333333333332860e+01 1.368844837655781854e-01
5.405405405405404906e+01 1.352268162628509629e-01
5.477477477477476953e+01 1.336846040755613474e-01
5.549549549549549710e+01 1.322754259573619140e-01
5.621621621621621756e+01 1.310189120375246374e-01
5.693693693693693092e+01 1.299362453824891017e-01
5.765765765765765138e+01 1.290491811334520122e-01
5.837837837837837185e+01 1.283785145983578069e-01
5.909909909909909942e+01 1.279420833479970321e-01
5.981981981981981988e+01 1.277526153621081628e-01
6.054054054054053324e+01 1.278159370580801979e-01
6.126126126126126081e+01 1.281300801243442644e-01
6.198198198198197417e+01 1.286855884199858968e-01
6.270270270270270174e+01 1.294669191183025758e-01
6.342342342342342221e+01 1.304544862607179556e-01
6.414414414414414978e+01 1.316267895682621814e-01
6.486486486486485603e+01 1.329622031719640274e-01
6.558558558558557650e+01 1.344402307600452984e-01
6.630630630630629696e+01 1.360422308196843066e-01
6.702702702702703164e+01 1.377517220962299893e-01
6.774774774774773789e+01 1.395544060730542768e-01
6.846846846846847257e+01 1.414380252188101039e-01
6.918918918918917882e+01 1.433921428261513142e-01
6.990990990990989928e+01 1.454078989855059900e-01
7.063063063063063396e+01 1.474777735542309176e-01
7.135135135135135442e+01 1.495953712481735420e-01
7.207207207207206068e+01 1.517552344911130280e-01
7.279279279279279535e+01 1.539526844249209103e-01
7.351351351351350161e+01 1.561836879051636262e-01
7.423423423423423628e+01 1.584447472690024006e-01
7.495495495495494254e+01 1.607328094566956023e-01
7.567567567567567721e+01 1.630451912726394170e-01
7.639639639639638347e+01 1.653795179484006117e-01
7.711711711711710393e+01 1.677336725914510551e-01
7.783783783783783861e+01 1.701057545067564403e-01
7.855855855855855907e+01 1.724940447370324481e-01
7.927927927927926532e+01 1.748969774733802607e-01
8.000000000000000000e+01 1.773131162424047835e-01
8.072072072072070625e+01 1.797411339841861189e-01
8.144144144144144093e+01 1.821797963042504076e-01
8.216216216216216139e+01 1.846279473186346054e-01
8.288288288288286765e+01 1.870844976201909982e-01
8.360360360360358811e+01 1.895484139815730440e-01
8.432432432432432279e+01 1.920187104801144851e-01
8.504504504504504325e+01 1.944944407855155599e-01
8.576576576576576372e+01 1.969746913956782197e-01
8.648648648648648418e+01 1.994585756413675692e-01
8.720720720720720465e+01 2.019452283084057498e-01
8.792792792792792511e+01 2.044338007481620589e-01
8.864864864864863137e+01 2.069234563642852742e-01
8.936936936936936604e+01 2.094133663767416831e-01
9.009009009009007229e+01 2.119027057738947228e-01
9.081081081081079276e+01 2.143906493700822868e-01
9.153153153153152743e+01 2.168763678901748648e-01
9.225225225225224790e+01 2.193590240042215811e-01
9.297297297297296836e+01 2.218377682345346602e-01
9.369369369369368883e+01 2.243117346544709900e-01
9.441441441441440929e+01 2.267800362926483404e-01
9.513513513513512976e+01 2.292417601481508416e-01
9.585585585585585022e+01 2.316959617111995218e-01
9.657657657657658490e+01 2.341416588693101819e-01
9.729729729729727694e+01 2.365778250606528355e-01
9.801801801801799741e+01 2.390033815134325612e-01
9.873873873873873208e+01 2.414171883817893272e-01
9.945945945945945255e+01 2.438180345539551486e-01
1.001801801801801730e+02 2.462046258659029152e-01
1.009009009009008935e+02 2.485755714020756457e-01
1.016216216216216139e+02 2.509293675023134274e-01
1.023423423423423344e+02 2.532643790190268196e-01
1.030630630630630549e+02 2.555788172792007873e-01
1.037837837837837895e+02 2.578707141004836778e-01
1.045045045045044816e+02 2.601378910886836815e-01
1.052252252252252305e+02 2.623779233064912897e-01
1.059459459459459367e+02 2.645880962543670778e-01
1.066666666666666572e+02 2.667653549543309022e-01
1.073873873873873777e+02 2.689062437957033813e-01
1.081081081081080981e+02 2.710068357249753035e-01
1.088288288288288186e+02 2.730626494023342121e-01
1.095495495495495391e+02 2.750685532080131002e-01
1.102702702702702595e+02 2.770186556261492461e-01
1.109909909909909942e+02 2.789061828105537932e-01
1.117117117117116862e+02 2.807233464033854209e-01
1.124324324324324351e+02 2.824612084099364373e-01
1.131531531531531414e+02 2.841095556860842031e-01
1.138738738738738618e+02 2.856568048542405536e-01
1.145945945945945823e+02 2.870899692831231365e-01
1.153153153153153028e+02 2.883947320892883970e-01
1.160360360360360232e+02 2.895556797609901145e-01
1.167567567567567437e+02 2.905567536430369580e-01
1.174774774774774500e+02 2.913819617115393501e-01
1.181981981981981988e+02 2.920163511334045170e-01
1.189189189189189193e+02 2.924471703887605023e-01
1.196396396396396398e+02 2.926650623970312726e-01
1.203603603603603460e+02 2.926650623970312726e-01
1.210810810810810665e+02 2.924471703887609464e-01
1.218018018018017870e+02 2.920163511334046280e-01
1.225225225225225216e+02 2.913819617115392391e-01
1.232432432432432563e+02 2.905567536430366804e-01
1.239639639639639483e+02 2.895556797609903921e-01
1.246846846846846830e+02 2.883947320892883970e-01
1.254054054054054035e+02 2.870899692831226924e-01
1.261261261261261097e+02 2.856568048542402760e-01
1.268468468468468444e+02 2.841095556860843141e-01
1.275675675675675649e+02 2.824612084099365483e-01
1.282882882882882996e+02 2.807233464033854209e-01
1.290090090090089916e+02 2.789061828105541263e-01
1.297297297297297121e+02 2.770186556261486910e-01
1.304504504504504325e+02 2.750685532080123785e-01
1.311711711711711530e+02 2.730626494023337680e-01
1.318918918918919019e+02 2.710068357249753035e-01
1.326126126126125939e+02 2.689062437957032148e-01
1.333333333333333144e+02 2.667653549543311797e-01
1.340540540540540633e+02 2.645880962543669113e-01
1.347747747747747553e+02 2.623779233064914562e-01
1.354954954954954758e+02 2.601378910886838480e-01
1.362162162162162247e+02 2.578707141004832892e-01
1.369369369369369451e+02 2.555788172792005652e-01
1.376576576576576656e+02 2.532643790190268751e-01
1.383783783783783576e+02 2.509293675023132608e-01
1.390990990990990781e+02 2.485755714020756457e-01
1.398198198198197986e+02 2.462046258659029152e-01
1.405405405405405190e+02 2.438180345539551486e-01
1.412612612612612679e+02 2.414171883817892716e-01
1.419819819819819884e+02 2.390033815134329220e-01
1.427027027027027088e+02 2.365778250606531963e-01
1.434234234234234009e+02 2.341416588693100431e-01
1.441441441441441214e+02 2.316959617111995773e-01
1.448648648648648418e+02 2.292417601481508416e-01
1.455855855855855907e+02 2.267800362926482849e-01
1.463063063063063112e+02 2.243117346544710733e-01
1.470270270270270032e+02 2.218377682345343826e-01
1.477477477477477521e+02 2.193590240042219419e-01
1.484684684684684726e+02 2.168763678901746428e-01
1.491891891891891646e+02 2.143906493700820648e-01
1.499099099099098851e+02 2.119027057738945563e-01
1.506306306306306340e+02 2.094133663767412668e-01
1.513513513513513544e+02 2.069234563642854408e-01
1.520720720720720465e+02 2.044338007481621144e-01
1.527927927927927669e+02 2.019452283084057498e-01
1.535135135135134874e+02 1.994585756413677358e-01
1.542342342342342079e+02 1.969746913956784418e-01
1.549549549549549567e+02 1.944944407855157820e-01
1.556756756756756772e+02 1.920187104801144018e-01
1.563963963963963977e+02 1.895484139815732660e-01
1.571171171171171181e+02 1.870844976201911369e-01
1.578378378378378102e+02 1.846279473186347442e-01
1.585585585585585306e+02 1.821797963042504076e-01
1.592792792792792795e+02 1.797411339841860356e-01
1.600000000000000000e+02 1.773131162424047835e-01
1.607207207207207205e+02 1.748969774733801774e-01
1.614414414414414125e+02 1.724940447370325869e-01
1.621621621621621614e+02 1.701057545067565235e-01
1.628828828828828819e+02 1.677336725914510551e-01
1.636036036036036023e+02 1.653795179484008337e-01
1.643243243243243228e+02 1.630451912726396391e-01
1.650450450450450433e+02 1.607328094566955468e-01
1.657657657657657353e+02 1.584447472690026226e-01
1.664864864864864842e+02 1.561836879051634874e-01
1.672072072072071762e+02 1.539526844249210491e-01
1.679279279279278967e+02 1.517552344911130280e-01
1.686486486486486456e+02 1.495953712481737363e-01
1.693693693693693660e+02 1.474777735542316393e-01
1.700900900900900865e+02 1.454078989855061288e-01
1.708108108108107785e+02 1.433921428261513697e-01
1.715315315315315274e+02 1.414380252188100207e-01
1.722522522522522195e+02 1.395544060730545544e-01
1.729729729729729684e+02 1.377517220962300726e-01
1.736936936936937173e+02 1.360422308196842511e-01
1.744144144144144093e+02 1.344402307600452984e-01
1.751351351351351013e+02 1.329622031719641939e-01
1.758558558558558502e+02 1.316267895682620981e-01
1.765765765765765707e+02 1.304544862607179556e-01
1.772972972972972627e+02 1.294669191183029366e-01
1.780180180180180116e+02 1.286855884199859523e-01
1.787387387387387321e+02 1.281300801243446252e-01
1.794594594594594525e+02 1.278159370580804199e-01
1.801801801801801446e+02 1.277526153621082461e-01
1.809009009009008935e+02 1.279420833479973096e-01
1.816216216216215855e+02 1.283785145983578624e-01
1.823423423423423344e+02 1.290491811334521510e-01
1.830630630630630549e+02 1.299362453824893238e-01
1.837837837837837753e+02 1.310189120375249150e-01
1.845045045045044958e+02 1.322754259573621916e-01
1.852252252252251878e+02 1.336846040755614029e-01
1.859459459459459367e+02 1.352268162628511849e-01
1.866666666666666288e+02 1.368844837655781022e-01
1.873873873873873777e+02 1.386422265682236421e-01
1.881081081081081265e+02 1.404867908803429655e-01
1.888288288288288186e+02 1.424068595535651904e-01
1.895495495495495391e+02 1.443928148488758112e-01
1.902702702702702595e+02 1.464364952042903623e-01
1.909909909909909800e+02 1.485309680895199325e-01
1.917117117117117004e+02 1.506703286776394923e-01
1.924324324324324209e+02 1.528495269325454153e-01
1.931531531531531698e+02 1.550642219747306316e-01
1.938738738738738618e+02 1.573106608909732307e-01
1.945945945945945539e+02 1.595855785997167819e-01
1.953153153153153028e+02 1.618861154226992061e-01
1.960360360360359948e+02 1.642097493254426610e-01
1.967567567567567437e+02 1.665542401991005894e-01
1.974774774774774642e+02 1.689175839736009044e-01
1.981981981981981846e+02 1.712979747349764326e-01
1.989189189189189051e+02 1.736937733522873062e-01
1.996396396396395971e+02 1.761034813992147507e-01
2.003603603603603460e+02 1.785257193859176861e-01
2.010810810810810949e+02 1.809592085044150200e-01
2.018018018018017870e+02 1.834027552423364849e-01
2.025225225225225358e+02 1.858552383416768594e-01
2.032432432432432279e+02 1.883155976767837692e-01
2.039639639639639483e+02 1.907828247038627634e-01
2.046846846846846688e+02 1.932559541966336614e-01
2.054054054054054177e+02 1.957340570325240281e-01
2.061261261261261097e+02 1.982162338334273188e-01
2.068468468468468302e+02 2.007016092965392129e-01
2.075675675675675791e+02 2.031893270756736092e-01
2.082882882882882711e+02 2.056785450929772829e-01
2.090090090090089632e+02 2.081684311760000350e-01
2.097297297297297121e+02 2.106581589264281962e-01
2.104504504504504609e+02 2.131469037349200402e-01
2.111711711711711530e+02 2.156338388618287416e-01
2.118918918918918735e+02 2.181181315064123216e-01
2.126126126126125939e+02 2.205989387875395558e-01
2.133333333333333144e+02 2.230754035570033655e-01
2.140540540540540064e+02 2.255466499622486021e-01
2.147747747747747553e+02 2.280117786685101344e-01
2.154954954954955042e+02 2.304698616407570289e-01
2.162162162162161962e+02 2.329199363731518924e-01
2.169369369369369451e+02 2.353609994374119552e-01
2.176576576576576372e+02 2.377919992009548122e-01
2.183783783783783576e+02 2.402118275402357894e-01
2.190990990990990781e+02 2.426193103432692233e-01
2.198198198198198270e+02 2.450131965568715098e-01
2.205405405405405190e+02 2.473921454872815007e-01
2.212612612612612395e+02 2.497547120059730452e-01
2.219819819819819884e+02 2.520993292439374089e-01
2.227027027027026804e+02 2.544242882756406754e-01
2.234234234234233725e+02 2.567277141966499698e-01
2.241441441441441214e+02 2.590075378852669252e-01
2.248648648648648702e+02 2.612614626085298375e-01
2.255855855855855623e+02 2.634869244889289641e-01
2.263063063063062827e+02 2.656810456968941581e-01
2.270270270270270032e+02 2.678405790898407135e-01
2.277477477477477237e+02 2.699618429083966986e-01
2.284684684684684726e+02 2.720406441122227847e-01
2.291891891891891646e+02 2.740721890722004339e-01
2.299099099099099135e+02 2.760509807632058332e-01
2.306306306306306055e+02 2.779707025249273933e-01
2.313513513513513260e+02 2.798240901776267164e-01
2.320720720720720465e+02 2.816027972128660184e-01
2.327927927927927669e+02 2.832972624516029159e-01
2.335135135135134874e+02 2.848965965228980046e-01
2.342342342342342079e+02 2.863885130983349625e-01
2.349549549549548999e+02 2.877593426264863918e-01
2.356756756756756772e+02 2.889941783697599909e-01
2.363963963963963977e+02 2.900772121956089467e-01
2.371171171171171181e+02 2.909923127986126512e-01
2.378378378378378386e+02 2.917238716511958985e-01
2.385585585585585306e+02 2.922578846573195555e-01
2.392792792792792795e+02 2.925831548208224775e-01
2.399999999999999716e+02 2.926924182299652788e-01
2.407207207207206920e+02 2.925831548208224775e-01
2.414414414414414125e+02 2.922578846573195555e-01
2.421621621621621330e+02 2.917238716511960650e-01
2.428828828828828250e+02 2.909923127986130398e-01
2.436036036036035739e+02 2.900772121956093907e-01
2.443243243243242659e+02 2.889941783697602684e-01
2.450450450450450433e+02 2.877593426264863918e-01
2.457657657657657637e+02 2.863885130983355731e-01
2.464864864864865126e+02 2.848965965228980046e-01
2.472072072072072046e+02 2.832972624516029159e-01
2.479279279279278967e+02 2.816027972128665735e-01
2.486486486486486456e+02 2.798240901776265499e-01
2.493693693693693660e+02 2.779707025249277264e-01
2.500900900900900581e+02 2.760509807632062773e-01
2.508108108108108070e+02 2.740721890722007670e-01
2.515315315315314990e+02 2.720406441122227847e-01
2.522522522522522195e+02 2.699618429083970317e-01
2.529729729729729399e+02 2.678405790898404915e-01
2.536936936936936888e+02 2.656810456968942691e-01
2.544144144144144377e+02 2.634869244889293527e-01
2.551351351351351298e+02 2.612614626085302261e-01
2.558558558558558502e+02 2.590075378852673693e-01
2.565765765765765991e+02 2.567277141966501919e-01
2.572972972972972912e+02 2.544242882756412305e-01
2.580180180180179832e+02 2.520993292439376865e-01
2.587387387387387321e+02 2.497547120059733228e-01
2.594594594594594241e+02 2.473921454872817227e-01
2.601801801801801162e+02 2.450131965568720926e-01
2.609009009009008651e+02 2.426193103432699727e-01
2.616216216216215571e+02 2.402118275402357894e-01
2.623423423423423060e+02 2.377919992009553951e-01
2.630630630630630549e+02 2.353609994374121217e-01
2.637837837837838038e+02 2.329199363731523365e-01
2.645045045045044958e+02 2.304698616407570289e-01
2.652252252252251878e+02 2.280117786685101344e-01
2.659459459459459367e+02 2.255466499622488796e-01
2.666666666666666288e+02 2.230754035570031435e-01
2.673873873873873777e+02 2.205989387875397778e-01
2.681081081081081265e+02 2.181181315064126824e-01
2.688288288288288186e+02 2.156338388618291024e-01
2.695495495495495106e+02 2.131469037349201789e-01
2.702702702702702595e+02 2.106581589264287790e-01
2.709909909909909516e+02 2.081684311760003403e-01
2.717117117117116436e+02 2.056785450929774217e-01
2.724324324324324493e+02 2.031893270756733039e-01
2.731531531531531414e+02 2.007016092965389353e-01
2.738738738738738903e+02 1.982162338334274576e-01
2.745945945945945823e+02 1.957340570325240281e-01
2.753153153153153312e+02 1.932559541966339389e-01
2.760360360360360232e+02 1.907828247038629854e-01
2.767567567567567153e+02 1.883155976767838524e-01
2.774774774774774642e+02 1.858552383416773590e-01
2.781981981981981562e+02 1.834027552423366236e-01
2.789189189189189051e+02 1.809592085044151033e-01
2.796396396396395971e+02 1.785257193859179081e-01
2.803603603603603460e+02 1.761034813992153891e-01
2.810810810810810381e+02 1.736937733522873895e-01
2.818018018018017870e+02 1.712979747349764326e-01
2.825225225225225358e+02 1.689175839736011819e-01
2.832432432432432279e+02 1.665542401991005339e-01
2.839639639639639768e+02 1.642097493254431051e-01
2.846846846846846688e+02 1.618861154226997889e-01
2.854054054054054177e+02 1.595855785997166432e-01
2.861261261261261097e+02 1.573106608909736470e-01
2.868468468468468018e+02 1.550642219747308537e-01
2.875675675675675507e+02 1.528495269325455541e-01
2.882882882882882427e+02 1.506703286776398532e-01
2.890090090090089348e+02 1.485309680895197937e-01
2.897297297297296836e+02 1.464364952042904455e-01
2.904504504504503757e+02 1.443928148488760055e-01
2.911711711711711814e+02 1.424068595535653570e-01
2.918918918918918735e+02 1.404867908803428267e-01
2.926126126126126223e+02 1.386422265682233368e-01
2.933333333333333144e+02 1.368844837655780466e-01
2.940540540540540064e+02 1.352268162628513237e-01
2.947747747747747553e+02 1.336846040755614029e-01
2.954954954954955042e+02 1.322754259573621360e-01
2.962162162162161962e+02 1.310189120375246929e-01
2.969369369369369451e+02 1.299362453824891850e-01
2.976576576576576372e+02 1.290491811334517069e-01
2.983783783783783292e+02 1.283785145983577236e-01
2.990990990990990781e+02 1.279420833479973096e-01
2.998198198198197701e+02 1.277526153621082461e-01
3.005405405405405759e+02 1.278159370580801146e-01
3.012612612612612679e+02 1.281300801243441811e-01
3.019819819819819600e+02 1.286855884199855360e-01
3.027027027027027088e+02 1.294669191183024370e-01
3.034234234234234009e+02 1.304544862607178723e-01
3.041441441441440929e+02 1.316267895682619593e-01
3.048648648648648418e+02 1.329622031719636110e-01
3.055855855855855339e+02 1.344402307600452151e-01
3.063063063063062827e+02 1.360422308196840291e-01
3.070270270270269748e+02 1.377517220962297673e-01
3.077477477477477237e+02 1.395544060730542768e-01
3.084684684684684157e+02 1.414380252188099651e-01
3.091891891891891646e+02 1.433921428261513697e-01
3.099099099099099135e+02 1.454078989855058235e-01
3.106306306306306055e+02 1.474777735542312229e-01
3.113513513513513544e+02 1.495953712481731535e-01
3.120720720720720465e+02 1.517552344911128615e-01
3.127927927927927954e+02 1.539526844249204662e-01
3.135135135135134874e+02 1.561836879051631821e-01
3.142342342342342363e+02 1.584447472690024006e-01
3.149549549549549283e+02 1.607328094566954635e-01
3.156756756756756204e+02 1.630451912726391395e-01
3.163963963963963693e+02 1.653795179484005562e-01
3.171171171171170613e+02 1.677336725914507498e-01
3.178378378378377533e+02 1.701057545067560794e-01
3.185585585585585591e+02 1.724940447370324481e-01
3.192792792792792511e+02 1.748969774733802607e-01
3.200000000000000000e+02 1.773131162424047280e-01
3.207207207207206920e+02 1.797411339841857303e-01
3.214414414414414409e+02 1.821797963042500468e-01
3.221621621621621330e+02 1.846279473186345221e-01
3.228828828828828250e+02 1.870844976201907761e-01
3.236036036036035739e+02 1.895484139815729052e-01
3.243243243243243228e+02 1.920187104801144851e-01
3.250450450450450148e+02 1.944944407855156432e-01
3.257657657657657637e+02 1.969746913956779977e-01
3.264864864864864558e+02 1.994585756413672917e-01
3.272072072072072046e+02 2.019452283084053890e-01
3.279279279279279535e+02 2.044338007481616148e-01
3.286486486486486456e+02 2.069234563642852187e-01
3.293693693693693376e+02 2.094133663767413223e-01
3.300900900900900865e+02 2.119027057738946396e-01
3.308108108108108354e+02 2.143906493700820648e-01
3.315315315315314706e+02 2.168763678901746428e-01
3.322522522522522195e+02 2.193590240042218587e-01
3.329729729729729684e+02 2.218377682345343826e-01
3.336936936936936604e+02 2.243117346544710733e-01
3.344144144144143524e+02 2.267800362926479796e-01
3.351351351351351013e+02 2.292417601481508416e-01
3.358558558558557934e+02 2.316959617111993552e-01
3.365765765765765423e+02 2.341416588693094047e-01
3.372972972972972912e+02 2.365778250606529187e-01
3.380180180180179832e+02 2.390033815134325612e-01
3.387387387387387321e+02 2.414171883817894104e-01
3.394594594594594241e+02 2.438180345539548433e-01
3.401801801801801730e+02 2.462046258659026932e-01
3.409009009009009219e+02 2.485755714020754237e-01
3.416216216216215571e+02 2.509293675023133718e-01
3.423423423423423060e+02 2.532643790190267086e-01
3.430630630630630549e+02 2.555788172792007318e-01
3.437837837837838038e+02 2.578707141004832892e-01
3.445045045045044390e+02 2.601378910886836815e-01
3.452252252252251878e+02 2.623779233064910121e-01
3.459459459459459367e+02 2.645880962543670223e-01
3.466666666666666856e+02 2.667653549543312352e-01
3.473873873873874345e+02 2.689062437957033258e-01
3.481081081081080697e+02 2.710068357249754700e-01
3.488288288288288186e+02 2.730626494023339346e-01
3.495495495495495675e+02 2.750685532080129336e-01
3.502702702702702027e+02 2.770186556261489685e-01
3.509909909909909516e+02 2.789061828105541263e-01
3.517117117117117004e+02 2.807233464033855319e-01
3.524324324324323925e+02 2.824612084099358267e-01
3.531531531531531414e+02 2.841095556860840365e-01
3.538738738738738334e+02 2.856568048542399429e-01
3.545945945945945255e+02 2.870899692831228589e-01
3.553153153153153312e+02 2.883947320892882860e-01
3.560360360360360232e+02 2.895556797609902255e-01
3.567567567567567721e+02 2.905567536430366804e-01
3.574774774774774642e+02 2.913819617115389615e-01
3.581981981981981562e+02 2.920163511334041839e-01
3.589189189189189051e+02 2.924471703887606688e-01
3.596396396396396540e+02 2.926650623970312726e-01
3.603603603603602892e+02 2.926650623970312726e-01
3.610810810810810381e+02 2.924471703887606688e-01
3.618018018018017870e+02 2.920163511334040729e-01
3.625225225225224790e+02 2.913819617115392391e-01
3.632432432432431710e+02 2.905567536430367914e-01
3.639639639639639199e+02 2.895556797609901145e-01
3.646846846846846688e+02 2.883947320892882860e-01
3.654054054054054177e+02 2.870899692831228589e-01
3.661261261261261097e+02 2.856568048542403870e-01
3.668468468468468018e+02 2.841095556860842031e-01
3.675675675675675507e+02 2.824612084099361042e-01
3.682882882882882427e+02 2.807233464033856984e-01
3.690090090090089916e+02 2.789061828105544039e-01
3.697297297297297405e+02 2.770186556261486910e-01
3.704504504504503757e+02 2.750685532080131002e-01
3.711711711711711246e+02 2.730626494023342676e-01
3.718918918918918735e+02 2.710068357249756366e-01
3.726126126126125087e+02 2.689062437957033258e-01
3.733333333333332575e+02 2.667653549543313463e-01
3.740540540540540633e+02 2.645880962543671333e-01
3.747747747747747553e+02 2.623779233064912897e-01
3.754954954954955042e+02 2.601378910886838480e-01
3.762162162162162531e+02 2.578707141004836778e-01
3.769369369369368883e+02 2.555788172792007318e-01
3.776576576576576372e+02 2.532643790190270416e-01
3.783783783783783861e+02 2.509293675023133718e-01
3.790990990990990781e+02 2.485755714020756457e-01
3.798198198198197701e+02 2.462046258659029707e-01
3.805405405405405190e+02 2.438180345539551486e-01
3.812612612612612111e+02 2.414171883817896325e-01
3.819819819819819600e+02 2.390033815134329220e-01
3.827027027027027088e+02 2.365778250606531963e-01
3.834234234234234009e+02 2.341416588693100431e-01
3.841441441441441498e+02 2.316959617111995773e-01
3.848648648648648418e+02 2.292417601481509803e-01
3.855855855855855907e+02 2.267800362926484237e-01
3.863063063063063396e+02 2.243117346544710733e-01
3.870270270270269748e+02 2.218377682345348823e-01
3.877477477477477237e+02 2.193590240042218031e-01
3.884684684684684726e+02 2.168763678901750036e-01
3.891891891891891078e+02 2.143906493700822868e-01
3.899099099099098567e+02 2.119027057738949171e-01
3.906306306306306055e+02 2.094133663767418496e-01
3.913513513513512976e+02 2.069234563642856350e-01
3.920720720720719896e+02 2.044338007481620589e-01
3.927927927927927385e+02 2.019452283084056110e-01
3.935135135135134874e+02 1.994585756413675692e-01
3.942342342342342363e+02 1.969746913956784418e-01
3.949549549549549283e+02 1.944944407855156987e-01
3.956756756756756204e+02 1.920187104801147626e-01
3.963963963963963693e+02 1.895484139815732105e-01
3.971171171171170613e+02 1.870844976201910537e-01
3.978378378378378102e+02 1.846279473186348274e-01
3.985585585585585591e+02 1.821797963042504631e-01
3.992792792792791943e+02 1.797411339841861744e-01
3.999999999999999432e+02 1.773131162424050056e-01
4.007207207207206920e+02 1.748969774733803439e-01
4.014414414414414409e+02 1.724940447370323648e-01
4.021621621621621898e+02 1.701057545067565235e-01
4.028828828828828819e+02 1.677336725914511939e-01
4.036036036036035739e+02 1.653795179484008337e-01
4.043243243243243228e+02 1.630451912726397223e-01
4.050450450450450717e+02 1.607328094566956855e-01
4.057657657657657069e+02 1.584447472690024006e-01
4.064864864864864558e+02 1.561836879051634874e-01
4.072072072072072046e+02 1.539526844249210491e-01
4.079279279279278967e+02 1.517552344911128615e-01
4.086486486486485887e+02 1.495953712481736808e-01
4.093693693693693376e+02 1.474777735542313617e-01
4.100900900900900297e+02 1.454078989855061843e-01
4.108108108108108354e+02 1.433921428261514530e-01
4.115315315315315274e+02 1.414380252188101594e-01
4.122522522522522195e+02 1.395544060730542768e-01
4.129729729729729684e+02 1.377517220962301281e-01
4.136936936936936604e+02 1.360422308196841679e-01
4.144144144144144093e+02 1.344402307600453539e-01
4.151351351351351582e+02 1.329622031719638886e-01
4.158558558558557934e+02 1.316267895682623201e-01
4.165765765765765423e+02 1.304544862607177336e-01
4.172972972972972912e+02 1.294669191183026591e-01
4.180180180180179264e+02 1.286855884199858968e-01
4.187387387387386752e+02 1.281300801243444032e-01
4.194594594594594241e+02 1.278159370580803367e-01
4.201801801801801730e+02 1.277526153621081073e-01
4.209009009009009219e+02 1.279420833479969488e-01
4.216216216216215571e+02 1.283785145983575848e-01
4.223423423423423060e+02 1.290491811334518457e-01
4.230630630630630549e+02 1.299362453824891850e-01
4.237837837837837469e+02 1.310189120375246929e-01
4.245045045045044958e+02 1.322754259573618307e-01
4.252252252252251878e+02 1.336846040755612641e-01
4.259459459459458799e+02 1.352268162628511849e-01
4.266666666666666288e+02 1.368844837655783242e-01
4.273873873873873777e+02 1.386422265682232535e-01
4.281081081081080129e+02 1.404867908803426046e-01
4.288288288288287617e+02 1.424068595535647741e-01
4.295495495495495106e+02 1.443928148488758112e-01
4.302702702702702595e+02 1.464364952042903067e-01
4.309909909909910084e+02 1.485309680895197104e-01
4.317117117117116436e+02 1.506703286776394923e-01
4.324324324324323925e+02 1.528495269325452766e-01
4.331531531531531414e+02 1.550642219747307149e-01
4.338738738738738903e+02 1.573106608909731474e-01
4.345945945945945255e+02 1.595855785997166432e-01
4.353153153153152743e+02 1.618861154226991506e-01
4.360360360360360232e+02 1.642097493254430496e-01
4.367567567567567153e+02 1.665542401991005339e-01
4.374774774774774073e+02 1.689175839736009044e-01
4.381981981981981562e+02 1.712979747349762938e-01
4.389189189189189051e+02 1.736937733522874727e-01
4.396396396396396540e+02 1.761034813992148895e-01
4.403603603603603460e+02 1.785257193859176028e-01
4.410810810810810381e+02 1.809592085044150200e-01
4.418018018018017870e+02 1.834027552423362073e-01
4.425225225225224790e+02 1.858552383416769427e-01
4.432432432432432279e+02 1.883155976767836304e-01
4.439639639639639768e+02 1.907828247038625413e-01
4.446846846846846120e+02 1.932559541966332728e-01
4.454054054054053609e+02 1.957340570325239448e-01
4.461261261261261097e+02 1.982162338334273188e-01
4.468468468468467449e+02 2.007016092965388521e-01
4.475675675675676075e+02 2.031893270756734704e-01
4.482882882882882427e+02 2.056785450929770609e-01
4.490090090090089916e+02 2.081684311760000350e-01
4.497297297297297405e+02 2.106581589264286403e-01
4.504504504504503757e+02 2.131469037349198736e-01
4.511711711711711246e+02 2.156338388618289081e-01
4.518918918918918735e+02 2.181181315064120996e-01
4.526126126126125655e+02 2.205989387875396390e-01
4.533333333333333144e+02 2.230754035570029215e-01
4.540540540540540064e+02 2.255466499622488796e-01
4.547747747747746985e+02 2.280117786685101344e-01
4.554954954954954474e+02 2.304698616407566680e-01
4.562162162162161962e+02 2.329199363731521977e-01
4.569369369369369451e+02 2.353609994374118997e-01
4.576576576576576372e+02 2.377919992009548955e-01
4.583783783783783292e+02 2.402118275402359282e-01
4.590990990990990213e+02 2.426193103432692233e-01
4.598198198198198270e+02 2.450131965568719539e-01
4.605405405405404622e+02 2.473921454872810843e-01
4.612612612612612111e+02 2.497547120059732673e-01
4.619819819819820168e+02 2.520993292439374645e-01
4.627027027027026520e+02 2.544242882756407864e-01
4.634234234234234577e+02 2.567277141966500253e-01
4.641441441441440929e+02 2.590075378852670362e-01
4.648648648648648418e+02 2.612614626085300040e-01
4.655855855855855339e+02 2.634869244889289641e-01
4.663063063063063396e+02 2.656810456968946021e-01
4.670270270270269748e+02 2.678405790898406580e-01
4.677477477477477237e+02 2.699618429083969207e-01
4.684684684684684157e+02 2.720406441122229513e-01
4.691891891891891646e+02 2.740721890722005449e-01
4.699099099099097998e+02 2.760509807632055557e-01
4.706306306306306055e+02 2.779707025249272823e-01
4.713513513513513544e+02 2.798240901776265499e-01
4.720720720720720465e+02 2.816027972128665735e-01
4.727927927927927954e+02 2.832972624516030824e-01
4.735135135135134306e+02 2.848965965228982822e-01
4.742342342342342363e+02 2.863885130983349625e-01
4.749549549549549283e+02 2.877593426264863918e-01
4.756756756756756772e+02 2.889941783697601574e-01
4.763963963963963124e+02 2.900772121956095573e-01
4.771171171171170613e+02 2.909923127986130398e-01
4.778378378378377533e+02 2.917238716511957874e-01
4.785585585585585591e+02 2.922578846573194444e-01
4.792792792792792511e+02 2.925831548208229216e-01
4.799999999999999432e+02 2.926924182299653898e-01
4.807207207207206920e+02 2.925831548208230326e-01
4.814414414414413841e+02 2.922578846573198885e-01
4.821621621621621898e+02 2.917238716511958985e-01
4.828828828828828250e+02 2.909923127986130398e-01
4.836036036036035739e+02 2.900772121956093907e-01
4.843243243243242659e+02 2.889941783697605460e-01
4.850450450450450148e+02 2.877593426264866694e-01
4.857657657657656500e+02 2.863885130983355731e-01
4.864864864864864558e+02 2.848965965228985597e-01
4.872072072072071478e+02 2.832972624516029159e-01
4.879279279279278967e+02 2.816027972128667400e-01
4.886486486486485319e+02 2.798240901776267164e-01
4.893693693693692808e+02 2.779707025249282815e-01
4.900900900900900865e+02 2.760509807632059998e-01
4.908108108108107785e+02 2.740721890722004339e-01
4.915315315315315274e+02 2.720406441122230623e-01
4.922522522522521626e+02 2.699618429083968651e-01
4.929729729729730252e+02 2.678405790898408245e-01
4.936936936936936036e+02 2.656810456968940470e-01
4.944144144144144093e+02 2.634869244889290196e-01
4.951351351351351013e+02 2.612614626085302261e-01
4.958558558558557934e+02 2.590075378852671473e-01
4.965765765765764854e+02 2.567277141966504694e-01
4.972972972972972912e+02 2.544242882756409529e-01
4.980180180180179832e+02 2.520993292439377420e-01
4.987387387387387321e+02 2.497547120059736281e-01
4.994594594594594241e+02 2.473921454872812786e-01
5.001801801801801162e+02 2.450131965568717873e-01
5.009009009009009219e+02 2.426193103432694453e-01
5.016216216216216139e+02 2.402118275402360947e-01
5.023423423423423628e+02 2.377919992009550343e-01
5.030630630630629980e+02 2.353609994374121217e-01
5.037837837837837469e+02 2.329199363731523365e-01
5.045045045045044390e+02 2.304698616407570844e-01
5.052252252252252447e+02 2.280117786685101899e-01
5.059459459459458799e+02 2.255466499622491017e-01
5.066666666666666288e+02 2.230754035570032823e-01
5.073873873873873777e+02 2.205989387875394170e-01
5.081081081081080697e+02 2.181181315064124604e-01
5.088288288288288754e+02 2.156338388618288249e-01
5.095495495495495106e+02 2.131469037349200957e-01
5.102702702702702595e+02 2.106581589264284737e-01
5.109909909909909516e+02 2.081684311760002570e-01
5.117117117117117004e+02 2.056785450929772829e-01
5.124324324324323925e+02 2.031893270756738867e-01
5.131531531531531982e+02 2.007016092965392129e-01
5.138738738738737766e+02 1.982162338334278184e-01
5.145945945945945823e+02 1.957340570325240281e-01
5.153153153153152743e+02 1.932559541966339389e-01
5.160360360360359664e+02 1.907828247038631242e-01
5.167567567567567721e+02 1.883155976767839079e-01
5.174774774774774642e+02 1.858552383416771647e-01
5.181981981981981562e+02 1.834027552423363461e-01
5.189189189189188482e+02 1.809592085044151588e-01
5.196396396396396540e+02 1.785257193859180469e-01
5.203603603603602323e+02 1.761034813992151116e-01
5.210810810810810381e+02 1.736937733522872507e-01
5.218018018018017301e+02 1.712979747349772375e-01
5.225225225225225358e+02 1.689175839736014040e-01
5.232432432432431142e+02 1.665542401991009780e-01
5.239639639639639199e+02 1.642097493254432439e-01
5.246846846846846120e+02 1.618861154226996502e-01
5.254054054054054177e+02 1.595855785997168652e-01
5.261261261261261097e+02 1.573106608909735082e-01
5.268468468468468018e+02 1.550642219747309369e-01
5.275675675675676075e+02 1.528495269325454153e-01
5.282882882882882996e+02 1.506703286776394923e-01
5.290090090090089916e+02 1.485309680895200712e-01
5.297297297297296836e+02 1.464364952042908063e-01
5.304504504504503757e+02 1.443928148488758667e-01
5.311711711711710677e+02 1.424068595535654957e-01
5.318918918918918735e+02 1.404867908803428267e-01
5.326126126126125655e+02 1.386422265682237809e-01
5.333333333333332575e+02 1.368844837655782687e-01
5.340540540540539496e+02 1.352268162628512682e-01
5.347747747747747553e+02 1.336846040755617082e-01
5.354954954954955610e+02 1.322754259573621916e-01
5.362162162162162531e+02 1.310189120375249983e-01
5.369369369369369451e+02 1.299362453824892683e-01
5.376576576576576372e+02 1.290491811334521510e-01
5.383783783783783292e+02 1.283785145983578624e-01
5.390990990990990213e+02 1.279420833479973929e-01
5.398198198198198270e+02 1.277526153621079408e-01
5.405405405405405190e+02 1.278159370580802812e-01
5.412612612612612111e+02 1.281300801243446252e-01
5.419819819819819031e+02 1.286855884199859523e-01
5.427027027027025952e+02 1.294669191183027979e-01
5.434234234234232872e+02 1.304544862607176503e-01
5.441441441441440929e+02 1.316267895682619593e-01
5.448648648648648987e+02 1.329622031719641106e-01
5.455855855855855907e+02 1.344402307600453539e-01
5.463063063063062827e+02 1.360422308196840291e-01
5.470270270270269748e+02 1.377517220962298505e-01
5.477477477477477805e+02 1.395544060730541935e-01
5.484684684684684726e+02 1.414380252188101039e-01
5.491891891891891646e+02 1.433921428261514530e-01
5.499099099099098567e+02 1.454078989855057680e-01
5.506306306306306624e+02 1.474777735542310564e-01
5.513513513513512407e+02 1.495953712481733200e-01
5.520720720720720465e+02 1.517552344911128059e-01
5.527927927927927385e+02 1.539526844249206883e-01
5.535135135135134306e+02 1.561836879051634042e-01
5.542342342342342363e+02 1.584447472690024006e-01
5.549549549549549283e+02 1.607328094566954080e-01
5.556756756756757341e+02 1.630451912726396391e-01
5.563963963963963124e+02 1.653795179484004729e-01
5.571171171171171181e+02 1.677336725914510551e-01
5.578378378378378102e+02 1.701057545067562182e-01
5.585585585585586159e+02 1.724940447370323093e-01
5.592792792792791943e+02 1.748969774733800386e-01
5.600000000000000000e+02 1.773131162424047835e-01
5.607207207207206920e+02 1.797411339841858136e-01
5.614414414414413841e+02 1.821797963042503243e-01
5.621621621621620761e+02 1.846279473186343278e-01
5.628828828828828819e+02 1.870844976201908594e-01
5.636036036036035739e+02 1.895484139815731273e-01
5.643243243243242659e+02 1.920187104801144018e-01
5.650450450450450717e+02 1.944944407855153379e-01
5.657657657657656500e+02 1.969746913956779144e-01
5.664864864864864558e+02 1.994585756413674305e-01
5.672072072072071478e+02 2.019452283084051669e-01
5.679279279279279535e+02 2.044338007481618369e-01
5.686486486486485319e+02 2.069234563642849134e-01
5.693693693693693376e+02 2.094133663767411002e-01
5.700900900900900297e+02 2.119027057738941955e-01
5.708108108108108354e+02 2.143906493700819260e-01
5.715315315315314137e+02 2.168763678901741987e-01
5.722522522522522195e+02 2.193590240042215811e-01
5.729729729729729115e+02 2.218377682345345214e-01
5.736936936936936036e+02 2.243117346544708512e-01
5.744144144144144093e+02 2.267800362926482016e-01
5.751351351351351013e+02 2.292417601481506195e-01
5.758558558558557934e+02 2.316959617111996605e-01
5.765765765765764854e+02 2.341416588693097656e-01
5.772972972972972912e+02 2.365778250606531130e-01
5.780180180180178695e+02 2.390033815134324224e-01
5.787387387387386752e+02 2.414171883817891329e-01
5.794594594594593673e+02 2.438180345539545657e-01
5.801801801801801730e+02 2.462046258659029152e-01
5.809009009009007514e+02 2.485755714020753404e-01
5.816216216216216708e+02 2.509293675023133718e-01
5.823423423423423628e+02 2.532643790190268751e-01
5.830630630630630549e+02 2.555788172792000656e-01
5.837837837837837469e+02 2.578707141004834558e-01
5.845045045045044390e+02 2.601378910886834595e-01
5.852252252252252447e+02 2.623779233064911232e-01
5.859459459459459367e+02 2.645880962543670223e-01
5.866666666666666288e+02 2.667653549543309577e-01
5.873873873873873208e+02 2.689062437957026597e-01
5.881081081081080129e+02 2.710068357249754145e-01
5.888288288288287049e+02 2.730626494023337680e-01
5.895495495495495106e+02 2.750685532080126561e-01
5.902702702702702027e+02 2.770186556261485245e-01
5.909909909909910084e+02 2.789061828105537932e-01
5.917117117117117004e+02 2.807233464033850878e-01
5.924324324324323925e+02 2.824612084099361042e-01
5.931531531531531982e+02 2.841095556860843141e-01
5.938738738738738903e+02 2.856568048542401095e-01
5.945945945945945823e+02 2.870899692831225813e-01
5.953153153153152743e+02 2.883947320892880084e-01
5.960360360360359664e+02 2.895556797609903921e-01
5.967567567567566584e+02 2.905567536430366804e-01
5.974774774774774642e+02 2.913819617115390725e-01
5.981981981981981562e+02 2.920163511334041839e-01
5.989189189189188482e+02 2.924471703887606688e-01
5.996396396396395403e+02 2.926650623970313836e-01
6.003603603603602323e+02 2.926650623970316611e-01
6.010810810810811518e+02 2.924471703887603358e-01
6.018018018018017301e+02 2.920163511334047945e-01
6.025225225225225358e+02 2.913819617115392391e-01
6.032432432432432279e+02 2.905567536430367914e-01
6.039639639639639199e+02 2.895556797609901145e-01
6.046846846846846120e+02 2.883947320892883970e-01
6.054054054054054177e+02 2.870899692831226924e-01
6.061261261261261097e+02 2.856568048542411087e-01
6.068468468468468018e+02 2.841095556860842031e-01
6.075675675675674938e+02 2.824612084099367149e-01
6.082882882882881859e+02 2.807233464033858095e-01
6.090090090090089916e+02 2.789061828105539598e-01
6.097297297297296836e+02 2.770186556261485245e-01
6.104504504504504894e+02 2.750685532080132112e-01
6.111711711711710677e+02 2.730626494023347117e-01
6.118918918918918735e+02 2.710068357249758586e-01
6.126126126126125655e+02 2.689062437957037699e-01
6.133333333333333712e+02 2.667653549543313463e-01
6.140540540540539496e+02 2.645880962543679660e-01
6.147747747747747553e+02 2.623779233064915672e-01
6.154954954954954474e+02 2.601378910886841256e-01
6.162162162162162531e+02 2.578707141004836778e-01
6.169369369369368314e+02 2.555788172792006208e-01
6.176576576576576372e+02 2.532643790190270972e-01
6.183783783783783292e+02 2.509293675023135384e-01
6.190990990990990213e+02 2.485755714020758400e-01
6.198198198198198270e+02 2.462046258659031372e-01
6.205405405405405190e+02 2.438180345539553706e-01
6.212612612612612111e+02 2.414171883817893272e-01
6.219819819819819031e+02 2.390033815134327000e-01
6.227027027027027088e+02 2.365778250606531130e-01
6.234234234234232872e+02 2.341416588693104039e-01
6.241441441441440929e+02 2.316959617112001601e-01
6.248648648648647850e+02 2.292417601481514799e-01
6.255855855855855907e+02 2.267800362926481184e-01
6.263063063063061691e+02 2.243117346544714341e-01
6.270270270270269748e+02 2.218377682345347435e-01
6.277477477477477805e+02 2.193590240042214978e-01
6.284684684684684726e+02 2.168763678901751701e-01
6.291891891891891646e+02 2.143906493700822036e-01
6.299099099099098567e+02 2.119027057738949171e-01
6.306306306306305487e+02 2.094133663767417664e-01
6.313513513513512407e+02 2.069234563642856350e-01
6.320720720720720465e+02 2.044338007481622532e-01
6.327927927927927385e+02 2.019452283084059163e-01
6.335135135135134306e+02 1.994585756413676525e-01
6.342342342342341226e+02 1.969746913956786638e-01
6.349549549549549283e+02 1.944944407855156432e-01
6.356756756756755067e+02 1.920187104801149847e-01
6.363963963963964261e+02 1.895484139815731273e-01
6.371171171171171181e+02 1.870844976201911369e-01
6.378378378378378102e+02 1.846279473186349662e-01
6.385585585585585022e+02 1.821797963042505464e-01
6.392792792792791943e+02 1.797411339841862576e-01
6.400000000000000000e+02 1.773131162424048668e-01
6.407207207207206920e+02 1.748969774733808435e-01
6.414414414414413841e+02 1.724940447370329477e-01
6.421621621621620761e+02 1.701057545067568844e-01
6.428828828828828819e+02 1.677336725914513327e-01
6.436036036036035739e+02 1.653795179484010003e-01
6.443243243243242659e+02 1.630451912726398611e-01
6.450450450450449580e+02 1.607328094566960464e-01
6.457657657657656500e+02 1.584447472690026226e-01
6.464864864864865694e+02 1.561836879051633487e-01
6.472072072072071478e+02 1.539526844249211046e-01
6.479279279279279535e+02 1.517552344911128615e-01
6.486486486486486456e+02 1.495953712481741249e-01
6.493693693693693376e+02 1.474777735542310564e-01
6.500900900900900297e+02 1.454078989855062676e-01
6.508108108108108354e+02 1.433921428261513697e-01
6.515315315315315274e+02 1.414380252188101039e-01
6.522522522522521058e+02 1.395544060730542768e-01
6.529729729729729115e+02 1.377517220962301281e-01
6.536936936936936036e+02 1.360422308196842511e-01
6.544144144144144093e+02 1.344402307600455759e-01
6.551351351351351013e+02 1.329622031719641106e-01
6.558558558558559071e+02 1.316267895682623201e-01
6.565765765765764854e+02 1.304544862607176503e-01
6.572972972972972912e+02 1.294669191183027979e-01
6.580180180180179832e+02 1.286855884199861189e-01
6.587387387387386752e+02 1.281300801243444865e-01
6.594594594594593673e+02 1.278159370580801979e-01
6.601801801801801730e+02 1.277526153621079408e-01
6.609009009009008651e+02 1.279420833479972541e-01
6.616216216216216708e+02 1.283785145983573628e-01
6.623423423423422491e+02 1.290491811334517069e-01
6.630630630630629412e+02 1.299362453824890462e-01
6.637837837837837469e+02 1.310189120375244154e-01
6.645045045045044390e+02 1.322754259573619695e-01
6.652252252252252447e+02 1.336846040755611809e-01
6.659459459459459367e+02 1.352268162628508241e-01
6.666666666666666288e+02 1.368844837655781022e-01
6.673873873873873208e+02 1.386422265682233368e-01
6.681081081081081265e+02 1.404867908803429655e-01
6.688288288288287049e+02 1.424068595535649129e-01
6.695495495495495106e+02 1.443928148488755059e-01
6.702702702702702027e+02 1.464364952042902235e-01
6.709909909909910084e+02 1.485309680895198492e-01
6.717117117117115868e+02 1.506703286776391870e-01
6.724324324324325062e+02 1.528495269325450545e-01
6.731531531531530845e+02 1.550642219747301320e-01
6.738738738738737766e+02 1.573106608909727033e-01
6.745945945945945823e+02 1.595855785997167819e-01
6.753153153153152743e+02 1.618861154226990673e-01
6.760360360360359664e+02 1.642097493254427443e-01
6.767567567567567721e+02 1.665542401991001731e-01
6.774774774774774642e+02 1.689175839736010432e-01
6.781981981981980425e+02 1.712979747349761550e-01
6.789189189189188482e+02 1.736937733522868899e-01
6.796396396396395403e+02 1.761034813992146675e-01
6.803603603603603460e+02 1.785257193859175195e-01
6.810810810810810381e+02 1.809592085044145204e-01
6.818018018018018438e+02 1.834027552423362073e-01
6.825225225225224222e+02 1.858552383416762210e-01
6.832432432432431142e+02 1.883155976767834638e-01
6.839639639639640336e+02 1.907828247038627079e-01
6.846846846846846120e+02 1.932559541966333561e-01
6.854054054054053040e+02 1.957340570325240281e-01
6.861261261261261097e+02 1.982162338334272633e-01
6.868468468468468018e+02 2.007016092965386300e-01
6.875675675675676075e+02 2.031893270756733039e-01
6.882882882882882996e+02 2.056785450929771164e-01
6.890090090090088779e+02 2.081684311759995354e-01
6.897297297297296836e+02 2.106581589264281129e-01
6.904504504504503757e+02 2.131469037349195961e-01
6.911711711711710677e+02 2.156338388618287416e-01
6.918918918918918735e+02 2.181181315064121828e-01
6.926126126126125655e+02 2.205989387875391949e-01
6.933333333333333712e+02 2.230754035570030602e-01
6.940540540540539496e+02 2.255466499622486021e-01
6.947747747747748690e+02 2.280117786685100512e-01
6.954954954954954474e+02 2.304698616407566680e-01
6.962162162162161394e+02 2.329199363731521144e-01
6.969369369369369451e+02 2.353609994374115388e-01
6.976576576576576372e+02 2.377919992009548122e-01
6.983783783783782155e+02 2.402118275402355674e-01
6.990990990990991349e+02 2.426193103432690845e-01
6.998198198198197133e+02 2.450131965568712045e-01
7.005405405405404053e+02 2.473921454872810843e-01
7.012612612612612111e+02 2.497547120059731285e-01
7.019819819819819031e+02 2.520993292439371869e-01
7.027027027027027088e+02 2.544242882756408974e-01
7.034234234234234009e+02 2.567277141966500253e-01
7.041441441441442066e+02 2.590075378852669252e-01
7.048648648648647850e+02 2.612614626085297265e-01
7.055855855855854770e+02 2.634869244889287976e-01
7.063063063063062827e+02 2.656810456968943801e-01
7.070270270270269748e+02 2.678405790898403249e-01
7.077477477477476668e+02 2.699618429083961990e-01
7.084684684684684726e+02 2.720406441122228403e-01
7.091891891891890509e+02 2.740721890722000453e-01
7.099099099099097430e+02 2.760509807632057222e-01
7.106306306306306624e+02 2.779707025249278374e-01
7.113513513513512407e+02 2.798240901776263834e-01
7.120720720720720465e+02 2.816027972128661294e-01
7.127927927927927385e+02 2.832972624516024718e-01
7.135135135135135442e+02 2.848965965228981156e-01
7.142342342342341226e+02 2.863885130983351290e-01
7.149549549549549283e+02 2.877593426264863918e-01
7.156756756756756204e+02 2.889941783697601574e-01
7.163963963963963124e+02 2.900772121956089467e-01
7.171171171171170045e+02 2.909923127986123181e-01
7.178378378378378102e+02 2.917238716511958985e-01
7.185585585585583885e+02 2.922578846573195555e-01
7.192792792792793080e+02 2.925831548208223110e-01
7.200000000000000000e+02 2.926924182299651123e-01
