Theta (degrees)	Normalized Energy
0.000000000000000000e+00 3.417829634158937036e-01
3.603603603603603434e-01 3.418061963266810777e-01
7.207207207207206867e-01 3.418757353657230214e-01
1.081081081081080919e+00 3.419911063334373780e-01
1.441441441441441373e+00 3.421515348198328477e-01
1.801801801801801606e+00 3.423559689232470449e-01
2.162162162162161838e+00 3.426031088736759544e-01
2.522522522522522070e+00 3.428914416936030829e-01
2.882882882882882747e+00 3.432192788816029738e-01
3.243243243243243423e+00 3.435847951495498709e-01
3.603603603603603212e+00 3.439860664492597753e-01
3.963963963963963888e+00 3.444211058392307456e-01
4.324324324324323676e+00 3.448878961130645293e-01
4.684684684684683909e+00 3.453844184891370350e-01
5.045045045045044141e+00 3.459086770084390805e-01
5.405405405405405261e+00 3.464587185799158364e-01
5.765765765765765494e+00 3.470326488386700214e-01
6.126126126126124838e+00 3.476286441411333694e-01
6.486486486486486847e+00 3.482449601189450683e-01
6.846846846846846191e+00 3.488799372600971949e-01
7.207207207207206423e+00 3.495320039936039569e-01
7.567567567567566655e+00 3.501996777339155265e-01
7.927927927927927776e+00 3.508815643034323140e-01
8.288288288288287120e+00 3.515763561038161011e-01
8.648648648648647352e+00 3.522828293553613155e-01
9.009009009009007585e+00 3.529998406727017368e-01
9.369369369369367817e+00 3.537263231973276634e-01
9.729729729729729826e+00 3.544612824643306181e-01
1.009009009009008828e+01 3.552037921431416834e-01
1.045045045045044851e+01 3.559529897599897352e-01
1.081081081081081052e+01 3.567080724830198335e-01
1.117117117117117076e+01 3.574682930291018246e-01
1.153153153153153099e+01 3.582329557336788040e-01
1.189189189189189122e+01 3.590014128109965119e-01
1.225225225225224968e+01 3.597730608211330838e-01
1.261261261261261168e+01 3.605473373518558455e-01
1.297297297297297369e+01 3.613237179170353808e-01
1.333333333333333215e+01 3.621017130686878804e-01
1.369369369369369238e+01 3.628808657164219742e-01
1.405405405405405439e+01 3.636607486457631988e-01
1.441441441441441285e+01 3.644409622253720893e-01
1.477477477477477485e+01 3.652211322922974124e-01
1.513513513513513331e+01 3.660009082040031059e-01
1.549549549549549354e+01 3.667799610458568060e-01
1.585585585585585555e+01 3.675579819829454253e-01
1.621621621621621401e+01 3.683346807454447314e-01
1.657657657657657424e+01 3.691097842372439986e-01
1.693693693693693447e+01 3.698830352580839698e-01
1.729729729729729470e+01 3.706541913300412383e-01
1.765765765765765849e+01 3.714230236198091117e-01
1.801801801801801517e+01 3.721893159488246505e-01
1.837837837837837540e+01 3.729528638838916499e-01
1.873873873873873563e+01 3.737134739015048890e-01
1.909909909909909587e+01 3.744709626196350283e-01
1.945945945945945965e+01 3.752251560912421291e-01
1.981981981981981633e+01 3.759758891542596682e-01
2.018018018018017656e+01 3.767230048332440573e-01
2.054054054054054035e+01 3.774663537882891884e-01
2.090090090090089703e+01 3.782057938071918257e-01
2.126126126126126081e+01 3.789411893372036655e-01
2.162162162162162105e+01 3.796724110530219076e-01
2.198198198198198128e+01 3.803993354579680020e-01
2.234234234234234151e+01 3.811218445155794554e-01
2.270270270270269819e+01 3.818398253090673489e-01
2.306306306306306197e+01 3.825531697263345743e-01
2.342342342342342221e+01 3.832617741684432588e-01
2.378378378378378244e+01 3.839655392796099131e-01
2.414414414414414622e+01 3.846643696969644921e-01
2.450450450450449935e+01 3.853581738184854721e-01
2.486486486486486314e+01 3.860468635876370125e-01
2.522522522522522337e+01 3.867303542933776539e-01
2.558558558558558360e+01 3.874085643843228066e-01
2.594594594594594739e+01 3.880814152959389252e-01
2.630630630630630762e+01 3.887488312897595666e-01
2.666666666666666430e+01 3.894107393036793652e-01
2.702702702702702453e+01 3.900670688124816543e-01
2.738738738738738476e+01 3.907177516978092569e-01
2.774774774774774855e+01 3.913627221268659584e-01
2.810810810810810878e+01 3.920019164391951860e-01
2.846846846846846546e+01 3.926352730409169434e-01
2.882882882882882569e+01 3.932627323058953128e-01
2.918918918918918592e+01 3.938842364832988996e-01
2.954954954954954971e+01 3.944997296111079077e-01
2.990990990990990994e+01 3.951091574351301428e-01
3.027027027027026662e+01 3.957124673331306464e-01
3.063063063063063041e+01 3.963096082437070899e-01
3.099099099099098709e+01 3.969005305995849664e-01
3.135135135135135087e+01 3.974851862650130574e-01
3.171171171171171110e+01 3.980635284769792892e-01
3.207207207207207489e+01 3.986355117899829104e-01
3.243243243243242802e+01 3.992010920241171323e-01
3.279279279279278825e+01 3.997602262162395781e-01
3.315315315315314848e+01 4.003128725740265903e-01
3.351351351351351582e+01 4.008589904327073961e-01
3.387387387387386894e+01 4.013985402143129266e-01
3.423423423423423628e+01 4.019314833892665417e-01
3.459459459459458941e+01 4.024577824401708859e-01
3.495495495495494964e+01 4.029774008276353348e-01
3.531531531531531698e+01 4.034903029580325096e-01
3.567567567567567721e+01 4.039964541530434716e-01
3.603603603603603034e+01 4.044958206208874585e-01
3.639639639639639768e+01 4.049883694291326885e-01
3.675675675675675080e+01 4.054740684789829297e-01
3.711711711711711814e+01 4.059528864809565096e-01
3.747747747747747127e+01 4.064247929318620112e-01
3.783783783783783861e+01 4.068897580930069813e-01
3.819819819819819173e+01 4.073477529695552213e-01
3.855855855855855197e+01 4.077987492909629363e-01
3.891891891891891930e+01 4.082427194924373448e-01
3.927927927927927954e+01 4.086796366973555195e-01
3.963963963963963266e+01 4.091094747005815102e-01
4.000000000000000000e+01 4.095322079526409476e-01
4.036036036036035313e+01 4.099478115446913984e-01
4.072072072072072046e+01 4.103562611942556670e-01
4.108108108108108070e+01 4.107575332316716898e-01
4.144144144144143382e+01 4.111516045872062874e-01
4.180180180180179406e+01 4.115384527788187308e-01
4.216216216216216139e+01 4.119180559005240494e-01
4.252252252252252163e+01 4.122903926113231088e-01
4.288288288288288186e+01 4.126554421246761417e-01
4.324324324324324209e+01 4.130131841984860386e-01
4.360360360360360232e+01 4.133635991255680819e-01
4.396396396396396256e+01 4.137066677245767043e-01
4.432432432432431568e+01 4.140423713313682308e-01
4.468468468468468302e+01 4.143706917907776233e-01
4.504504504504503615e+01 4.146916114487884664e-01
4.540540540540539638e+01 4.150051131450769315e-01
4.576576576576576372e+01 4.153111802059051838e-01
4.612612612612612395e+01 4.156097964373608455e-01
4.648648648648648418e+01 4.159009461189104306e-01
4.684684684684684441e+01 4.161846139972617542e-01
4.720720720720720465e+01 4.164607852805203292e-01
4.756756756756756488e+01 4.167294456326213203e-01
4.792792792792792511e+01 4.169905811680273966e-01
4.828828828828829245e+01 4.172441784466814907e-01
4.864864864864863847e+01 4.174902244692028086e-01
4.900900900900899870e+01 4.177287066723152087e-01
4.936936936936936604e+01 4.179596129244923519e-01
4.972972972972972627e+01 4.181829315218277832e-01
5.009009009009008651e+01 4.183986511840960820e-01
5.045045045045044674e+01 4.186067610510197379e-01
5.081081081081080697e+01 4.188072506787209326e-01
5.117117117117116720e+01 4.190001100363522912e-01
5.153153153153152743e+01 4.191853295029090432e-01
5.189189189189189477e+01 4.193628998641999450e-01
5.225225225225224079e+01 4.195328123099873463e-01
5.261261261261261524e+01 4.196950584312827415e-01
5.297297297297296836e+01 4.198496302177911477e-01
5.333333333333332860e+01 4.199965200555018652e-01
5.369369369369368883e+01 4.201357207244256209e-01
5.405405405405404906e+01 4.202672253964611637e-01
5.441441441441440929e+01 4.203910276334053009e-01
5.477477477477476953e+01 4.205071213850849476e-01
5.513513513513512976e+01 4.206155009876172413e-01
5.549549549549549710e+01 4.207161611617966646e-01
5.585585585585584312e+01 4.208090970115958562e-01
5.621621621621621756e+01 4.208943040227925980e-01
5.657657657657657069e+01 4.209717780617029947e-01
5.693693693693693092e+01 4.210415153740340588e-01
5.729729729729729115e+01 4.211035125838440418e-01
5.765765765765765138e+01 4.211577666926125674e-01
5.801801801801801162e+01 4.212042750784170120e-01
5.837837837837837185e+01 4.212430354952186873e-01
5.873873873873872498e+01 4.212740460722477764e-01
5.909909909909909942e+01 4.212973053134950185e-01
5.945945945945945965e+01 4.213128120973092527e-01
5.981981981981981988e+01 4.213205656760911078e-01
6.018018018018017301e+01 4.213205656760913853e-01
6.054054054054053324e+01 4.213128120973095858e-01
6.090090090090089348e+01 4.212973053134945745e-01
6.126126126126126081e+01 4.212740460722469993e-01
6.162162162162162815e+01 4.212430354952188538e-01
6.198198198198197417e+01 4.212042750784172895e-01
6.234234234234234151e+01 4.211577666926122343e-01
6.270270270270270174e+01 4.211035125838437643e-01
6.306306306306305487e+01 4.210415153740343919e-01
6.342342342342342221e+01 4.209717780617029947e-01
6.378378378378378244e+01 4.208943040227931531e-01
6.414414414414414978e+01 4.208090970115955232e-01
6.450450450450449580e+01 4.207161611617969976e-01
6.486486486486485603e+01 4.206155009876175743e-01
6.522522522522521626e+01 4.205071213850855583e-01
6.558558558558557650e+01 4.203910276334057450e-01
6.594594594594595094e+01 4.202672253964608862e-01
6.630630630630629696e+01 4.201357207244251768e-01
6.666666666666665719e+01 4.199965200555021427e-01
6.702702702702703164e+01 4.198496302177910366e-01
6.738738738738737766e+01 4.196950584312822974e-01
6.774774774774773789e+01 4.195328123099873463e-01
6.810810810810811233e+01 4.193628998641993899e-01
6.846846846846847257e+01 4.191853295029090432e-01
6.882882882882883280e+01 4.190001100363520137e-01
6.918918918918917882e+01 4.188072506787207661e-01
6.954954954954953905e+01 4.186067610510199044e-01
6.990990990990989928e+01 4.183986511840958045e-01
7.027027027027025952e+01 4.181829315218273391e-01
7.063063063063063396e+01 4.179596129244923519e-01
7.099099099099099419e+01 4.177287066723152087e-01
7.135135135135135442e+01 4.174902244692028086e-01
7.171171171171170045e+01 4.172441784466814907e-01
7.207207207207206068e+01 4.169905811680273966e-01
7.243243243243242091e+01 4.167294456326210428e-01
7.279279279279279535e+01 4.164607852805200516e-01
7.315315315315315559e+01 4.161846139972611991e-01
7.351351351351350161e+01 4.159009461189103196e-01
7.387387387387387605e+01 4.156097964373606790e-01
7.423423423423423628e+01 4.153111802059053503e-01
7.459459459459458230e+01 4.150051131450765429e-01
7.495495495495494254e+01 4.146916114487881888e-01
7.531531531531531698e+01 4.143706917907773457e-01
7.567567567567567721e+01 4.140423713313682308e-01
7.603603603603602323e+01 4.137066677245765933e-01
7.639639639639638347e+01 4.133635991255676378e-01
7.675675675675674370e+01 4.130131841984855945e-01
7.711711711711710393e+01 4.126554421246759752e-01
7.747747747747747837e+01 4.122903926113231088e-01
7.783783783783783861e+01 4.119180559005238829e-01
7.819819819819819884e+01 4.115384527788187308e-01
7.855855855855855907e+01 4.111516045872053993e-01
7.891891891891890509e+01 4.107575332316719674e-01
7.927927927927926532e+01 4.103562611942560001e-01
7.963963963963963977e+01 4.099478115446907878e-01
8.000000000000000000e+01 4.095322079526407810e-01
8.036036036036036023e+01 4.091094747005815102e-01
8.072072072072070625e+01 4.086796366973554084e-01
8.108108108108108070e+01 4.082427194924366232e-01
8.144144144144144093e+01 4.077987492909629363e-01
8.180180180180180116e+01 4.073477529695546662e-01
8.216216216216216139e+01 4.068897580930072588e-01
8.252252252252252163e+01 4.064247929318617336e-01
8.288288288288286765e+01 4.059528864809562321e-01
8.324324324324324209e+01 4.054740684789830407e-01
8.360360360360358811e+01 4.049883694291324110e-01
8.396396396396394834e+01 4.044958206208874585e-01
8.432432432432432279e+01 4.039964541530430275e-01
8.468468468468468302e+01 4.034903029580325096e-01
8.504504504504504325e+01 4.029774008276349462e-01
8.540540540540538927e+01 4.024577824401704418e-01
8.576576576576576372e+01 4.019314833892662642e-01
8.612612612612610974e+01 4.013985402143119274e-01
8.648648648648648418e+01 4.008589904327070630e-01
8.684684684684685863e+01 4.003128725740265903e-01
8.720720720720720465e+01 3.997602262162396891e-01
8.756756756756755067e+01 3.992010920241165772e-01
8.792792792792792511e+01 3.986355117899826328e-01
8.828828828828828534e+01 3.980635284769788451e-01
8.864864864864863137e+01 3.974851862650128909e-01
8.900900900900900581e+01 3.969005305995842448e-01
8.936936936936936604e+01 3.963096082437069789e-01
8.972972972972972627e+01 3.957124673331302023e-01
9.009009009009007229e+01 3.951091574351301428e-01
9.045045045045044674e+01 3.944997296111076301e-01
9.081081081081079276e+01 3.938842364832983445e-01
9.117117117117116720e+01 3.932627323058950353e-01
9.153153153153152743e+01 3.926352730409169434e-01
9.189189189189188767e+01 3.920019164391946309e-01
9.225225225225224790e+01 3.913627221268661249e-01
9.261261261261259392e+01 3.907177516978092569e-01
9.297297297297296836e+01 3.900670688124818208e-01
9.333333333333331439e+01 3.894107393036791986e-01
9.369369369369368883e+01 3.887488312897592335e-01
9.405405405405406327e+01 3.880814152959383145e-01
9.441441441441440929e+01 3.874085643843220850e-01
9.477477477477476953e+01 3.867303542933777649e-01
9.513513513513512976e+01 3.860468635876370125e-01
9.549549549549548999e+01 3.853581738184850281e-01
9.585585585585585022e+01 3.846643696969640480e-01
9.621621621621621046e+01 3.839655392796096356e-01
9.657657657657658490e+01 3.832617741684432588e-01
9.693693693693693092e+01 3.825531697263337971e-01
9.729729729729727694e+01 3.818398253090669048e-01
9.765765765765765138e+01 3.811218445155794554e-01
9.801801801801799741e+01 3.803993354579681685e-01
9.837837837837837185e+01 3.796724110530214635e-01
9.873873873873873208e+01 3.789411893372036655e-01
9.909909909909909231e+01 3.782057938071915482e-01
9.945945945945945255e+01 3.774663537882889108e-01
9.981981981981979857e+01 3.767230048332438908e-01
1.001801801801801730e+02 3.759758891542595571e-01
1.005405405405405475e+02 3.752251560912418515e-01
1.009009009009008935e+02 3.744709626196345842e-01
1.012612612612612679e+02 3.737134739015044449e-01
1.016216216216216139e+02 3.729528638838919274e-01
1.019819819819819742e+02 3.721893159488242064e-01
1.023423423423423344e+02 3.714230236198088342e-01
1.027027027027027088e+02 3.706541913300413493e-01
1.030630630630630549e+02 3.698830352580836922e-01
1.034234234234234151e+02 3.691097842372432769e-01
1.037837837837837895e+02 3.683346807454440097e-01
1.041441441441441356e+02 3.675579819829452588e-01
1.045045045045044816e+02 3.667799610458568060e-01
1.048648648648648560e+02 3.660009082040029393e-01
1.052252252252252305e+02 3.652211322922968573e-01
1.055855855855855765e+02 3.644409622253718117e-01
1.059459459459459367e+02 3.636607486457624772e-01
1.063063063063062970e+02 3.628808657164219742e-01
1.066666666666666572e+02 3.621017130686875474e-01
1.070270270270270032e+02 3.613237179170348257e-01
1.073873873873873777e+02 3.605473373518552904e-01
1.077477477477477521e+02 3.597730608211328063e-01
1.081081081081080981e+02 3.590014128109960678e-01
1.084684684684684726e+02 3.582329557336783599e-01
1.088288288288288186e+02 3.574682930291015470e-01
1.091891891891891788e+02 3.567080724830193894e-01
1.095495495495495391e+02 3.559529897599892911e-01
1.099099099099099135e+02 3.552037921431416834e-01
1.102702702702702595e+02 3.544612824643304516e-01
1.106306306306306197e+02 3.537263231973272193e-01
1.109909909909909942e+02 3.529998406727011262e-01
1.113513513513513402e+02 3.522828293553614820e-01
1.117117117117116862e+02 3.515763561038157681e-01
1.120720720720720607e+02 3.508815643034317033e-01
1.124324324324324351e+02 3.501996777339156930e-01
1.127927927927927811e+02 3.495320039936039569e-01
1.131531531531531414e+02 3.488799372600969173e-01
1.135135135135135016e+02 3.482449601189455124e-01
1.138738738738738618e+02 3.476286441411334804e-01
1.142342342342342363e+02 3.470326488386696884e-01
1.145945945945945823e+02 3.464587185799153923e-01
1.149549549549549567e+02 3.459086770084390805e-01
1.153153153153153028e+02 3.453844184891364799e-01
1.156756756756756630e+02 3.448878961130641962e-01
1.160360360360360232e+02 3.444211058392304681e-01
1.163963963963963835e+02 3.439860664492597753e-01
1.167567567567567437e+02 3.435847951495497044e-01
1.171171171171171039e+02 3.432192788816021967e-01
1.174774774774774500e+02 3.428914416936034160e-01
1.178378378378378386e+02 3.426031088736762875e-01
1.181981981981981988e+02 3.423559689232472114e-01
1.185585585585585591e+02 3.421515348198324036e-01
1.189189189189189193e+02 3.419911063334373780e-01
1.192792792792792653e+02 3.418757353657227438e-01
1.196396396396396398e+02 3.418061963266810777e-01
1.199999999999999858e+02 3.417829634158935370e-01
1.203603603603603460e+02 3.418061963266809111e-01
1.207207207207207063e+02 3.418757353657227438e-01
1.210810810810810665e+02 3.419911063334373780e-01
1.214414414414414125e+02 3.421515348198324036e-01
1.218018018018017870e+02 3.423559689232472114e-01
1.221621621621621330e+02 3.426031088736758434e-01
1.225225225225225216e+02 3.428914416936035270e-01
1.228828828828828819e+02 3.432192788816025297e-01
1.232432432432432563e+02 3.435847951495500374e-01
1.236036036036036023e+02 3.439860664492600528e-01
1.239639639639639483e+02 3.444211058392307456e-01
1.243243243243243228e+02 3.448878961130643628e-01
1.246846846846846830e+02 3.453844184891369240e-01
1.250450450450450290e+02 3.459086770084390805e-01
1.254054054054054035e+02 3.464587185799155589e-01
1.257657657657657495e+02 3.470326488386698549e-01
1.261261261261261097e+02 3.476286441411334804e-01
1.264864864864864700e+02 3.482449601189449018e-01
1.268468468468468444e+02 3.488799372600971949e-01
1.272072072072072189e+02 3.495320039936042344e-01
1.275675675675675649e+02 3.501996777339156930e-01
1.279279279279279251e+02 3.508815643034318699e-01
1.282882882882882996e+02 3.515763561038161011e-01
1.286486486486486456e+02 3.522828293553617596e-01
1.290090090090089916e+02 3.529998406727015703e-01
1.293693693693693660e+02 3.537263231973276634e-01
1.297297297297297121e+02 3.544612824643304516e-01
1.300900900900900581e+02 3.552037921431419609e-01
1.304504504504504325e+02 3.559529897599897352e-01
1.308108108108107785e+02 3.567080724830198335e-01
1.311711711711711530e+02 3.574682930291018246e-01
1.315315315315315274e+02 3.582329557336789705e-01
1.318918918918919019e+02 3.590014128109966784e-01
1.322522522522522479e+02 3.597730608211330838e-01
1.326126126126125939e+02 3.605473373518561231e-01
1.329729729729729684e+02 3.613237179170353808e-01
1.333333333333333144e+02 3.621017130686882690e-01
1.336936936936936888e+02 3.628808657164219742e-01
1.340540540540540633e+02 3.636607486457630323e-01
1.344144144144144093e+02 3.644409622253723668e-01
1.347747747747747553e+02 3.652211322922976899e-01
1.351351351351351298e+02 3.660009082040029393e-01
1.354954954954954758e+02 3.667799610458569171e-01
1.358558558558558218e+02 3.675579819829455364e-01
1.362162162162162247e+02 3.683346807454446203e-01
1.365765765765765707e+02 3.691097842372441651e-01
1.369369369369369451e+02 3.698830352580847469e-01
1.372972972972972912e+02 3.706541913300412383e-01
1.376576576576576656e+02 3.714230236198092783e-01
1.380180180180180116e+02 3.721893159488243175e-01
1.383783783783783576e+02 3.729528638838916499e-01
1.387387387387387321e+02 3.737134739015044449e-01
1.390990990990990781e+02 3.744709626196357499e-01
1.394594594594594525e+02 3.752251560912424067e-01
1.398198198198197986e+02 3.759758891542601122e-01
1.401801801801801730e+02 3.767230048332446124e-01
1.405405405405405190e+02 3.774663537882891884e-01
1.409009009009008935e+02 3.782057938071921588e-01
1.412612612612612679e+02 3.789411893372039430e-01
1.416216216216216139e+02 3.796724110530222962e-01
1.419819819819819884e+02 3.803993354579691677e-01
1.423423423423423344e+02 3.811218445155801771e-01
1.427027027027027088e+02 3.818398253090679040e-01
1.430630630630630549e+02 3.825531697263345743e-01
1.434234234234234009e+02 3.832617741684441470e-01
1.437837837837837753e+02 3.839655392796101907e-01
1.441441441441441214e+02 3.846643696969647697e-01
1.445045045045044674e+02 3.853581738184860273e-01
1.448648648648648418e+02 3.860468635876372900e-01
1.452252252252251878e+02 3.867303542933788196e-01
1.455855855855855907e+02 3.874085643843235283e-01
1.459459459459459367e+02 3.880814152959389252e-01
1.463063063063063112e+02 3.887488312897594001e-01
1.466666666666666572e+02 3.894107393036796427e-01
1.470270270270270032e+02 3.900670688124816543e-01
1.473873873873873777e+02 3.907177516978097009e-01
1.477477477477477521e+02 3.913627221268665690e-01
1.481081081081080981e+02 3.920019164391953526e-01
1.484684684684684726e+02 3.926352730409173875e-01
1.488288288288288186e+02 3.932627323058954794e-01
1.491891891891891646e+02 3.938842364832990661e-01
1.495495495495495391e+02 3.944997296111079077e-01
1.499099099099098851e+02 3.951091574351304203e-01
1.502702702702702879e+02 3.957124673331313680e-01
1.506306306306306340e+02 3.963096082437072565e-01
1.509909909909909800e+02 3.969005305995845223e-01
1.513513513513513544e+02 3.974851862650131684e-01
1.517117117117117004e+02 3.980635284769798998e-01
1.520720720720720465e+02 3.986355117899836320e-01
1.524324324324324209e+02 3.992010920241175764e-01
1.527927927927927669e+02 3.997602262162400222e-01
1.531531531531531414e+02 4.003128725740275895e-01
1.535135135135134874e+02 4.008589904327079512e-01
1.538738738738738618e+02 4.013985402143125381e-01
1.542342342342342079e+02 4.019314833892671524e-01
1.545945945945945823e+02 4.024577824401706083e-01
1.549549549549549567e+02 4.029774008276361119e-01
1.553153153153153028e+02 4.034903029580326206e-01
1.556756756756756772e+02 4.039964541530431941e-01
1.560360360360360232e+02 4.044958206208871809e-01
1.563963963963963977e+02 4.049883694291328551e-01
1.567567567567567437e+02 4.054740684789836513e-01
1.571171171171171181e+02 4.059528864809566762e-01
1.574774774774774642e+02 4.064247929318625663e-01
1.578378378378378102e+02 4.068897580930072588e-01
1.581981981981981846e+02 4.073477529695549437e-01
1.585585585585585306e+02 4.077987492909629363e-01
1.589189189189188767e+02 4.082427194924371783e-01
1.592792792792792795e+02 4.086796366973556860e-01
1.596396396396396256e+02 4.091094747005817878e-01
1.600000000000000000e+02 4.095322079526412251e-01
1.603603603603603460e+02 4.099478115446911208e-01
1.607207207207207205e+02 4.103562611942565552e-01
1.610810810810810665e+02 4.107575332316718009e-01
1.614414414414414125e+02 4.111516045872061209e-01
1.618018018018017870e+02 4.115384527788188418e-01
1.621621621621621614e+02 4.119180559005246045e-01
1.625225225225225074e+02 4.122903926113238304e-01
1.628828828828828819e+02 4.126554421246762527e-01
1.632432432432432279e+02 4.130131841984867602e-01
1.636036036036036023e+02 4.133635991255681930e-01
1.639639639639639768e+02 4.137066677245768709e-01
1.643243243243243228e+02 4.140423713313686194e-01
1.646846846846846688e+02 4.143706917907782339e-01
1.650450450450450433e+02 4.146916114487887994e-01
1.654054054054054177e+02 4.150051131450775421e-01
1.657657657657657353e+02 4.153111802059062385e-01
1.661261261261261097e+02 4.156097964373611231e-01
1.664864864864864842e+02 4.159009461189104306e-01
1.668468468468468302e+02 4.161846139972624758e-01
1.672072072072071762e+02 4.164607852805202182e-01
1.675675675675675507e+02 4.167294456326217644e-01
1.679279279279278967e+02 4.169905811680275076e-01
1.682882882882882711e+02 4.172441784466822123e-01
1.686486486486486456e+02 4.174902244692042519e-01
1.690090090090089916e+02 4.177287066723154862e-01
1.693693693693693660e+02 4.179596129244932401e-01
1.697297297297297121e+02 4.181829315218283383e-01
1.700900900900900865e+02 4.183986511840959710e-01
1.704504504504504609e+02 4.186067610510200154e-01
1.708108108108107785e+02 4.188072506787205995e-01
1.711711711711711530e+02 4.190001100363536235e-01
1.715315315315315274e+02 4.191853295029091542e-01
1.718918918918919019e+02 4.193628998642001116e-01
1.722522522522522195e+02 4.195328123099877904e-01
1.726126126126125939e+02 4.196950584312834631e-01
1.729729729729729684e+02 4.198496302177920358e-01
1.733333333333333428e+02 4.199965200555024758e-01
1.736936936936937173e+02 4.201357207244254544e-01
1.740540540540540349e+02 4.202672253964617188e-01
1.744144144144144093e+02 4.203910276334060780e-01
1.747747747747747837e+02 4.205071213850862799e-01
1.751351351351351013e+02 4.206155009876179629e-01
1.754954954954954758e+02 4.207161611617975527e-01
1.758558558558558502e+02 4.208090970115959673e-01
1.762162162162161962e+02 4.208943040227933197e-01
1.765765765765765707e+02 4.209717780617037164e-01
1.769369369369369167e+02 4.210415153740347805e-01
1.772972972972972627e+02 4.211035125838453741e-01
1.776576576576576656e+02 4.211577666926130115e-01
1.780180180180180116e+02 4.212042750784176226e-01
1.783783783783783861e+02 4.212430354952192979e-01
1.787387387387387321e+02 4.212740460722481650e-01
1.790990990990990781e+02 4.212973053134947410e-01
1.794594594594594525e+02 4.213128120973095858e-01
1.798198198198198270e+02 4.213205656760919404e-01
1.801801801801801446e+02 4.213205656760919404e-01
1.805405405405405190e+02 4.213128120973103075e-01
1.809009009009008935e+02 4.212973053134959067e-01
1.812612612612612395e+02 4.212740460722478875e-01
1.816216216216215855e+02 4.212430354952191314e-01
1.819819819819819600e+02 4.212042750784181777e-01
1.823423423423423344e+02 4.211577666926128449e-01
1.827027027027027088e+02 4.211035125838450410e-01
1.830630630630630549e+02 4.210415153740346694e-01
1.834234234234234009e+02 4.209717780617032723e-01
1.837837837837837753e+02 4.208943040227938748e-01
1.841441441441441214e+02 4.208090970115959673e-01
1.845045045045044958e+02 4.207161611617975527e-01
1.848648648648648702e+02 4.206155009876178519e-01
1.852252252252251878e+02 4.205071213850857248e-01
1.855855855855855623e+02 4.203910276334063556e-01
1.859459459459459367e+02 4.202672253964617188e-01
1.863063063063062543e+02 4.201357207244263425e-01
1.866666666666666288e+02 4.199965200555024758e-01
1.870270270270270316e+02 4.198496302177913142e-01
1.873873873873873777e+02 4.196950584312834631e-01
1.877477477477477521e+02 4.195328123099880679e-01
1.881081081081081265e+02 4.193628998642005556e-01
1.884684684684684441e+02 4.191853295029095983e-01
1.888288288288288186e+02 4.190001100363534570e-01
1.891891891891891930e+02 4.188072506787220983e-01
1.895495495495495391e+02 4.186067610510203485e-01
1.899099099099098851e+02 4.183986511840965261e-01
1.902702702702702595e+02 4.181829315218285048e-01
1.906306306306306055e+02 4.179596129244934066e-01
1.909909909909909800e+02 4.177287066723159303e-01
1.913513513513513544e+02 4.174902244692038633e-01
1.917117117117117004e+02 4.172441784466819348e-01
1.920720720720720749e+02 4.169905811680272301e-01
1.924324324324324209e+02 4.167294456326217644e-01
1.927927927927927954e+02 4.164607852805207733e-01
1.931531531531531698e+02 4.161846139972619207e-01
1.935135135135134874e+02 4.159009461189107082e-01
1.938738738738738618e+02 4.156097964373615672e-01
1.942342342342342363e+02 4.153111802059057944e-01
1.945945945945945539e+02 4.150051131450772646e-01
1.949549549549549283e+02 4.146916114487889105e-01
1.953153153153153028e+02 4.143706917907769016e-01
1.956756756756756488e+02 4.140423713313690635e-01
1.960360360360359948e+02 4.137066677245777591e-01
1.963963963963963693e+02 4.133635991255686370e-01
1.967567567567567437e+02 4.130131841984864272e-01
1.971171171171171181e+02 4.126554421246765303e-01
1.974774774774774642e+02 4.122903926113233863e-01
1.978378378378378102e+02 4.119180559005244935e-01
1.981981981981981846e+02 4.115384527788192859e-01
1.985585585585585306e+02 4.111516045872065650e-01
1.989189189189189051e+02 4.107575332316724115e-01
1.992792792792792795e+02 4.103562611942565552e-01
1.996396396396395971e+02 4.099478115446911208e-01
1.999999999999999716e+02 4.095322079526407810e-01
2.003603603603603460e+02 4.091094747005817878e-01
2.007207207207207205e+02 4.086796366973561301e-01
2.010810810810810949e+02 4.082427194924377889e-01
2.014414414414414409e+02 4.077987492909634915e-01
2.018018018018017870e+02 4.073477529695555543e-01
2.021621621621621614e+02 4.068897580930074254e-01
2.025225225225225358e+02 4.064247929318624553e-01
2.028828828828828534e+02 4.059528864809565096e-01
2.032432432432432279e+02 4.054740684789840954e-01
2.036036036036036023e+02 4.049883694291330216e-01
2.039639639639639483e+02 4.044958206208876250e-01
2.043243243243242944e+02 4.039964541530438047e-01
2.046846846846846688e+02 4.034903029580330647e-01
2.050450450450450148e+02 4.029774008276361119e-01
2.054054054054054177e+02 4.024577824401709969e-01
2.057657657657657637e+02 4.019314833892672634e-01
2.061261261261261097e+02 4.013985402143129266e-01
2.064864864864864842e+02 4.008589904327076736e-01
2.068468468468468302e+02 4.003128725740274785e-01
2.072072072072072046e+02 3.997602262162401332e-01
2.075675675675675791e+02 3.992010920241169658e-01
2.079279279279278967e+02 3.986355117899833544e-01
2.082882882882882711e+02 3.980635284769798998e-01
2.086486486486486456e+02 3.974851862650131684e-01
2.090090090090089632e+02 3.969005305995858546e-01
2.093693693693693376e+02 3.963096082437077006e-01
2.097297297297297121e+02 3.957124673331312015e-01
2.100900900900900865e+02 3.951091574351303093e-01
2.104504504504504609e+02 3.944997296111086293e-01
2.108108108108107785e+02 3.938842364832988996e-01
2.111711711711711530e+02 3.932627323058960345e-01
2.115315315315315274e+02 3.926352730409169434e-01
2.118918918918918735e+02 3.920019164391951860e-01
2.122522522522522479e+02 3.913627221268668466e-01
2.126126126126125939e+02 3.907177516978098120e-01
2.129729729729729399e+02 3.900670688124825425e-01
2.133333333333333144e+02 3.894107393036803644e-01
2.136936936936936888e+02 3.887488312897599552e-01
2.140540540540540064e+02 3.880814152959392027e-01
2.144144144144143809e+02 3.874085643843231952e-01
2.147747747747747553e+02 3.867303542933783755e-01
2.151351351351351298e+02 3.860468635876376231e-01
2.154954954954955042e+02 3.853581738184860273e-01
2.158558558558558218e+02 3.846643696969647697e-01
2.162162162162161962e+02 3.839655392796099131e-01
2.165765765765765707e+02 3.832617741684432588e-01
2.169369369369369451e+02 3.825531697263346853e-01
2.172972972972972627e+02 3.818398253090681815e-01
2.176576576576576372e+02 3.811218445155804546e-01
2.180180180180180116e+02 3.803993354579687236e-01
2.183783783783783576e+02 3.796724110530217411e-01
2.187387387387387037e+02 3.789411893372041096e-01
2.190990990990990781e+02 3.782057938071922698e-01
2.194594594594594525e+02 3.774663537882889108e-01
2.198198198198198270e+02 3.767230048332443348e-01
2.201801801801801730e+02 3.759758891542601122e-01
2.205405405405405190e+02 3.752251560912428507e-01
2.209009009009008935e+02 3.744709626196353058e-01
2.212612612612612395e+02 3.737134739015047225e-01
2.216216216216216139e+02 3.729528638838920940e-01
2.219819819819819884e+02 3.721893159488246505e-01
2.223423423423423060e+02 3.714230236198091117e-01
2.227027027027026804e+02 3.706541913300417934e-01
2.230630630630630549e+02 3.698830352580844139e-01
2.234234234234233725e+02 3.691097842372441651e-01
2.237837837837838038e+02 3.683346807454451755e-01
2.241441441441441214e+02 3.675579819829458139e-01
2.245045045045044958e+02 3.667799610458571946e-01
2.248648648648648702e+02 3.660009082040031059e-01
2.252252252252251878e+02 3.652211322922978565e-01
2.255855855855855623e+02 3.644409622253725334e-01
2.259459459459459367e+02 3.636607486457631988e-01
2.263063063063062827e+02 3.628808657164222518e-01
2.266666666666666572e+02 3.621017130686884355e-01
2.270270270270270032e+02 3.613237179170353808e-01
2.273873873873873492e+02 3.605473373518558455e-01
2.277477477477477237e+02 3.597730608211333614e-01
2.281081081081080981e+02 3.590014128109971225e-01
2.284684684684684726e+02 3.582329557336789705e-01
2.288288288288288186e+02 3.574682930291021021e-01
2.291891891891891646e+02 3.567080724830198335e-01
2.295495495495495106e+02 3.559529897599901793e-01
2.299099099099099135e+02 3.552037921431424050e-01
2.302702702702702311e+02 3.544612824643306181e-01
2.306306306306306055e+02 3.537263231973274968e-01
2.309909909909910084e+02 3.529998406727017368e-01
2.313513513513513260e+02 3.522828293553619261e-01
2.317117117117117289e+02 3.515763561038159346e-01
2.320720720720720465e+02 3.508815643034320364e-01
2.324324324324324209e+02 3.501996777339155265e-01
2.327927927927927669e+02 3.495320039936044010e-01
2.331531531531531698e+02 3.488799372600971949e-01
2.335135135135134874e+02 3.482449601189455124e-01
2.338738738738738618e+02 3.476286441411336470e-01
2.342342342342342079e+02 3.470326488386698549e-01
2.345945945945945823e+02 3.464587185799156699e-01
2.349549549549548999e+02 3.459086770084393581e-01
2.353153153153153028e+02 3.453844184891370350e-01
2.356756756756756772e+02 3.448878961130641962e-01
2.360360360360360232e+02 3.444211058392303015e-01
2.363963963963963977e+02 3.439860664492600528e-01
2.367567567567567153e+02 3.435847951495497044e-01
2.371171171171171181e+02 3.432192788816026408e-01
2.374774774774774642e+02 3.428914416936035270e-01
2.378378378378378386e+02 3.426031088736759544e-01
2.381981981981981562e+02 3.423559689232470449e-01
2.385585585585585306e+02 3.421515348198325701e-01
2.389189189189188767e+02 3.419911063334375445e-01
2.392792792792792795e+02 3.418757353657229103e-01
2.396396396396396256e+02 3.418061963266808001e-01
2.399999999999999716e+02 3.417829634158937036e-01
2.403603603603603460e+02 3.418061963266809111e-01
2.407207207207206920e+02 3.418757353657227438e-01
2.410810810810810949e+02 3.419911063334375445e-01
2.414414414414414125e+02 3.421515348198324036e-01
2.418018018018017870e+02 3.423559689232472114e-01
2.421621621621621330e+02 3.426031088736759544e-01
2.425225225225225074e+02 3.428914416936034160e-01
2.428828828828828250e+02 3.432192788816025297e-01
2.432432432432432279e+02 3.435847951495497044e-01
2.436036036036035739e+02 3.439860664492597753e-01
2.439639639639639483e+02 3.444211058392304681e-01
2.443243243243242659e+02 3.448878961130641962e-01
2.446846846846846404e+02 3.453844184891364799e-01
2.450450450450450433e+02 3.459086770084389140e-01
2.454054054054053893e+02 3.464587185799153923e-01
2.457657657657657637e+02 3.470326488386698549e-01
2.461261261261260813e+02 3.476286441411334804e-01
2.464864864864865126e+02 3.482449601189446242e-01
2.468468468468468018e+02 3.488799372600967508e-01
2.472072072072072046e+02 3.495320039936039569e-01
2.475675675675675507e+02 3.501996777339150824e-01
2.479279279279278967e+02 3.508815643034318699e-01
2.482882882882882427e+02 3.515763561038154905e-01
2.486486486486486456e+02 3.522828293553613155e-01
2.490090090090089916e+02 3.529998406727010152e-01
2.493693693693693660e+02 3.537263231973267752e-01
2.497297297297297121e+02 3.544612824643302851e-01
2.500900900900900581e+02 3.552037921431415168e-01
2.504504504504504609e+02 3.559529897599892911e-01
2.508108108108108070e+02 3.567080724830193894e-01
2.511711711711711814e+02 3.574682930291013805e-01
2.515315315315314990e+02 3.582329557336783599e-01
2.518918918918918735e+02 3.590014128109966784e-01
2.522522522522522195e+02 3.597730608211323622e-01
2.526126126126126223e+02 3.605473373518555680e-01
2.529729729729729399e+02 3.613237179170348257e-01
2.533333333333333144e+02 3.621017130686877139e-01
2.536936936936936888e+02 3.628808657164216966e-01
2.540540540540540349e+02 3.636607486457625882e-01
2.544144144144144377e+02 3.644409622253719228e-01
2.547747747747747553e+02 3.652211322922969683e-01
2.551351351351351298e+02 3.660009082040027728e-01
2.554954954954954758e+02 3.667799610458561954e-01
2.558558558558558502e+02 3.675579819829455364e-01
2.562162162162161962e+02 3.683346807454440097e-01
2.565765765765765991e+02 3.691097842372433879e-01
2.569369369369368883e+02 3.698830352580835812e-01
2.572972972972972912e+02 3.706541913300415159e-01
2.576576576576576372e+02 3.714230236198086677e-01
2.580180180180179832e+02 3.721893159488240399e-01
2.583783783783783861e+02 3.729528638838912058e-01
2.587387387387387321e+02 3.737134739015044449e-01
2.590990990990990781e+02 3.744709626196348617e-01
2.594594594594594241e+02 3.752251560912418515e-01
2.598198198198198270e+02 3.759758891542596682e-01
2.601801801801801162e+02 3.767230048332437797e-01
2.605405405405405190e+02 3.774663537882887443e-01
2.609009009009008651e+02 3.782057938071915482e-01
2.612612612612612679e+02 3.789411893372036655e-01
2.616216216216215571e+02 3.796724110530212970e-01
2.619819819819819600e+02 3.803993354579680020e-01
2.623423423423423060e+02 3.811218445155798995e-01
2.627027027027027088e+02 3.818398253090670713e-01
2.630630630630630549e+02 3.825531697263341302e-01
2.634234234234234009e+02 3.832617741684432588e-01
2.637837837837838038e+02 3.839655392796094691e-01
2.641441441441441498e+02 3.846643696969641590e-01
2.645045045045044958e+02 3.853581738184850281e-01
2.648648648648648418e+02 3.860468635876368459e-01
2.652252252252251878e+02 3.867303542933773208e-01
2.655855855855855339e+02 3.874085643843223625e-01
2.659459459459459367e+02 3.880814152959384811e-01
2.663063063063062827e+02 3.887488312897591225e-01
2.666666666666666288e+02 3.894107393036793652e-01
2.670270270270269748e+02 3.900670688124813767e-01
2.673873873873873777e+02 3.907177516978088128e-01
2.677477477477477805e+02 3.913627221268659584e-01
2.681081081081081265e+02 3.920019164391942978e-01
2.684684684684684726e+02 3.926352730409169434e-01
2.688288288288288186e+02 3.932627323058947577e-01
2.691891891891891646e+02 3.938842364832984555e-01
2.695495495495495106e+02 3.944997296111076301e-01
2.699099099099099135e+02 3.951091574351301428e-01
2.702702702702702595e+02 3.957124673331306464e-01
2.706306306306306055e+02 3.963096082437069789e-01
2.709909909909909516e+02 3.969005305995843558e-01
2.713513513513512976e+02 3.974851862650127798e-01
2.717117117117116436e+02 3.980635284769790116e-01
2.720720720720720465e+02 3.986355117899830769e-01
2.724324324324324493e+02 3.992010920241165772e-01
2.727927927927927954e+02 3.997602262162394116e-01
2.731531531531531414e+02 4.003128725740268679e-01
2.735135135135134874e+02 4.008589904327067854e-01
2.738738738738738903e+02 4.013985402143122050e-01
2.742342342342342363e+02 4.019314833892658201e-01
2.745945945945945823e+02 4.024577824401704418e-01
2.749549549549549283e+02 4.029774008276349462e-01
2.753153153153153312e+02 4.034903029580326206e-01
2.756756756756756204e+02 4.039964541530426390e-01
2.760360360360360232e+02 4.044958206208869034e-01
2.763963963963963693e+02 4.049883694291321334e-01
2.767567567567567153e+02 4.054740684789832073e-01
2.771171171171171181e+02 4.059528864809557880e-01
2.774774774774774642e+02 4.064247929318618446e-01
2.778378378378378670e+02 4.068897580930071478e-01
2.781981981981981562e+02 4.073477529695544996e-01
2.785585585585585591e+02 4.077987492909626033e-01
2.789189189189189051e+02 4.082427194924370673e-01
2.792792792792793080e+02 4.086796366973550754e-01
2.796396396396395971e+02 4.091094747005813437e-01
2.800000000000000000e+02 4.095322079526403369e-01
2.803603603603603460e+02 4.099478115446907878e-01
2.807207207207206920e+02 4.103562611942558336e-01
2.810810810810810381e+02 4.107575332316714123e-01
2.814414414414414409e+02 4.111516045872057323e-01
2.818018018018017870e+02 4.115384527788181201e-01
2.821621621621621330e+02 4.119180559005240494e-01
2.825225225225225358e+02 4.122903926113232198e-01
2.828828828828828250e+02 4.126554421246759752e-01
2.832432432432432279e+02 4.130131841984860386e-01
2.836036036036035739e+02 4.133635991255681930e-01
2.839639639639639768e+02 4.137066677245769819e-01
2.843243243243242659e+02 4.140423713313678977e-01
2.846846846846846688e+02 4.143706917907773457e-01
2.850450450450450148e+02 4.146916114487883553e-01
2.854054054054054177e+02 4.150051131450765429e-01
2.857657657657657069e+02 4.153111802059051838e-01
2.861261261261261097e+02 4.156097964373605680e-01
2.864864864864864558e+02 4.159009461189099865e-01
2.868468468468468018e+02 4.161846139972610326e-01
2.872072072072072046e+02 4.164607852805200516e-01
2.875675675675675507e+02 4.167294456326211538e-01
2.879279279279278967e+02 4.169905811680266750e-01
2.882882882882882427e+02 4.172441784466816572e-01
2.886486486486486456e+02 4.174902244692028086e-01
2.890090090090089348e+02 4.177287066723149311e-01
2.893693693693693376e+02 4.179596129244922409e-01
2.897297297297296836e+02 4.181829315218277832e-01
2.900900900900900865e+02 4.183986511840955269e-01
2.904504504504503757e+02 4.186067610510196269e-01
2.908108108108108354e+02 4.188072506787210436e-01
2.911711711711711814e+02 4.190001100363524578e-01
2.915315315315315274e+02 4.191853295029091542e-01
2.918918918918918735e+02 4.193628998641996675e-01
2.922522522522522195e+02 4.195328123099873463e-01
2.926126126126126223e+02 4.196950584312827415e-01
2.929729729729729684e+02 4.198496302177913142e-01
2.933333333333333144e+02 4.199965200555020317e-01
2.936936936936936604e+02 4.201357207244251768e-01
2.940540540540540064e+02 4.202672253964611637e-01
2.944144144144143524e+02 4.203910276334059115e-01
2.947747747747747553e+02 4.205071213850851142e-01
2.951351351351351013e+02 4.206155009876178519e-01
2.954954954954955042e+02 4.207161611617966646e-01
2.958558558558558502e+02 4.208090970115958562e-01
2.962162162162161962e+02 4.208943040227927090e-01
2.965765765765765991e+02 4.209717780617025507e-01
2.969369369369369451e+02 4.210415153740340588e-01
2.972972972972972912e+02 4.211035125838437643e-01
2.976576576576576372e+02 4.211577666926118457e-01
2.980180180180179832e+02 4.212042750784170120e-01
2.983783783783783292e+02 4.212430354952186873e-01
2.987387387387387321e+02 4.212740460722473324e-01
2.990990990990990781e+02 4.212973053134951296e-01
2.994594594594594241e+02 4.213128120973095858e-01
2.998198198198197701e+02 4.213205656760916629e-01
3.001801801801801162e+02 4.213205656760912188e-01
3.005405405405405759e+02 4.213128120973092527e-01
3.009009009009008651e+02 4.212973053134948520e-01
3.012612612612612679e+02 4.212740460722473324e-01
3.016216216216216139e+02 4.212430354952190203e-01
3.019819819819819600e+02 4.212042750784170120e-01
3.023423423423423060e+02 4.211577666926121233e-01
3.027027027027027088e+02 4.211035125838434867e-01
3.030630630630630549e+02 4.210415153740343919e-01
3.034234234234234009e+02 4.209717780617029947e-01
3.037837837837837469e+02 4.208943040227921539e-01
3.041441441441440929e+02 4.208090970115959673e-01
3.045045045045044958e+02 4.207161611617963870e-01
3.048648648648648418e+02 4.206155009876175743e-01
3.052252252252252447e+02 4.205071213850848366e-01
3.055855855855855339e+02 4.203910276334057450e-01
3.059459459459459367e+02 4.202672253964613303e-01
3.063063063063062827e+02 4.201357207244254544e-01
3.066666666666666856e+02 4.199965200555025868e-01
3.070270270270269748e+02 4.198496302177913142e-01
3.073873873873873777e+02 4.196950584312830190e-01
3.077477477477477237e+02 4.195328123099875128e-01
3.081081081081081265e+02 4.193628998641996675e-01
3.084684684684684157e+02 4.191853295029090432e-01
3.088288288288288186e+02 4.190001100363524578e-01
3.091891891891891646e+02 4.188072506787209326e-01
3.095495495495495106e+02 4.186067610510196269e-01
3.099099099099099135e+02 4.183986511840959710e-01
3.102702702702702595e+02 4.181829315218278942e-01
3.106306306306306055e+02 4.179596129244923519e-01
3.109909909909909516e+02 4.177287066723156528e-01
3.113513513513513544e+02 4.174902244692029751e-01
3.117117117117116436e+02 4.172441784466810466e-01
3.120720720720720465e+02 4.169905811680273966e-01
3.124324324324323925e+02 4.167294456326210428e-01
3.127927927927927954e+02 4.164607852805194410e-01
3.131531531531530845e+02 4.161846139972616432e-01
3.135135135135134874e+02 4.159009461189098755e-01
3.138738738738738903e+02 4.156097964373605680e-01
3.142342342342342363e+02 4.153111802059057944e-01
3.145945945945945823e+02 4.150051131450766539e-01
3.149549549549549283e+02 4.146916114487887994e-01
3.153153153153152743e+02 4.143706917907766241e-01
3.156756756756756204e+02 4.140423713313678977e-01
3.160360360360360232e+02 4.137066677245768709e-01
3.163963963963963693e+02 4.133635991255685260e-01
3.167567567567567153e+02 4.130131841984863161e-01
3.171171171171170613e+02 4.126554421246758086e-01
3.174774774774774642e+02 4.122903926113232198e-01
3.178378378378377533e+02 4.119180559005244935e-01
3.181981981981982130e+02 4.115384527788188418e-01
3.185585585585585591e+02 4.111516045872061209e-01
3.189189189189189051e+02 4.107575332316718009e-01
3.192792792792792511e+02 4.103562611942560001e-01
3.196396396396395971e+02 4.099478115446909543e-01
3.200000000000000000e+02 4.095322079526409476e-01
3.203603603603603460e+02 4.091094747005817878e-01
3.207207207207206920e+02 4.086796366973555195e-01
3.210810810810810381e+02 4.082427194924373448e-01
3.214414414414414409e+02 4.077987492909630474e-01
3.218018018018017870e+02 4.073477529695555543e-01
3.221621621621621330e+02 4.068897580930069813e-01
3.225225225225224790e+02 4.064247929318620112e-01
3.228828828828828250e+02 4.059528864809562321e-01
3.232432432432432847e+02 4.054740684789834848e-01
3.236036036036035739e+02 4.049883694291326885e-01
3.239639639639639768e+02 4.044958206208874585e-01
3.243243243243243228e+02 4.039964541530433606e-01
3.246846846846846688e+02 4.034903029580328981e-01
3.250450450450450148e+02 4.029774008276353348e-01
3.254054054054054177e+02 4.024577824401706083e-01
3.257657657657657637e+02 4.019314833892665417e-01
3.261261261261260529e+02 4.013985402143125381e-01
3.264864864864864558e+02 4.008589904327075071e-01
3.268468468468468018e+02 4.003128725740265903e-01
3.272072072072072046e+02 3.997602262162395781e-01
3.275675675675675507e+02 3.992010920241168548e-01
3.279279279279279535e+02 3.986355117899827438e-01
3.282882882882882427e+02 3.980635284769792892e-01
3.286486486486486456e+02 3.974851862650130574e-01
3.290090090090089916e+02 3.969005305995850774e-01
3.293693693693693376e+02 3.963096082437070899e-01
3.297297297297296836e+02 3.957124673331307574e-01
3.300900900900900865e+02 3.951091574351304203e-01
3.304504504504504325e+02 3.944997296111080187e-01
3.308108108108108354e+02 3.938842364832990661e-01
3.311711711711711246e+02 3.932627323058954794e-01
3.315315315315314706e+02 3.926352730409172209e-01
3.318918918918918735e+02 3.920019164391947419e-01
3.322522522522522195e+02 3.913627221268665690e-01
3.326126126126126223e+02 3.907177516978092569e-01
3.329729729729729684e+02 3.900670688124818208e-01
3.333333333333333144e+02 3.894107393036793652e-01
3.336936936936936604e+02 3.887488312897595666e-01
3.340540540540540633e+02 3.880814152959385921e-01
3.344144144144143524e+02 3.874085643843228066e-01
3.347747747747747553e+02 3.867303542933777649e-01
3.351351351351351013e+02 3.860468635876371790e-01
3.354954954954955042e+02 3.853581738184856387e-01
3.358558558558557934e+02 3.846643696969646031e-01
3.362162162162162531e+02 3.839655392796097466e-01
3.365765765765765423e+02 3.832617741684434254e-01
3.369369369369368883e+02 3.825531697263341302e-01
3.372972972972972912e+02 3.818398253090673489e-01
3.376576576576576372e+02 3.811218445155798995e-01
3.380180180180179832e+02 3.803993354579682795e-01
3.383783783783783861e+02 3.796724110530217411e-01
3.387387387387387321e+02 3.789411893372042761e-01
3.390990990990990213e+02 3.782057938071919923e-01
3.394594594594594241e+02 3.774663537882890219e-01
3.398198198198197701e+02 3.767230048332442238e-01
3.401801801801801730e+02 3.759758891542596682e-01
3.405405405405405190e+02 3.752251560912424067e-01
3.409009009009009219e+02 3.744709626196350283e-01
3.412612612612612111e+02 3.737134739015048890e-01
3.416216216216215571e+02 3.729528638838914834e-01
3.419819819819820168e+02 3.721893159488246505e-01
3.423423423423423060e+02 3.714230236198090007e-01
3.427027027027026520e+02 3.706541913300416824e-01
3.430630630630630549e+02 3.698830352580843028e-01
3.434234234234234009e+02 3.691097842372437210e-01
3.437837837837838038e+02 3.683346807454444538e-01
3.441441441441441498e+02 3.675579819829457029e-01
3.445045045045044390e+02 3.667799610458570836e-01
3.448648648648648418e+02 3.660009082040029393e-01
3.452252252252251878e+02 3.652211322922975789e-01
3.455855855855855339e+02 3.644409622253722558e-01
3.459459459459459367e+02 3.636607486457628657e-01
3.463063063063062827e+02 3.628808657164222518e-01
3.466666666666666856e+02 3.621017130686879915e-01
3.470270270270269748e+02 3.613237179170352698e-01
3.473873873873874345e+02 3.605473373518558455e-01
3.477477477477477237e+02 3.597730608211329173e-01
3.481081081081080697e+02 3.590014128109967895e-01
3.484684684684684726e+02 3.582329557336786929e-01
3.488288288288288186e+02 3.574682930291018246e-01
3.491891891891891078e+02 3.567080724830193894e-01
3.495495495495495675e+02 3.559529897599900128e-01
3.499099099099098567e+02 3.552037921431421275e-01
3.502702702702702027e+02 3.544612824643307292e-01
3.506306306306306055e+02 3.537263231973276634e-01
3.509909909909909516e+02 3.529998406727015703e-01
3.513513513513513544e+02 3.522828293553613155e-01
3.517117117117117004e+02 3.515763561038162122e-01
3.520720720720721033e+02 3.508815643034320364e-01
3.524324324324323925e+02 3.501996777339155265e-01
3.527927927927927385e+02 3.495320039936042344e-01
3.531531531531531414e+02 3.488799372600975279e-01
3.535135135135134874e+02 3.482449601189450683e-01
3.538738738738738334e+02 3.476286441411333694e-01
3.542342342342342363e+02 3.470326488386700214e-01
3.545945945945945255e+02 3.464587185799156699e-01
3.549549549549548715e+02 3.459086770084390805e-01
3.553153153153153312e+02 3.453844184891370350e-01
3.556756756756756204e+02 3.448878961130648069e-01
3.560360360360360232e+02 3.444211058392307456e-01
3.563963963963963693e+02 3.439860664492597753e-01
3.567567567567567721e+02 3.435847951495498709e-01
3.571171171171170613e+02 3.432192788816029738e-01
3.574774774774774642e+02 3.428914416936034160e-01
3.578378378378378102e+02 3.426031088736761210e-01
3.581981981981981562e+02 3.423559689232473779e-01
3.585585585585585022e+02 3.421515348198327366e-01
3.589189189189189051e+02 3.419911063334376555e-01
3.592792792792791943e+02 3.418757353657229103e-01
3.596396396396396540e+02 3.418061963266812442e-01
3.600000000000000000e+02 3.417829634158937036e-01
