Theta (degrees)	Normalized Energy
0.000000000000000000e+00 9.992569629462008107e-01
3.603603603603603434e-01 9.992570285744735159e-01
7.207207207207206867e-01 9.992572254364643358e-01
1.081081081081080919e+00 9.992575534636987111e-01
1.441441441441441373e+00 9.992580125420761350e-01
1.801801801801801606e+00 9.992586025119070126e-01
2.162162162162161838e+00 9.992593231679676169e-01
2.522522522522522070e+00 9.992601742595597081e-01
2.882882882882882747e+00 9.992611554905985738e-01
3.243243243243243423e+00 9.992622665197030685e-01
3.603603603603603212e+00 9.992635069603096332e-01
3.963963963963963888e+00 9.992648763807958634e-01
4.324324324324323676e+00 9.992663743046197311e-01
4.684684684684683909e+00 9.992680002104739057e-01
5.045045045045044141e+00 9.992697535324555069e-01
5.405405405405405261e+00 9.992716336602477378e-01
5.765765765765765494e+00 9.992736399393180591e-01
6.126126126126124838e+00 9.992757716711312410e-01
6.486486486486486847e+00 9.992780281133745168e-01
6.846846846846846191e+00 9.992804084801991671e-01
7.207207207207206423e+00 9.992829119424750939e-01
7.567567567567566655e+00 9.992855376280618263e-01
7.927927927927927776e+00 9.992882846220887405e-01
8.288288288288287120e+00 9.992911519672555976e-01
8.648648648648647352e+00 9.992941386641421841e-01
9.009009009009007585e+00 9.992972436715362727e-01
9.369369369369367817e+00 9.993004659067702411e-01
9.729729729729729826e+00 9.993038042460775650e-01
1.009009009009008828e+01 9.993072575249546396e-01
1.045045045045044851e+01 9.993108245385488031e-01
1.081081081081081052e+01 9.993145040420444714e-01
1.117117117117117076e+01 9.993182947510790282e-01
1.153153153153153099e+01 9.993221953421567161e-01
1.189189189189189122e+01 9.993262044530871746e-01
1.225225225225224968e+01 9.993303206834318608e-01
1.261261261261261168e+01 9.993345425949629046e-01
1.297297297297297369e+01 9.993388687121415037e-01
1.333333333333333215e+01 9.993432975225989834e-01
1.369369369369369238e+01 9.993478274776379511e-01
1.405405405405405439e+01 9.993524569927438872e-01
1.441441441441441285e+01 9.993571844481102806e-01
1.477477477477477485e+01 9.993620081891727569e-01
1.513513513513513331e+01 9.993669265271627467e-01
1.549549549549549354e+01 9.993719377396601544e-01
1.585585585585585555e+01 9.993770400711740054e-01
1.621621621621621401e+01 9.993822317337229810e-01
1.657657657657657424e+01 9.993875109074309426e-01
1.693693693693693447e+01 9.993928757411375541e-01
1.729729729729729470e+01 9.993983243530129013e-01
1.765765765765765849e+01 9.994038548311940939e-01
1.801801801801801517e+01 9.994094652344183149e-01
1.837837837837837540e+01 9.994151535926817376e-01
1.873873873873873563e+01 9.994209179078963334e-01
1.909909909909909587e+01 9.994267561545659984e-01
1.945945945945945965e+01 9.994326662804697836e-01
1.981981981981981633e+01 9.994386462073558963e-01
2.018018018018017656e+01 9.994446938316396967e-01
2.054054054054054035e+01 9.994508070251237886e-01
2.090090090090089703e+01 9.994569836357161119e-01
2.126126126126126081e+01 9.994632214881613574e-01
2.162162162162162105e+01 9.994695183847835951e-01
2.198198198198198128e+01 9.994758721062342310e-01
2.234234234234234151e+01 9.994822804122527327e-01
2.270270270270269819e+01 9.994887410424284635e-01
2.306306306306306197e+01 9.994952517169807260e-01
2.342342342342342221e+01 9.995018101375380271e-01
2.378378378378378244e+01 9.995084139879286678e-01
2.414414414414414622e+01 9.995150609349807702e-01
2.450450450450449935e+01 9.995217486293268561e-01
2.486486486486486314e+01 9.995284747062125330e-01
2.522522522522522337e+01 9.995352367863205023e-01
2.558558558558558360e+01 9.995420324765910136e-01
2.594594594594594739e+01 9.995488593710560865e-01
2.630630630630630762e+01 9.995557150516781730e-01
2.666666666666666430e+01 9.995625970891881540e-01
2.702702702702702453e+01 9.995695030439395445e-01
2.738738738738738476e+01 9.995764304667574818e-01
2.774774774774774855e+01 9.995833768998003688e-01
2.810810810810810878e+01 9.995903398774205195e-01
2.846846846846846546e+01 9.995973169270316872e-01
2.882882882882882569e+01 9.996043055699823654e-01
2.918918918918918592e+01 9.996113033224273137e-01
2.954954954954954971e+01 9.996183076962077418e-01
2.990990990990990994e+01 9.996253161997311620e-01
3.027027027027026662e+01 9.996323263388575686e-01
3.063063063063063041e+01 9.996393356177825096e-01
3.099099099099098709e+01 9.996463415399298169e-01
3.135135135135135087e+01 9.996533416088366764e-01
3.171171171171171110e+01 9.996603333290502436e-01
3.207207207207207489e+01 9.996673142070190421e-01
3.243243243243242802e+01 9.996742817519845836e-01
3.279279279279278825e+01 9.996812334768786501e-01
3.315315315315314848e+01 9.996881668992178005e-01
3.351351351351351582e+01 9.996950795419952129e-01
3.387387387387386894e+01 9.997019689345773008e-01
3.423423423423423628e+01 9.997088326135953329e-01
3.459459459459458941e+01 9.997156681238387188e-01
3.495495495495494964e+01 9.997224730191434094e-01
3.531531531531531698e+01 9.997292448632840722e-01
3.567567567567567721e+01 9.997359812308557192e-01
3.603603603603603034e+01 9.997426797081642169e-01
3.639639639639639768e+01 9.997493378941014752e-01
3.675675675675675080e+01 9.997559534010270754e-01
3.711711711711711814e+01 9.997625238556395733e-01
3.747747747747747127e+01 9.997690468998542412e-01
3.783783783783783861e+01 9.997755201916576073e-01
3.819819819819819173e+01 9.997819414059813115e-01
3.855855855855855197e+01 9.997883082355519813e-01
3.891891891891891930e+01 9.997946183917443275e-01
3.927927927927927954e+01 9.998008696054285771e-01
3.963963963963963266e+01 9.998070596278080258e-01
4.000000000000000000e+01 9.998131862312563678e-01
4.036036036036035313e+01 9.998192472101410377e-01
4.072072072072072046e+01 9.998252403816441092e-01
4.108108108108108070e+01 9.998311635865788638e-01
4.144144144144143382e+01 9.998370146901897071e-01
4.180180180180179406e+01 9.998427915829523061e-01
4.216216216216216139e+01 9.998484921813621806e-01
4.252252252252252163e+01 9.998541144287131921e-01
4.288288288288288186e+01 9.998596562958713685e-01
4.324324324324324209e+01 9.998651157820332980e-01
4.360360360360360232e+01 9.998704909154800813e-01
4.396396396396396256e+01 9.998757797543204040e-01
4.432432432432431568e+01 9.998809803872192870e-01
4.468468468468468302e+01 9.998860909341232839e-01
4.504504504504503615e+01 9.998911095469663612e-01
4.540540540540539638e+01 9.998960344103706710e-01
4.576576576576576372e+01 9.999008637423363322e-01
4.612612612612612395e+01 9.999055957949112283e-01
4.648648648648648418e+01 9.999102288548605832e-01
4.684684684684684441e+01 9.999147612443125555e-01
4.720720720720720465e+01 9.999191913214001692e-01
4.756756756756756488e+01 9.999235174808834836e-01
4.792792792792792511e+01 9.999277381547641008e-01
4.828828828828829245e+01 9.999318518128790245e-01
4.864864864864863847e+01 9.999358569634895222e-01
4.900900900900899870e+01 9.999397521538493372e-01
4.936936936936936604e+01 9.999435359707579130e-01
4.972972972972972627e+01 9.999472070411067337e-01
5.009009009009008651e+01 9.999507640324002411e-01
5.045045045045044674e+01 9.999542056532696455e-01
5.081081081081080697e+01 9.999575306539693065e-01
5.117117117117116720e+01 9.999607378268526858e-01
5.153153153153152743e+01 9.999638260068425266e-01
5.189189189189189477e+01 9.999667940718728332e-01
5.225225225225224079e+01 9.999696409433251887e-01
5.261261261261261524e+01 9.999723655864435345e-01
5.297297297297296836e+01 9.999749670107309640e-01
5.333333333333332860e+01 9.999774442703329713e-01
5.369369369369368883e+01 9.999797964644041581e-01
5.405405405405404906e+01 9.999820227374532911e-01
5.441441441441440929e+01 9.999841222796750362e-01
5.477477477477476953e+01 9.999860943272638192e-01
5.513513513513512976e+01 9.999879381627072572e-01
5.549549549549549710e+01 9.999896531150654910e-01
5.585585585585584312e+01 9.999912385602305331e-01
5.621621621621621756e+01 9.999926939211670751e-01
5.657657657657657069e+01 9.999940186681371967e-01
5.693693693693693092e+01 9.999952123189044251e-01
5.729729729729729115e+01 9.999962744389210290e-01
5.765765765765765138e+01 9.999972046414973281e-01
5.801801801801801162e+01 9.999980025879520174e-01
5.837837837837837185e+01 9.999986679877393980e-01
5.873873873873872498e+01 9.999992005985687271e-01
5.909909909909909942e+01 9.999996002264934791e-01
5.945945945945945965e+01 9.999998667259863971e-01
5.981981981981981988e+01 1.000000000000000000e+00
6.018018018018017301e+01 9.999999999999996669e-01
6.054054054054053324e+01 9.999998667259863971e-01
6.090090090090089348e+01 9.999996002264931461e-01
6.126126126126126081e+01 9.999992005985690602e-01
6.162162162162162815e+01 9.999986679877391760e-01
6.198198198198197417e+01 9.999980025879520174e-01
6.234234234234234151e+01 9.999972046414971061e-01
6.270270270270270174e+01 9.999962744389212510e-01
6.306306306306305487e+01 9.999952123189044251e-01
6.342342342342342221e+01 9.999940186681371967e-01
6.378378378378378244e+01 9.999926939211670751e-01
6.414414414414414978e+01 9.999912385602305331e-01
6.450450450450449580e+01 9.999896531150658241e-01
6.486486486486485603e+01 9.999879381627069241e-01
6.522522522522521626e+01 9.999860943272638192e-01
6.558558558558557650e+01 9.999841222796750362e-01
6.594594594594595094e+01 9.999820227374532911e-01
6.630630630630629696e+01 9.999797964644041581e-01
6.666666666666665719e+01 9.999774442703329713e-01
6.702702702702703164e+01 9.999749670107306310e-01
6.738738738738737766e+01 9.999723655864433125e-01
6.774774774774773789e+01 9.999696409433249666e-01
6.810810810810811233e+01 9.999667940718728332e-01
6.846846846846847257e+01 9.999638260068423046e-01
6.882882882882883280e+01 9.999607378268526858e-01
6.918918918918917882e+01 9.999575306539693065e-01
6.954954954954953905e+01 9.999542056532694234e-01
6.990990990990989928e+01 9.999507640324002411e-01
7.027027027027025952e+01 9.999472070411065117e-01
7.063063063063063396e+01 9.999435359707573578e-01
7.099099099099099419e+01 9.999397521538490041e-01
7.135135135135135442e+01 9.999358569634895222e-01
7.171171171171170045e+01 9.999318518128790245e-01
7.207207207207206068e+01 9.999277381547641008e-01
7.243243243243242091e+01 9.999235174808834836e-01
7.279279279279279535e+01 9.999191913213999472e-01
7.315315315315315559e+01 9.999147612443122224e-01
7.351351351351350161e+01 9.999102288548605832e-01
7.387387387387387605e+01 9.999055957949110063e-01
7.423423423423423628e+01 9.999008637423361101e-01
7.459459459459458230e+01 9.998960344103704490e-01
7.495495495495494254e+01 9.998911095469661392e-01
7.531531531531531698e+01 9.998860909341232839e-01
7.567567567567567721e+01 9.998809803872196200e-01
7.603603603603602323e+01 9.998757797543204040e-01
7.639639639639638347e+01 9.998704909154797482e-01
7.675675675675674370e+01 9.998651157820332980e-01
7.711711711711710393e+01 9.998596562958713685e-01
7.747747747747747837e+01 9.998541144287131921e-01
7.783783783783783861e+01 9.998484921813618476e-01
7.819819819819819884e+01 9.998427915829523061e-01
7.855855855855855907e+01 9.998370146901891520e-01
7.891891891891890509e+01 9.998311635865788638e-01
7.927927927927926532e+01 9.998252403816437761e-01
7.963963963963963977e+01 9.998192472101404826e-01
8.000000000000000000e+01 9.998131862312563678e-01
8.036036036036036023e+01 9.998070596278080258e-01
8.072072072072070625e+01 9.998008696054282440e-01
8.108108108108108070e+01 9.997946183917439944e-01
8.144144144144144093e+01 9.997883082355519813e-01
8.180180180180180116e+01 9.997819414059813115e-01
8.216216216216216139e+01 9.997755201916576073e-01
8.252252252252252163e+01 9.997690468998542412e-01
8.288288288288286765e+01 9.997625238556393512e-01
8.324324324324324209e+01 9.997559534010268534e-01
8.360360360360358811e+01 9.997493378941014752e-01
8.396396396396394834e+01 9.997426797081642169e-01
8.432432432432432279e+01 9.997359812308553861e-01
8.468468468468468302e+01 9.997292448632837392e-01
8.504504504504504325e+01 9.997224730191430764e-01
8.540540540540538927e+01 9.997156681238381637e-01
8.576576576576576372e+01 9.997088326135953329e-01
8.612612612612610974e+01 9.997019689345769677e-01
8.648648648648648418e+01 9.996950795419948799e-01
8.684684684684685863e+01 9.996881668992174674e-01
8.720720720720720465e+01 9.996812334768786501e-01
8.756756756756755067e+01 9.996742817519845836e-01
8.792792792792792511e+01 9.996673142070190421e-01
8.828828828828828534e+01 9.996603333290500215e-01
8.864864864864863137e+01 9.996533416088364543e-01
8.900900900900900581e+01 9.996463415399295949e-01
8.936936936936936604e+01 9.996393356177825096e-01
8.972972972972972627e+01 9.996323263388575686e-01
9.009009009009007229e+01 9.996253161997313841e-01
9.045045045045044674e+01 9.996183076962074088e-01
9.081081081081079276e+01 9.996113033224273137e-01
9.117117117117116720e+01 9.996043055699823654e-01
9.153153153153152743e+01 9.995973169270313541e-01
9.189189189189188767e+01 9.995903398774199644e-01
9.225225225225224790e+01 9.995833768998003688e-01
9.261261261261259392e+01 9.995764304667578148e-01
9.297297297297296836e+01 9.995695030439393225e-01
9.333333333333331439e+01 9.995625970891884871e-01
9.369369369369368883e+01 9.995557150516781730e-01
9.405405405405406327e+01 9.995488593710558645e-01
9.441441441441440929e+01 9.995420324765906805e-01
9.477477477477476953e+01 9.995352367863205023e-01
9.513513513513512976e+01 9.995284747062125330e-01
9.549549549549548999e+01 9.995217486293266340e-01
9.585585585585585022e+01 9.995150609349807702e-01
9.621621621621621046e+01 9.995084139879284457e-01
9.657657657657658490e+01 9.995018101375374719e-01
9.693693693693693092e+01 9.994952517169800599e-01
9.729729729729727694e+01 9.994887410424281304e-01
9.765765765765765138e+01 9.994822804122527327e-01
9.801801801801799741e+01 9.994758721062342310e-01
9.837837837837837185e+01 9.994695183847835951e-01
9.873873873873873208e+01 9.994632214881613574e-01
9.909909909909909231e+01 9.994569836357158898e-01
9.945945945945945255e+01 9.994508070251232335e-01
9.981981981981979857e+01 9.994446938316396967e-01
1.001801801801801730e+02 9.994386462073552302e-01
1.005405405405405475e+02 9.994326662804694505e-01
1.009009009009008935e+02 9.994267561545659984e-01
1.012612612612612679e+02 9.994209179078961114e-01
1.016216216216216139e+02 9.994151535926814045e-01
1.019819819819819742e+02 9.994094652344183149e-01
1.023423423423423344e+02 9.994038548311937609e-01
1.027027027027027088e+02 9.993983243530129013e-01
1.030630630630630549e+02 9.993928757411369990e-01
1.034234234234234151e+02 9.993875109074309426e-01
1.037837837837837895e+02 9.993822317337226480e-01
1.041441441441441356e+02 9.993770400711736723e-01
1.045045045045044816e+02 9.993719377396601544e-01
1.048648648648648560e+02 9.993669265271624136e-01
1.052252252252252305e+02 9.993620081891727569e-01
1.055855855855855765e+02 9.993571844481099475e-01
1.059459459459459367e+02 9.993524569927433321e-01
1.063063063063062970e+02 9.993478274776379511e-01
1.066666666666666572e+02 9.993432975225989834e-01
1.070270270270270032e+02 9.993388687121415037e-01
1.073873873873873777e+02 9.993345425949629046e-01
1.077477477477477521e+02 9.993303206834311947e-01
1.081081081081080981e+02 9.993262044530871746e-01
1.084684684684684726e+02 9.993221953421563830e-01
1.088288288288288186e+02 9.993182947510790282e-01
1.091891891891891788e+02 9.993145040420444714e-01
1.095495495495495391e+02 9.993108245385482480e-01
1.099099099099099135e+02 9.993072575249543066e-01
1.102702702702702595e+02 9.993038042460770098e-01
1.106306306306306197e+02 9.993004659067702411e-01
1.109909909909909942e+02 9.992972436715360507e-01
1.113513513513513402e+02 9.992941386641421841e-01
1.117117117117116862e+02 9.992911519672552645e-01
1.120720720720720607e+02 9.992882846220884074e-01
1.124324324324324351e+02 9.992855376280618263e-01
1.127927927927927811e+02 9.992829119424750939e-01
1.131531531531531414e+02 9.992804084801991671e-01
1.135135135135135016e+02 9.992780281133741838e-01
1.138738738738738618e+02 9.992757716711312410e-01
1.142342342342342363e+02 9.992736399393180591e-01
1.145945945945945823e+02 9.992716336602474048e-01
1.149549549549549567e+02 9.992697535324555069e-01
1.153153153153153028e+02 9.992680002104739057e-01
1.156756756756756630e+02 9.992663743046197311e-01
1.160360360360360232e+02 9.992648763807955303e-01
1.163963963963963835e+02 9.992635069603096332e-01
1.167567567567567437e+02 9.992622665197030685e-01
1.171171171171171039e+02 9.992611554905983517e-01
1.174774774774774500e+02 9.992601742595600411e-01
1.178378378378378386e+02 9.992593231679676169e-01
1.181981981981981988e+02 9.992586025119073456e-01
1.185585585585585591e+02 9.992580125420755799e-01
1.189189189189189193e+02 9.992575534636981560e-01
1.192792792792792653e+02 9.992572254364643358e-01
1.196396396396396398e+02 9.992570285744735159e-01
1.199999999999999858e+02 9.992569629462004777e-01
1.203603603603603460e+02 9.992570285744735159e-01
1.207207207207207063e+02 9.992572254364643358e-01
1.210810810810810665e+02 9.992575534636987111e-01
1.214414414414414125e+02 9.992580125420755799e-01
1.218018018018017870e+02 9.992586025119073456e-01
1.221621621621621330e+02 9.992593231679676169e-01
1.225225225225225216e+02 9.992601742595597081e-01
1.228828828828828819e+02 9.992611554905983517e-01
1.232432432432432563e+02 9.992622665197030685e-01
1.236036036036036023e+02 9.992635069603096332e-01
1.239639639639639483e+02 9.992648763807958634e-01
1.243243243243243228e+02 9.992663743046197311e-01
1.246846846846846830e+02 9.992680002104739057e-01
1.250450450450450290e+02 9.992697535324552849e-01
1.254054054054054035e+02 9.992716336602474048e-01
1.257657657657657495e+02 9.992736399393180591e-01
1.261261261261261097e+02 9.992757716711312410e-01
1.264864864864864700e+02 9.992780281133738507e-01
1.268468468468468444e+02 9.992804084801991671e-01
1.272072072072072189e+02 9.992829119424750939e-01
1.275675675675675649e+02 9.992855376280618263e-01
1.279279279279279251e+02 9.992882846220881854e-01
1.282882882882882996e+02 9.992911519672552645e-01
1.286486486486486456e+02 9.992941386641421841e-01
1.290090090090089916e+02 9.992972436715362727e-01
1.293693693693693660e+02 9.993004659067702411e-01
1.297297297297297121e+02 9.993038042460770098e-01
1.300900900900900581e+02 9.993072575249546396e-01
1.304504504504504325e+02 9.993108245385482480e-01
1.308108108108107785e+02 9.993145040420444714e-01
1.311711711711711530e+02 9.993182947510790282e-01
1.315315315315315274e+02 9.993221953421567161e-01
1.318918918918919019e+02 9.993262044530871746e-01
1.322522522522522479e+02 9.993303206834311947e-01
1.326126126126125939e+02 9.993345425949629046e-01
1.329729729729729684e+02 9.993388687121415037e-01
1.333333333333333144e+02 9.993432975225992054e-01
1.336936936936936888e+02 9.993478274776379511e-01
1.340540540540540633e+02 9.993524569927433321e-01
1.344144144144144093e+02 9.993571844481105027e-01
1.347747747747747553e+02 9.993620081891727569e-01
1.351351351351351298e+02 9.993669265271624136e-01
1.354954954954954758e+02 9.993719377396601544e-01
1.358558558558558218e+02 9.993770400711740054e-01
1.362162162162162247e+02 9.993822317337226480e-01
1.365765765765765707e+02 9.993875109074309426e-01
1.369369369369369451e+02 9.993928757411375541e-01
1.372972972972972912e+02 9.993983243530129013e-01
1.376576576576576656e+02 9.994038548311940939e-01
1.380180180180180116e+02 9.994094652344185370e-01
1.383783783783783576e+02 9.994151535926817376e-01
1.387387387387387321e+02 9.994209179078961114e-01
1.390990990990990781e+02 9.994267561545659984e-01
1.394594594594594525e+02 9.994326662804697836e-01
1.398198198198197986e+02 9.994386462073555633e-01
1.401801801801801730e+02 9.994446938316400297e-01
1.405405405405405190e+02 9.994508070251237886e-01
1.409009009009008935e+02 9.994569836357161119e-01
1.412612612612612679e+02 9.994632214881613574e-01
1.416216216216216139e+02 9.994695183847835951e-01
1.419819819819819884e+02 9.994758721062347862e-01
1.423423423423423344e+02 9.994822804122527327e-01
1.427027027027027088e+02 9.994887410424284635e-01
1.430630630630630549e+02 9.994952517169803929e-01
1.434234234234234009e+02 9.995018101375378050e-01
1.437837837837837753e+02 9.995084139879286678e-01
1.441441441441441214e+02 9.995150609349807702e-01
1.445045045045044674e+02 9.995217486293268561e-01
1.448648648648648418e+02 9.995284747062125330e-01
1.452252252252251878e+02 9.995352367863205023e-01
1.455855855855855907e+02 9.995420324765910136e-01
1.459459459459459367e+02 9.995488593710560865e-01
1.463063063063063112e+02 9.995557150516783951e-01
1.466666666666666572e+02 9.995625970891884871e-01
1.470270270270270032e+02 9.995695030439393225e-01
1.473873873873873777e+02 9.995764304667578148e-01
1.477477477477477521e+02 9.995833768998009239e-01
1.481081081081080981e+02 9.995903398774196313e-01
1.484684684684684726e+02 9.995973169270316872e-01
1.488288288288288186e+02 9.996043055699823654e-01
1.491891891891891646e+02 9.996113033224273137e-01
1.495495495495495391e+02 9.996183076962077418e-01
1.499099099099098851e+02 9.996253161997311620e-01
1.502702702702702879e+02 9.996323263388577907e-01
1.506306306306306340e+02 9.996393356177825096e-01
1.509909909909909800e+02 9.996463415399295949e-01
1.513513513513513544e+02 9.996533416088370094e-01
1.517117117117117004e+02 9.996603333290502436e-01
1.520720720720720465e+02 9.996673142070193752e-01
1.524324324324324209e+02 9.996742817519845836e-01
1.527927927927927669e+02 9.996812334768793162e-01
1.531531531531531414e+02 9.996881668992181336e-01
1.535135135135134874e+02 9.996950795419954350e-01
1.538738738738738618e+02 9.997019689345773008e-01
1.542342342342342079e+02 9.997088326135953329e-01
1.545945945945945823e+02 9.997156681238387188e-01
1.549549549549549567e+02 9.997224730191434094e-01
1.553153153153153028e+02 9.997292448632840722e-01
1.556756756756756772e+02 9.997359812308557192e-01
1.560360360360360232e+02 9.997426797081642169e-01
1.563963963963963977e+02 9.997493378941021414e-01
1.567567567567567437e+02 9.997559534010268534e-01
1.571171171171171181e+02 9.997625238556395733e-01
1.574774774774774642e+02 9.997690468998542412e-01
1.578378378378378102e+02 9.997755201916576073e-01
1.581981981981981846e+02 9.997819414059813115e-01
1.585585585585585306e+02 9.997883082355519813e-01
1.589189189189188767e+02 9.997946183917443275e-01
1.592792792792792795e+02 9.998008696054285771e-01
1.596396396396396256e+02 9.998070596278085809e-01
1.600000000000000000e+02 9.998131862312570339e-01
1.603603603603603460e+02 9.998192472101407047e-01
1.607207207207207205e+02 9.998252403816441092e-01
1.610810810810810665e+02 9.998311635865788638e-01
1.614414414414414125e+02 9.998370146901897071e-01
1.618018018018017870e+02 9.998427915829525281e-01
1.621621621621621614e+02 9.998484921813624027e-01
1.625225225225225074e+02 9.998541144287131921e-01
1.628828828828828819e+02 9.998596562958713685e-01
1.632432432432432279e+02 9.998651157820332980e-01
1.636036036036036023e+02 9.998704909154800813e-01
1.639639639639639768e+02 9.998757797543204040e-01
1.643243243243243228e+02 9.998809803872192870e-01
1.646846846846846688e+02 9.998860909341236169e-01
1.650450450450450433e+02 9.998911095469663612e-01
1.654054054054054177e+02 9.998960344103710041e-01
1.657657657657657353e+02 9.999008637423361101e-01
1.661261261261261097e+02 9.999055957949112283e-01
1.664864864864864842e+02 9.999102288548605832e-01
1.668468468468468302e+02 9.999147612443127775e-01
1.672072072072071762e+02 9.999191913214005023e-01
1.675675675675675507e+02 9.999235174808834836e-01
1.679279279279278967e+02 9.999277381547643229e-01
1.682882882882882711e+02 9.999318518128792466e-01
1.686486486486486456e+02 9.999358569634895222e-01
1.690090090090089916e+02 9.999397521538490041e-01
1.693693693693693660e+02 9.999435359707579130e-01
1.697297297297297121e+02 9.999472070411067337e-01
1.700900900900900865e+02 9.999507640324002411e-01
1.704504504504504609e+02 9.999542056532696455e-01
1.708108108108107785e+02 9.999575306539696395e-01
1.711711711711711530e+02 9.999607378268530189e-01
1.715315315315315274e+02 9.999638260068425266e-01
1.718918918918919019e+02 9.999667940718731662e-01
1.722522522522522195e+02 9.999696409433251887e-01
1.726126126126125939e+02 9.999723655864438676e-01
1.729729729729729684e+02 9.999749670107309640e-01
1.733333333333333428e+02 9.999774442703329713e-01
1.736936936936937173e+02 9.999797964644041581e-01
1.740540540540540349e+02 9.999820227374536241e-01
1.744144144144144093e+02 9.999841222796752582e-01
1.747747747747747837e+02 9.999860943272638192e-01
1.751351351351351013e+02 9.999879381627075903e-01
1.754954954954954758e+02 9.999896531150658241e-01
1.758558558558558502e+02 9.999912385602308662e-01
1.762162162162161962e+02 9.999926939211677412e-01
1.765765765765765707e+02 9.999940186681374188e-01
1.769369369369369167e+02 9.999952123189046471e-01
1.772972972972972627e+02 9.999962744389210290e-01
1.776576576576576656e+02 9.999972046414973281e-01
1.780180180180180116e+02 9.999980025879520174e-01
1.783783783783783861e+02 9.999986679877393980e-01
1.787387387387387321e+02 9.999992005985693933e-01
1.790990990990990781e+02 9.999996002264934791e-01
1.794594594594594525e+02 9.999998667259867302e-01
1.798198198198198270e+02 1.000000000000000000e+00
1.801801801801801446e+02 1.000000000000000000e+00
1.805405405405405190e+02 9.999998667259867302e-01
1.809009009009008935e+02 9.999996002264934791e-01
1.812612612612612395e+02 9.999992005985693933e-01
1.816216216216215855e+02 9.999986679877397311e-01
1.819819819819819600e+02 9.999980025879520174e-01
1.823423423423423344e+02 9.999972046414976612e-01
1.827027027027027088e+02 9.999962744389212510e-01
1.830630630630630549e+02 9.999952123189044251e-01
1.834234234234234009e+02 9.999940186681374188e-01
1.837837837837837753e+02 9.999926939211677412e-01
1.841441441441441214e+02 9.999912385602305331e-01
1.845045045045044958e+02 9.999896531150658241e-01
1.848648648648648702e+02 9.999879381627072572e-01
1.852252252252251878e+02 9.999860943272638192e-01
1.855855855855855623e+02 9.999841222796750362e-01
1.859459459459459367e+02 9.999820227374532911e-01
1.863063063063062543e+02 9.999797964644044912e-01
1.866666666666666288e+02 9.999774442703329713e-01
1.870270270270270316e+02 9.999749670107309640e-01
1.873873873873873777e+02 9.999723655864438676e-01
1.877477477477477521e+02 9.999696409433251887e-01
1.881081081081081265e+02 9.999667940718731662e-01
1.884684684684684441e+02 9.999638260068425266e-01
1.888288288288288186e+02 9.999607378268530189e-01
1.891891891891891930e+02 9.999575306539693065e-01
1.895495495495495391e+02 9.999542056532699785e-01
1.899099099099098851e+02 9.999507640324002411e-01
1.902702702702702595e+02 9.999472070411070668e-01
1.906306306306306055e+02 9.999435359707579130e-01
1.909909909909909800e+02 9.999397521538493372e-01
1.913513513513513544e+02 9.999358569634895222e-01
1.917117117117117004e+02 9.999318518128792466e-01
1.920720720720720749e+02 9.999277381547641008e-01
1.924324324324324209e+02 9.999235174808838167e-01
1.927927927927927954e+02 9.999191913214001692e-01
1.931531531531531698e+02 9.999147612443127775e-01
1.935135135135134874e+02 9.999102288548605832e-01
1.938738738738738618e+02 9.999055957949112283e-01
1.942342342342342363e+02 9.999008637423363322e-01
1.945945945945945539e+02 9.998960344103706710e-01
1.949549549549549283e+02 9.998911095469666943e-01
1.953153153153153028e+02 9.998860909341236169e-01
1.956756756756756488e+02 9.998809803872196200e-01
1.960360360360359948e+02 9.998757797543204040e-01
1.963963963963963693e+02 9.998704909154800813e-01
1.967567567567567437e+02 9.998651157820332980e-01
1.971171171171171181e+02 9.998596562958713685e-01
1.974774774774774642e+02 9.998541144287131921e-01
1.978378378378378102e+02 9.998484921813621806e-01
1.981981981981981846e+02 9.998427915829523061e-01
1.985585585585585306e+02 9.998370146901900402e-01
1.989189189189189051e+02 9.998311635865790858e-01
1.992792792792792795e+02 9.998252403816443312e-01
1.996396396396395971e+02 9.998192472101404826e-01
1.999999999999999716e+02 9.998131862312570339e-01
2.003603603603603460e+02 9.998070596278082478e-01
2.007207207207207205e+02 9.998008696054285771e-01
2.010810810810810949e+02 9.997946183917446605e-01
2.014414414414414409e+02 9.997883082355519813e-01
2.018018018018017870e+02 9.997819414059816445e-01
2.021621621621621614e+02 9.997755201916576073e-01
2.025225225225225358e+02 9.997690468998542412e-01
2.028828828828828534e+02 9.997625238556395733e-01
2.032432432432432279e+02 9.997559534010270754e-01
2.036036036036036023e+02 9.997493378941014752e-01
2.039639639639639483e+02 9.997426797081642169e-01
2.043243243243242944e+02 9.997359812308559412e-01
2.046846846846846688e+02 9.997292448632840722e-01
2.050450450450450148e+02 9.997224730191436315e-01
2.054054054054054177e+02 9.997156681238387188e-01
2.057657657657657637e+02 9.997088326135953329e-01
2.061261261261261097e+02 9.997019689345773008e-01
2.064864864864864842e+02 9.996950795419952129e-01
2.068468468468468302e+02 9.996881668992181336e-01
2.072072072072072046e+02 9.996812334768786501e-01
2.075675675675675791e+02 9.996742817519845836e-01
2.079279279279278967e+02 9.996673142070193752e-01
2.082882882882882711e+02 9.996603333290500215e-01
2.086486486486486456e+02 9.996533416088370094e-01
2.090090090090089632e+02 9.996463415399298169e-01
2.093693693693693376e+02 9.996393356177825096e-01
2.097297297297297121e+02 9.996323263388577907e-01
2.100900900900900865e+02 9.996253161997311620e-01
2.104504504504504609e+02 9.996183076962079639e-01
2.108108108108107785e+02 9.996113033224273137e-01
2.111711711711711530e+02 9.996043055699823654e-01
2.115315315315315274e+02 9.995973169270313541e-01
2.118918918918918735e+02 9.995903398774199644e-01
2.122522522522522479e+02 9.995833768998009239e-01
2.126126126126125939e+02 9.995764304667578148e-01
2.129729729729729399e+02 9.995695030439398776e-01
2.133333333333333144e+02 9.995625970891884871e-01
2.136936936936936888e+02 9.995557150516783951e-01
2.140540540540540064e+02 9.995488593710560865e-01
2.144144144144143809e+02 9.995420324765910136e-01
2.147747747747747553e+02 9.995352367863205023e-01
2.151351351351351298e+02 9.995284747062121999e-01
2.154954954954955042e+02 9.995217486293271891e-01
2.158558558558558218e+02 9.995150609349811033e-01
2.162162162162161962e+02 9.995084139879286678e-01
2.165765765765765707e+02 9.995018101375374719e-01
2.169369369369369451e+02 9.994952517169807260e-01
2.172972972972972627e+02 9.994887410424284635e-01
2.176576576576576372e+02 9.994822804122527327e-01
2.180180180180180116e+02 9.994758721062347862e-01
2.183783783783783576e+02 9.994695183847835951e-01
2.187387387387387037e+02 9.994632214881613574e-01
2.190990990990990781e+02 9.994569836357161119e-01
2.194594594594594525e+02 9.994508070251237886e-01
2.198198198198198270e+02 9.994446938316396967e-01
2.201801801801801730e+02 9.994386462073555633e-01
2.205405405405405190e+02 9.994326662804700057e-01
2.209009009009008935e+02 9.994267561545659984e-01
2.212612612612612395e+02 9.994209179078961114e-01
2.216216216216216139e+02 9.994151535926817376e-01
2.219819819819819884e+02 9.994094652344185370e-01
2.223423423423423060e+02 9.994038548311940939e-01
2.227027027027026804e+02 9.993983243530129013e-01
2.230630630630630549e+02 9.993928757411369990e-01
2.234234234234233725e+02 9.993875109074309426e-01
2.237837837837838038e+02 9.993822317337226480e-01
2.241441441441441214e+02 9.993770400711742274e-01
2.245045045045044958e+02 9.993719377396601544e-01
2.248648648648648702e+02 9.993669265271624136e-01
2.252252252252251878e+02 9.993620081891730900e-01
2.255855855855855623e+02 9.993571844481102806e-01
2.259459459459459367e+02 9.993524569927438872e-01
2.263063063063062827e+02 9.993478274776379511e-01
2.266666666666666572e+02 9.993432975225992054e-01
2.270270270270270032e+02 9.993388687121418368e-01
2.273873873873873492e+02 9.993345425949629046e-01
2.277477477477477237e+02 9.993303206834311947e-01
2.281081081081080981e+02 9.993262044530871746e-01
2.284684684684684726e+02 9.993221953421563830e-01
2.288288288288288186e+02 9.993182947510790282e-01
2.291891891891891646e+02 9.993145040420444714e-01
2.295495495495495106e+02 9.993108245385482480e-01
2.299099099099099135e+02 9.993072575249546396e-01
2.302702702702702311e+02 9.993038042460773429e-01
2.306306306306306055e+02 9.993004659067702411e-01
2.309909909909910084e+02 9.992972436715360507e-01
2.313513513513513260e+02 9.992941386641421841e-01
2.317117117117117289e+02 9.992911519672552645e-01
2.320720720720720465e+02 9.992882846220884074e-01
2.324324324324324209e+02 9.992855376280618263e-01
2.327927927927927669e+02 9.992829119424750939e-01
2.331531531531531698e+02 9.992804084801991671e-01
2.335135135135134874e+02 9.992780281133741838e-01
2.338738738738738618e+02 9.992757716711312410e-01
2.342342342342342079e+02 9.992736399393177260e-01
2.345945945945945823e+02 9.992716336602470717e-01
2.349549549549548999e+02 9.992697535324555069e-01
2.353153153153153028e+02 9.992680002104739057e-01
2.356756756756756772e+02 9.992663743046197311e-01
2.360360360360360232e+02 9.992648763807955303e-01
2.363963963963963977e+02 9.992635069603094111e-01
2.367567567567567153e+02 9.992622665197030685e-01
2.371171171171171181e+02 9.992611554905983517e-01
2.374774774774774642e+02 9.992601742595597081e-01
2.378378378378378386e+02 9.992593231679676169e-01
2.381981981981981562e+02 9.992586025119070126e-01
2.385585585585585306e+02 9.992580125420755799e-01
2.389189189189188767e+02 9.992575534636987111e-01
2.392792792792792795e+02 9.992572254364643358e-01
2.396396396396396256e+02 9.992570285744735159e-01
2.399999999999999716e+02 9.992569629462008107e-01
2.403603603603603460e+02 9.992570285744735159e-01
2.407207207207206920e+02 9.992572254364643358e-01
2.410810810810810949e+02 9.992575534636987111e-01
2.414414414414414125e+02 9.992580125420755799e-01
2.418018018018017870e+02 9.992586025119073456e-01
2.421621621621621330e+02 9.992593231679676169e-01
2.425225225225225074e+02 9.992601742595597081e-01
2.428828828828828250e+02 9.992611554905983517e-01
2.432432432432432279e+02 9.992622665197030685e-01
2.436036036036035739e+02 9.992635069603094111e-01
2.439639639639639483e+02 9.992648763807958634e-01
2.443243243243242659e+02 9.992663743046193980e-01
2.446846846846846404e+02 9.992680002104739057e-01
2.450450450450450433e+02 9.992697535324555069e-01
2.454054054054053893e+02 9.992716336602474048e-01
2.457657657657657637e+02 9.992736399393180591e-01
2.461261261261260813e+02 9.992757716711312410e-01
2.464864864864865126e+02 9.992780281133738507e-01
2.468468468468468018e+02 9.992804084801991671e-01
2.472072072072072046e+02 9.992829119424750939e-01
2.475675675675675507e+02 9.992855376280618263e-01
2.479279279279278967e+02 9.992882846220887405e-01
2.482882882882882427e+02 9.992911519672552645e-01
2.486486486486486456e+02 9.992941386641421841e-01
2.490090090090089916e+02 9.992972436715357176e-01
2.493693693693693660e+02 9.993004659067702411e-01
2.497297297297297121e+02 9.993038042460773429e-01
2.500900900900900581e+02 9.993072575249546396e-01
2.504504504504504609e+02 9.993108245385482480e-01
2.508108108108108070e+02 9.993145040420444714e-01
2.511711711711711814e+02 9.993182947510790282e-01
2.515315315315314990e+02 9.993221953421563830e-01
2.518918918918918735e+02 9.993262044530871746e-01
2.522522522522522195e+02 9.993303206834311947e-01
2.526126126126126223e+02 9.993345425949629046e-01
2.529729729729729399e+02 9.993388687121412817e-01
2.533333333333333144e+02 9.993432975225989834e-01
2.536936936936936888e+02 9.993478274776377290e-01
2.540540540540540349e+02 9.993524569927433321e-01
2.544144144144144377e+02 9.993571844481102806e-01
2.547747747747747553e+02 9.993620081891727569e-01
2.551351351351351298e+02 9.993669265271624136e-01
2.554954954954954758e+02 9.993719377396599324e-01
2.558558558558558502e+02 9.993770400711740054e-01
2.562162162162161962e+02 9.993822317337223149e-01
2.565765765765765991e+02 9.993875109074309426e-01
2.569369369369368883e+02 9.993928757411369990e-01
2.572972972972972912e+02 9.993983243530129013e-01
2.576576576576576372e+02 9.994038548311940939e-01
2.580180180180179832e+02 9.994094652344183149e-01
2.583783783783783861e+02 9.994151535926817376e-01
2.587387387387387321e+02 9.994209179078957783e-01
2.590990990990990781e+02 9.994267561545659984e-01
2.594594594594594241e+02 9.994326662804697836e-01
2.598198198198198270e+02 9.994386462073555633e-01
2.601801801801801162e+02 9.994446938316396967e-01
2.605405405405405190e+02 9.994508070251237886e-01
2.609009009009008651e+02 9.994569836357158898e-01
2.612612612612612679e+02 9.994632214881610244e-01
2.616216216216215571e+02 9.994695183847832620e-01
2.619819819819819600e+02 9.994758721062345641e-01
2.623423423423423060e+02 9.994822804122527327e-01
2.627027027027027088e+02 9.994887410424286855e-01
2.630630630630630549e+02 9.994952517169800599e-01
2.634234234234234009e+02 9.995018101375380271e-01
2.637837837837838038e+02 9.995084139879286678e-01
2.641441441441441498e+02 9.995150609349807702e-01
2.645045045045044958e+02 9.995217486293266340e-01
2.648648648648648418e+02 9.995284747062121999e-01
2.652252252252251878e+02 9.995352367863201692e-01
2.655855855855855339e+02 9.995420324765906805e-01
2.659459459459459367e+02 9.995488593710558645e-01
2.663063063063062827e+02 9.995557150516781730e-01
2.666666666666666288e+02 9.995625970891884871e-01
2.670270270270269748e+02 9.995695030439395445e-01
2.673873873873873777e+02 9.995764304667578148e-01
2.677477477477477805e+02 9.995833768998003688e-01
2.681081081081081265e+02 9.995903398774199644e-01
2.684684684684684726e+02 9.995973169270316872e-01
2.688288288288288186e+02 9.996043055699821434e-01
2.691891891891891646e+02 9.996113033224273137e-01
2.695495495495495106e+02 9.996183076962074088e-01
2.699099099099099135e+02 9.996253161997311620e-01
2.702702702702702595e+02 9.996323263388575686e-01
2.706306306306306055e+02 9.996393356177825096e-01
2.709909909909909516e+02 9.996463415399295949e-01
2.713513513513512976e+02 9.996533416088366764e-01
2.717117117117116436e+02 9.996603333290500215e-01
2.720720720720720465e+02 9.996673142070187090e-01
2.724324324324324493e+02 9.996742817519845836e-01
2.727927927927927954e+02 9.996812334768786501e-01
2.731531531531531414e+02 9.996881668992174674e-01
2.735135135135134874e+02 9.996950795419948799e-01
2.738738738738738903e+02 9.997019689345773008e-01
2.742342342342342363e+02 9.997088326135953329e-01
2.745945945945945823e+02 9.997156681238384968e-01
2.749549549549549283e+02 9.997224730191430764e-01
2.753153153153153312e+02 9.997292448632840722e-01
2.756756756756756204e+02 9.997359812308553861e-01
2.760360360360360232e+02 9.997426797081638838e-01
2.763963963963963693e+02 9.997493378941014752e-01
2.767567567567567153e+02 9.997559534010265203e-01
2.771171171171171181e+02 9.997625238556393512e-01
2.774774774774774642e+02 9.997690468998542412e-01
2.778378378378378670e+02 9.997755201916572743e-01
2.781981981981981562e+02 9.997819414059809784e-01
2.785585585585585591e+02 9.997883082355516482e-01
2.789189189189189051e+02 9.997946183917439944e-01
2.792792792792793080e+02 9.998008696054285771e-01
2.796396396396395971e+02 9.998070596278080258e-01
2.800000000000000000e+02 9.998131862312567009e-01
2.803603603603603460e+02 9.998192472101404826e-01
2.807207207207206920e+02 9.998252403816441092e-01
2.810810810810810381e+02 9.998311635865788638e-01
2.814414414414414409e+02 9.998370146901897071e-01
2.818018018018017870e+02 9.998427915829519730e-01
2.821621621621621330e+02 9.998484921813621806e-01
2.825225225225225358e+02 9.998541144287128590e-01
2.828828828828828250e+02 9.998596562958713685e-01
2.832432432432432279e+02 9.998651157820332980e-01
2.836036036036035739e+02 9.998704909154800813e-01
2.839639639639639768e+02 9.998757797543198489e-01
2.843243243243242659e+02 9.998809803872192870e-01
2.846846846846846688e+02 9.998860909341232839e-01
2.850450450450450148e+02 9.998911095469663612e-01
2.854054054054054177e+02 9.998960344103704490e-01
2.857657657657657069e+02 9.999008637423361101e-01
2.861261261261261097e+02 9.999055957949106732e-01
2.864864864864864558e+02 9.999102288548602502e-01
2.868468468468468018e+02 9.999147612443125555e-01
2.872072072072072046e+02 9.999191913213999472e-01
2.875675675675675507e+02 9.999235174808834836e-01
2.879279279279278967e+02 9.999277381547641008e-01
2.882882882882882427e+02 9.999318518128790245e-01
2.886486486486486456e+02 9.999358569634891891e-01
2.890090090090089348e+02 9.999397521538490041e-01
2.893693693693693376e+02 9.999435359707576909e-01
2.897297297297296836e+02 9.999472070411067337e-01
2.900900900900900865e+02 9.999507640324002411e-01
2.904504504504503757e+02 9.999542056532696455e-01
2.908108108108108354e+02 9.999575306539696395e-01
2.911711711711711814e+02 9.999607378268523528e-01
2.915315315315315274e+02 9.999638260068425266e-01
2.918918918918918735e+02 9.999667940718728332e-01
2.922522522522522195e+02 9.999696409433251887e-01
2.926126126126126223e+02 9.999723655864429794e-01
2.929729729729729684e+02 9.999749670107309640e-01
2.933333333333333144e+02 9.999774442703326383e-01
2.936936936936936604e+02 9.999797964644041581e-01
2.940540540540540064e+02 9.999820227374532911e-01
2.944144144144143524e+02 9.999841222796750362e-01
2.947747747747747553e+02 9.999860943272638192e-01
2.951351351351351013e+02 9.999879381627072572e-01
2.954954954954955042e+02 9.999896531150654910e-01
2.958558558558558502e+02 9.999912385602305331e-01
2.962162162162161962e+02 9.999926939211670751e-01
2.965765765765765991e+02 9.999940186681368637e-01
2.969369369369369451e+02 9.999952123189040920e-01
2.972972972972972912e+02 9.999962744389212510e-01
2.976576576576576372e+02 9.999972046414973281e-01
2.980180180180179832e+02 9.999980025879520174e-01
2.983783783783783292e+02 9.999986679877391760e-01
2.987387387387387321e+02 9.999992005985687271e-01
2.990990990990990781e+02 9.999996002264934791e-01
2.994594594594594241e+02 9.999998667259863971e-01
2.998198198198197701e+02 1.000000000000000000e+00
3.001801801801801162e+02 1.000000000000000000e+00
3.005405405405405759e+02 9.999998667259863971e-01
3.009009009009008651e+02 9.999996002264931461e-01
3.012612612612612679e+02 9.999992005985690602e-01
3.016216216216216139e+02 9.999986679877393980e-01
3.019819819819819600e+02 9.999980025879520174e-01
3.023423423423423060e+02 9.999972046414973281e-01
3.027027027027027088e+02 9.999962744389210290e-01
3.030630630630630549e+02 9.999952123189044251e-01
3.034234234234234009e+02 9.999940186681371967e-01
3.037837837837837469e+02 9.999926939211677412e-01
3.041441441441440929e+02 9.999912385602303111e-01
3.045045045045044958e+02 9.999896531150658241e-01
3.048648648648648418e+02 9.999879381627069241e-01
3.052252252252252447e+02 9.999860943272638192e-01
3.055855855855855339e+02 9.999841222796750362e-01
3.059459459459459367e+02 9.999820227374532911e-01
3.063063063063062827e+02 9.999797964644041581e-01
3.066666666666666856e+02 9.999774442703326383e-01
3.070270270270269748e+02 9.999749670107309640e-01
3.073873873873873777e+02 9.999723655864433125e-01
3.077477477477477237e+02 9.999696409433251887e-01
3.081081081081081265e+02 9.999667940718728332e-01
3.084684684684684157e+02 9.999638260068425266e-01
3.088288288288288186e+02 9.999607378268526858e-01
3.091891891891891646e+02 9.999575306539696395e-01
3.095495495495495106e+02 9.999542056532696455e-01
3.099099099099099135e+02 9.999507640324002411e-01
3.102702702702702595e+02 9.999472070411067337e-01
3.106306306306306055e+02 9.999435359707579130e-01
3.109909909909909516e+02 9.999397521538490041e-01
3.113513513513513544e+02 9.999358569634889671e-01
3.117117117117116436e+02 9.999318518128790245e-01
3.120720720720720465e+02 9.999277381547641008e-01
3.124324324324323925e+02 9.999235174808834836e-01
3.127927927927927954e+02 9.999191913213999472e-01
3.131531531531530845e+02 9.999147612443125555e-01
3.135135135135134874e+02 9.999102288548605832e-01
3.138738738738738903e+02 9.999055957949112283e-01
3.142342342342342363e+02 9.999008637423363322e-01
3.145945945945945823e+02 9.998960344103706710e-01
3.149549549549549283e+02 9.998911095469661392e-01
3.153153153153152743e+02 9.998860909341232839e-01
3.156756756756756204e+02 9.998809803872192870e-01
3.160360360360360232e+02 9.998757797543204040e-01
3.163963963963963693e+02 9.998704909154797482e-01
3.167567567567567153e+02 9.998651157820332980e-01
3.171171171171170613e+02 9.998596562958713685e-01
3.174774774774774642e+02 9.998541144287131921e-01
3.178378378378377533e+02 9.998484921813621806e-01
3.181981981981982130e+02 9.998427915829523061e-01
3.185585585585585591e+02 9.998370146901894850e-01
3.189189189189189051e+02 9.998311635865788638e-01
3.192792792792792511e+02 9.998252403816441092e-01
3.196396396396395971e+02 9.998192472101404826e-01
3.200000000000000000e+02 9.998131862312563678e-01
3.203603603603603460e+02 9.998070596278080258e-01
3.207207207207206920e+02 9.998008696054282440e-01
3.210810810810810381e+02 9.997946183917443275e-01
3.214414414414414409e+02 9.997883082355519813e-01
3.218018018018017870e+02 9.997819414059813115e-01
3.221621621621621330e+02 9.997755201916576073e-01
3.225225225225224790e+02 9.997690468998542412e-01
3.228828828828828250e+02 9.997625238556395733e-01
3.232432432432432847e+02 9.997559534010268534e-01
3.236036036036035739e+02 9.997493378941014752e-01
3.239639639639639768e+02 9.997426797081642169e-01
3.243243243243243228e+02 9.997359812308557192e-01
3.246846846846846688e+02 9.997292448632840722e-01
3.250450450450450148e+02 9.997224730191434094e-01
3.254054054054054177e+02 9.997156681238387188e-01
3.257657657657657637e+02 9.997088326135953329e-01
3.261261261261260529e+02 9.997019689345773008e-01
3.264864864864864558e+02 9.996950795419952129e-01
3.268468468468468018e+02 9.996881668992178005e-01
3.272072072072072046e+02 9.996812334768786501e-01
3.275675675675675507e+02 9.996742817519842506e-01
3.279279279279279535e+02 9.996673142070190421e-01
3.282882882882882427e+02 9.996603333290500215e-01
3.286486486486486456e+02 9.996533416088366764e-01
3.290090090090089916e+02 9.996463415399298169e-01
3.293693693693693376e+02 9.996393356177825096e-01
3.297297297297296836e+02 9.996323263388575686e-01
3.300900900900900865e+02 9.996253161997311620e-01
3.304504504504504325e+02 9.996183076962079639e-01
3.308108108108108354e+02 9.996113033224273137e-01
3.311711711711711246e+02 9.996043055699823654e-01
3.315315315315314706e+02 9.995973169270316872e-01
3.318918918918918735e+02 9.995903398774196313e-01
3.322522522522522195e+02 9.995833768998007018e-01
3.326126126126126223e+02 9.995764304667578148e-01
3.329729729729729684e+02 9.995695030439395445e-01
3.333333333333333144e+02 9.995625970891884871e-01
3.336936936936936604e+02 9.995557150516783951e-01
3.340540540540540633e+02 9.995488593710560865e-01
3.344144144144143524e+02 9.995420324765912357e-01
3.347747747747747553e+02 9.995352367863205023e-01
3.351351351351351013e+02 9.995284747062125330e-01
3.354954954954955042e+02 9.995217486293268561e-01
3.358558558558557934e+02 9.995150609349811033e-01
3.362162162162162531e+02 9.995084139879286678e-01
3.365765765765765423e+02 9.995018101375378050e-01
3.369369369369368883e+02 9.994952517169803929e-01
3.372972972972972912e+02 9.994887410424286855e-01
3.376576576576576372e+02 9.994822804122530657e-01
3.380180180180179832e+02 9.994758721062345641e-01
3.383783783783783861e+02 9.994695183847835951e-01
3.387387387387387321e+02 9.994632214881615795e-01
3.390990990990990213e+02 9.994569836357161119e-01
3.394594594594594241e+02 9.994508070251237886e-01
3.398198198198197701e+02 9.994446938316396967e-01
3.401801801801801730e+02 9.994386462073555633e-01
3.405405405405405190e+02 9.994326662804700057e-01
3.409009009009009219e+02 9.994267561545662204e-01
3.412612612612612111e+02 9.994209179078963334e-01
3.416216216216215571e+02 9.994151535926817376e-01
3.419819819819820168e+02 9.994094652344185370e-01
3.423423423423423060e+02 9.994038548311940939e-01
3.427027027027026520e+02 9.993983243530129013e-01
3.430630630630630549e+02 9.993928757411375541e-01
3.434234234234234009e+02 9.993875109074309426e-01
3.437837837837838038e+02 9.993822317337226480e-01
3.441441441441441498e+02 9.993770400711745605e-01
3.445045045045044390e+02 9.993719377396601544e-01
3.448648648648648418e+02 9.993669265271624136e-01
3.452252252252251878e+02 9.993620081891730900e-01
3.455855855855855339e+02 9.993571844481102806e-01
3.459459459459459367e+02 9.993524569927433321e-01
3.463063063063062827e+02 9.993478274776379511e-01
3.466666666666666856e+02 9.993432975225992054e-01
3.470270270270269748e+02 9.993388687121415037e-01
3.473873873873874345e+02 9.993345425949632377e-01
3.477477477477477237e+02 9.993303206834311947e-01
3.481081081081080697e+02 9.993262044530871746e-01
3.484684684684684726e+02 9.993221953421567161e-01
3.488288288288288186e+02 9.993182947510790282e-01
3.491891891891891078e+02 9.993145040420444714e-01
3.495495495495495675e+02 9.993108245385482480e-01
3.499099099099098567e+02 9.993072575249546396e-01
3.502702702702702027e+02 9.993038042460773429e-01
3.506306306306306055e+02 9.993004659067704631e-01
3.509909909909909516e+02 9.992972436715360507e-01
3.513513513513513544e+02 9.992941386641421841e-01
3.517117117117117004e+02 9.992911519672555976e-01
3.520720720720721033e+02 9.992882846220884074e-01
3.524324324324323925e+02 9.992855376280616042e-01
3.527927927927927385e+02 9.992829119424750939e-01
3.531531531531531414e+02 9.992804084801991671e-01
3.535135135135134874e+02 9.992780281133745168e-01
3.538738738738738334e+02 9.992757716711312410e-01
3.542342342342342363e+02 9.992736399393180591e-01
3.545945945945945255e+02 9.992716336602474048e-01
3.549549549549548715e+02 9.992697535324558400e-01
3.553153153153153312e+02 9.992680002104739057e-01
3.556756756756756204e+02 9.992663743046199532e-01
3.560360360360360232e+02 9.992648763807958634e-01
3.563963963963963693e+02 9.992635069603096332e-01
3.567567567567567721e+02 9.992622665197030685e-01
3.571171171171170613e+02 9.992611554905985738e-01
3.574774774774774642e+02 9.992601742595597081e-01
3.578378378378378102e+02 9.992593231679676169e-01
3.581981981981981562e+02 9.992586025119073456e-01
3.585585585585585022e+02 9.992580125420755799e-01
3.589189189189189051e+02 9.992575534636987111e-01
3.592792792792791943e+02 9.992572254364643358e-01
3.596396396396396540e+02 9.992570285744735159e-01
3.600000000000000000e+02 9.992569629462008107e-01
