Theta (degrees)	Normalized Energy
0.000000000000000000e+00 2.910363945489087256e-16
1.801801801801801606e+00 1.014220235010128819e-04
3.603603603603603212e+00 4.055589868812246716e-04
5.405405405405405261e+00 9.120230687735935695e-04
7.207207207207206423e+00 1.620166204377536086e-03
9.009009009009007585e+00 2.529077437268787820e-03
1.081081081081081052e+01 3.637578994795523553e-03
1.261261261261261168e+01 4.944220849537785643e-03
1.441441441441441285e+01 6.447273429648770447e-03
1.621621621621621401e+01 8.144718012409261562e-03
1.801801801801801517e+01 1.003423416487929723e-02
1.981981981981981633e+01 1.211318336454195524e-02
2.162162162162162105e+01 1.437858761401893289e-02
2.342342342342342221e+01 1.682710141676873813e-02
2.522522522522522337e+01 1.945497484385139836e-02
2.702702702702702453e+01 2.225800450110397566e-02
2.882882882882882569e+01 2.523146785435350856e-02
3.063063063063063041e+01 2.837003435382827454e-02
3.243243243243242802e+01 3.166764374028527979e-02
3.423423423423423628e+01 3.511733719351971955e-02
3.603603603603603034e+01 3.871101955914542370e-02
3.783783783783783861e+01 4.243911898876064070e-02
3.963963963963963266e+01 4.629009087775184245e-02
4.144144144144143382e+01 5.024968057763155860e-02
4.324324324324324209e+01 5.429980441244025569e-02
4.504504504504503615e+01 5.841681413960960606e-02
4.684684684684684441e+01 6.256874737575482404e-02
4.864864864864863847e+01 6.671089191119324024e-02
5.045045045045044674e+01 7.077856303889440426e-02
5.225225225225224079e+01 7.467548526569253720e-02
5.405405405405404906e+01 7.825628019529409785e-02
5.585585585585584312e+01 8.130521945197073663e-02
5.765765765765765138e+01 8.352819212449792696e-02
5.945945945945945965e+01 8.460372871068333467e-02
6.126126126126126081e+01 8.432901779689844224e-02
6.306306306306305487e+01 8.275937151663186053e-02
6.486486486486485603e+01 8.016670226977047620e-02
6.666666666666665719e+01 7.687389650064628543e-02
6.846846846846847257e+01 7.314516386349792509e-02
7.027027027027025952e+01 6.916571082483499722e-02
7.207207207207206068e+01 6.505879077815557299e-02
7.387387387387387605e+01 6.090629146881397504e-02
7.567567567567567721e+01 5.676380160083244891e-02
7.747747747747747837e+01 5.267025357842151229e-02
7.927927927927926532e+01 4.865386554277913167e-02
8.108108108108108070e+01 4.473579820346285790e-02
8.288288288288286765e+01 4.093243663527158099e-02
8.468468468468468302e+01 3.725684257410920991e-02
8.648648648648648418e+01 3.371969897598940669e-02
8.828828828828828534e+01 3.032993769305195736e-02
9.009009009009007229e+01 2.709516518330281828e-02
9.189189189189188767e+01 2.402195676903190469e-02
9.369369369369368883e+01 2.111606359615073036e-02
9.549549549549548999e+01 1.838256050348987050e-02
9.729729729729727694e+01 1.582595317991042014e-02
9.909909909909909231e+01 1.345025680588203022e-02
1.009009009009008935e+02 1.125905441578332021e-02
1.027027027027027088e+02 9.255540633363746467e-03
1.045045045045044816e+02 7.442554717858829334e-03
1.063063063063062970e+02 5.822605701105584841e-03
1.081081081081080981e+02 4.397891603000437903e-03
1.099099099099099135e+02 3.170314160757370121e-03
1.117117117117116862e+02 2.141490117603072479e-03
1.135135135135135016e+02 1.312759836841953303e-03
1.153153153153153028e+02 6.851938031596892112e-04
1.171171171171171039e+02 2.595974212456303660e-04
1.189189189189189193e+02 3.651440616241738890e-05
1.207207207207207063e+02 1.622896904967679015e-05
1.225225225225225216e+02 1.987669273572899048e-04
1.243243243243243228e+02 5.838958046150699577e-04
1.261261261261261097e+02 1.171123925554918774e-03
1.279279279279279251e+02 1.959698453672572335e-03
1.297297297297297121e+02 2.948602255503261597e-03
1.315315315315315274e+02 4.136549404001223749e-03
1.333333333333333144e+02 5.521979046441503197e-03
1.351351351351351298e+02 7.103047252364013721e-03
1.369369369369369451e+02 8.877616313638028375e-03
1.387387387387387321e+02 1.084324077668555319e-02
1.405405405405405190e+02 1.299714922469143857e-02
1.423423423423423344e+02 1.533622046327186815e-02
1.441441441441441214e+02 1.785695224891462041e-02
1.459459459459459367e+02 2.055541996281564504e-02
1.477477477477477521e+02 2.342722156117147542e-02
1.495495495495495391e+02 2.646740354982426296e-02
1.513513513513513544e+02 2.967036035392456653e-02
1.531531531531531414e+02 3.302969582227630735e-02
1.549549549549549567e+02 3.653802995976493384e-02
1.567567567567567437e+02 4.018672503526559553e-02
1.585585585585585306e+02 4.396549076129448869e-02
1.603603603603603460e+02 4.786180443801323764e-02
1.621621621621621614e+02 5.186004200341678971e-02
1.639639639639639768e+02 5.594014778771960739e-02
1.657657657657657353e+02 6.007555337481571694e-02
1.675675675675675507e+02 6.422985454600899091e-02
1.693693693693693660e+02 6.835142214257801385e-02
1.711711711711711530e+02 7.236463717528893169e-02
1.729729729729729684e+02 7.615602526730759492e-02
1.747747747747747837e+02 7.955452480414922090e-02
1.765765765765765707e+02 8.231206160150175699e-02
1.783783783783783861e+02 8.411212651074329028e-02
1.801801801801801446e+02 8.465916355386013392e-02
1.819819819819819600e+02 8.384447850570492244e-02
1.837837837837837753e+02 8.182643461057534373e-02
1.855855855855855623e+02 7.891696391893349150e-02
1.873873873873873777e+02 7.542269400610959740e-02
1.891891891891891930e+02 7.157542043321866998e-02
1.909909909909909800e+02 6.753291767637614740e-02
1.927927927927927954e+02 6.339968356521839821e-02
1.945945945945945539e+02 5.924561843689538088e-02
1.963963963963963693e+02 5.511873660261057406e-02
1.981981981981981846e+02 5.105312549531197674e-02
1.999999999999999716e+02 4.707383416575770807e-02
2.018018018018017870e+02 4.319989497418658120e-02
2.036036036036036023e+02 3.944622328725224530e-02
2.054054054054054177e+02 3.582483699552654194e-02
2.072072072072072046e+02 3.234565659053559306e-02
2.090090090090089632e+02 2.901704127654490192e-02
2.108108108108107785e+02 2.584615541625126869e-02
2.126126126126125939e+02 2.283922363995369992e-02
2.144144144144143809e+02 2.000171143849831246e-02
2.162162162162161962e+02 1.733845495136940307e-02
2.180180180180180116e+02 1.485375551442415579e-02
2.198198198198198270e+02 1.255144937030434719e-02
2.216216216216216139e+02 1.043495961317280132e-02
2.234234234234233725e+02 8.507335250735265433e-03
2.252252252252251878e+02 6.771280804098223950e-03
2.270270270270270032e+02 5.229178873042266210e-03
2.288288288288288186e+02 3.883107409545347513e-03
2.306306306306306055e+02 2.734852963034055569e-03
2.324324324324324209e+02 1.785920820146314229e-03
2.342342342342342079e+02 1.037542715735707485e-03
2.360360360360360232e+02 4.906826110425756846e-04
2.378378378378378386e+02 1.460408992202639014e-04
2.396396396396396256e+02 4.057293873521932600e-06
2.414414414414414125e+02 6.491257283136523239e-05
2.432432432432432279e+02 3.285292797701933791e-04
2.450450450450450433e+02 7.945714246783324233e-04
2.468468468468468018e+02 1.462443165679081251e-03
2.486486486486486456e+02 2.331286394929583949e-03
2.504504504504504609e+02 3.399977085508941715e-03
2.522522522522522195e+02 4.667120179098879253e-03
2.540540540540540349e+02 6.131042699185468813e-03
2.558558558558558502e+02 7.789784652672740624e-03
2.576576576576576372e+02 9.641087122029500661e-03
2.594594594594594241e+02 1.168237673306607612e-02
2.612612612612612679e+02 1.391074538490491043e-02
2.630630630630630549e+02 1.632292371133203107e-02
2.648648648648648418e+02 1.891524615005847273e-02
2.666666666666666288e+02 2.168360464218853367e-02
2.684684684684684726e+02 2.462338673393605834e-02
2.702702702702702595e+02 2.772939199364302804e-02
2.720720720720720465e+02 3.099571784689561169e-02
2.738738738738738903e+02 3.441560160974251048e-02
2.756756756756756204e+02 3.798119872804523595e-02
2.774774774774774642e+02 4.168326641866727106e-02
2.792792792792793080e+02 4.551070430508973030e-02
2.810810810810810381e+02 4.944987442152150997e-02
2.828828828828828250e+02 5.348357358006088080e-02
2.846846846846846688e+02 5.758944644445988109e-02
2.864864864864864558e+02 6.173748171312556238e-02
2.882882882882882427e+02 6.588598565485936920e-02
2.900900900900900865e+02 6.997503039005753545e-02
2.918918918918918735e+02 7.391585977564410492e-02
2.936936936936936604e+02 7.757459658354570742e-02
2.954954954954955042e+02 8.075110435783518226e-02
2.972972972972972912e+02 8.316563845099168850e-02
2.990990990990990781e+02 8.449335570407399965e-02
3.009009009009008651e+02 8.449335570407370821e-02
3.027027027027027088e+02 8.316563845099146646e-02
3.045045045045044958e+02 8.075110435783533491e-02
3.063063063063062827e+02 7.757459658354591558e-02
3.081081081081081265e+02 7.391585977564482657e-02
3.099099099099099135e+02 6.997503039005782688e-02
3.117117117117116436e+02 6.588598565485957737e-02
3.135135135135134874e+02 6.173748171312592320e-02
3.153153153153152743e+02 5.758944644445988109e-02
3.171171171171170613e+02 5.348357358006160939e-02
3.189189189189189051e+02 4.944987442152201651e-02
3.207207207207206920e+02 4.551070430509002174e-02
3.225225225225224790e+02 4.168326641866748616e-02
3.243243243243243228e+02 3.798119872804640168e-02
3.261261261261260529e+02 3.441560160974301702e-02
3.279279279279279535e+02 3.099571784689583026e-02
3.297297297297296836e+02 2.772939199364331600e-02
3.315315315315314706e+02 2.462338673393656835e-02
3.333333333333333144e+02 2.168360464218860653e-02
3.351351351351351013e+02 1.891524615005919785e-02
3.369369369369368883e+02 1.632292371133239536e-02
3.387387387387387321e+02 1.391074538490556442e-02
3.405405405405405190e+02 1.168237673306658439e-02
3.423423423423423060e+02 9.641087122029573520e-03
3.441441441441441498e+02 7.789784652672885473e-03
3.459459459459459367e+02 6.131042699185614529e-03
3.477477477477477237e+02 4.667120179099316403e-03
3.495495495495495675e+02 3.399977085509087431e-03
3.513513513513513544e+02 2.331286394929875383e-03
3.531531531531531414e+02 1.462443165679954468e-03
3.549549549549548715e+02 7.945714246789145315e-04
3.567567567567567721e+02 3.285292797705571832e-04
3.585585585585585022e+02 6.491257283158350939e-05
3.603603603603602892e+02 4.057293874176764454e-06
3.621621621621621330e+02 1.460408992205549283e-04
3.639639639639639199e+02 4.906826110427939345e-04
3.657657657657657069e+02 1.037542715736799060e-03
3.675675675675675507e+02 1.785920820146532370e-03
3.693693693693693376e+02 2.734852963034492285e-03
3.711711711711711246e+02 3.883107409545347513e-03
3.729729729729729684e+02 5.229178873042266210e-03
3.747747747747747553e+02 6.771280804097932517e-03
3.765765765765765423e+02 8.507335250735265433e-03
3.783783783783783861e+02 1.043495961317287418e-02
3.801801801801801730e+02 1.255144937030420148e-02
3.819819819819819600e+02 1.485375551442415579e-02
3.837837837837837469e+02 1.733845495136925735e-02
3.855855855855855907e+02 2.000171143849823960e-02
3.873873873873873777e+02 2.283922363995340848e-02
3.891891891891891078e+02 2.584615541625134155e-02
3.909909909909909516e+02 2.901704127654468335e-02
3.927927927927927385e+02 3.234565659053551673e-02
3.945945945945945255e+02 3.582483699552646561e-02
3.963963963963963693e+02 3.944622328725217592e-02
3.981981981981981562e+02 4.319989497418665059e-02
3.999999999999999432e+02 4.707383416575748603e-02
4.018018018018017870e+02 5.105312549531205307e-02
4.036036036036035739e+02 5.511873660261057406e-02
4.054054054054053609e+02 5.924561843689552659e-02
4.072072072072072046e+02 6.339968356521817616e-02
4.090090090090089916e+02 6.753291767637549514e-02
4.108108108108108354e+02 7.157542043321844794e-02
4.126126126126125655e+02 7.542269400610952801e-02
4.144144144144144093e+02 7.891696391893290863e-02
4.162162162162162531e+02 8.182643461057506618e-02
4.180180180180179264e+02 8.384447850570427019e-02
4.198198198198198270e+02 8.465916355385998127e-02
4.216216216216215571e+02 8.411212651074306823e-02
4.234234234234233440e+02 8.231206160150189577e-02
4.252252252252251878e+02 7.955452480414884620e-02
4.270270270270269748e+02 7.615602526730730348e-02
4.288288288288287617e+02 7.236463717528877904e-02
4.306306306306306055e+02 6.835142214257794446e-02
4.324324324324323925e+02 6.422985454600892152e-02
4.342342342342342363e+02 6.007555337481571694e-02
4.360360360360360232e+02 5.594014778771946167e-02
4.378378378378378102e+02 5.186004200341664400e-02
4.396396396396396540e+02 4.786180443801338336e-02
4.414414414414413841e+02 4.396549076129463440e-02
4.432432432432432279e+02 4.018672503526574125e-02
4.450450450450450148e+02 3.653802995976478812e-02
4.468468468468467449e+02 3.302969582227623796e-02
4.486486486486486456e+02 2.967036035392456653e-02
4.504504504504503757e+02 2.646740354982411725e-02
4.522522522522522763e+02 2.342722156117103827e-02
4.540540540540540064e+02 2.055541996281535361e-02
4.558558558558557934e+02 1.785695224891418673e-02
4.576576576576576372e+02 1.533622046327186815e-02
4.594594594594594241e+02 1.299714922469158429e-02
4.612612612612612111e+02 1.084324077668548034e-02
4.630630630630630549e+02 8.877616313637809800e-03
4.648648648648648418e+02 7.103047252364013721e-03
4.666666666666666856e+02 5.521979046441211764e-03
4.684684684684684157e+02 4.136549404001368599e-03
4.702702702702702027e+02 2.948602255503552597e-03
4.720720720720720465e+02 1.959698453672717618e-03
4.738738738738738334e+02 1.171123925554918774e-03
4.756756756756756772e+02 5.838958046149972077e-04
4.774774774774775210e+02 1.987669273573626548e-04
4.792792792792792511e+02 1.622896904996782390e-05
4.810810810810809812e+02 3.651440616241738890e-05
4.828828828828828250e+02 2.595974212459941700e-04
4.846846846846846120e+02 6.851938031597619612e-04
4.864864864864864558e+02 1.312759836841807803e-03
4.882882882882882427e+02 2.141490117603072479e-03
4.900900900900900865e+02 3.170314160757515404e-03
4.918918918918918166e+02 4.397891603000292186e-03
4.936936936936936036e+02 5.822605701105511983e-03
4.954954954954954474e+02 7.442554717858902193e-03
4.972972972972972912e+02 9.255540633363963307e-03
4.990990990990990781e+02 1.125905441578339307e-02
5.009009009009009219e+02 1.345025680588268595e-02
5.027027027027026520e+02 1.582595317991049300e-02
5.045045045045044390e+02 1.838256050349023479e-02
5.063063063063062827e+02 2.111606359615080322e-02
5.081081081081080697e+02 2.402195676903234184e-02
5.099099099099099135e+02 2.709516518330318258e-02
5.117117117117117004e+02 3.032993769305224879e-02
5.135135135135135442e+02 3.371969897598947608e-02
5.153153153153152743e+02 3.725684257410920991e-02
5.171171171171171181e+02 4.093243663527165732e-02
5.189189189189188482e+02 4.473579820346285790e-02
5.207207207207206920e+02 4.865386554277913167e-02
5.225225225225225358e+02 5.267025357842143596e-02
5.243243243243243796e+02 5.676380160083237258e-02
5.261261261261261097e+02 6.090629146881433587e-02
5.279279279279278398e+02 6.505879077815543421e-02
5.297297297297296836e+02 6.916571082483506661e-02
5.315315315315314137e+02 7.314516386349806387e-02
5.333333333333332575e+02 7.687389650064620217e-02
5.351351351351351013e+02 8.016670226977039293e-02
5.369369369369369451e+02 8.275937151663201319e-02
5.387387387387386752e+02 8.432901779689888633e-02
5.405405405405405190e+02 8.460372871068333467e-02
5.423423423423422491e+02 8.352819212449778818e-02
5.441441441441440929e+02 8.130521945197087541e-02
5.459459459459459367e+02 7.825628019529416723e-02
5.477477477477477805e+02 7.467548526569245393e-02
5.495495495495495106e+02 7.077856303889411282e-02
5.513513513513512407e+02 6.671089191119346229e-02
5.531531531531530845e+02 6.256874737575497669e-02
5.549549549549549283e+02 5.841681413960968239e-02
5.567567567567567721e+02 5.429980441244032507e-02
5.585585585585586159e+02 5.024968057763155860e-02
5.603603603603603460e+02 4.629009087775184245e-02
5.621621621621620761e+02 4.243911898876071703e-02
5.639639639639639199e+02 3.871101955914542370e-02
5.657657657657656500e+02 3.511733719351964322e-02
5.675675675675674938e+02 3.166764374028491202e-02
5.693693693693693376e+02 2.837003435382812883e-02
5.711711711711711814e+02 2.523146785435292569e-02
5.729729729729729115e+02 2.225800450110412138e-02
5.747747747747747553e+02 1.945497484385132550e-02
5.765765765765764854e+02 1.682710141676888385e-02
5.783783783783783292e+02 1.437858761401856859e-02
5.801801801801801730e+02 1.211318336454217381e-02
5.819819819819820168e+02 1.003423416487871610e-02
5.837837837837837469e+02 8.144718012409042987e-03
5.855855855855854770e+02 6.447273429648988155e-03
5.873873873873873208e+02 4.944220849537567068e-03
5.891891891891890509e+02 3.637578994795523553e-03
5.909909909909910084e+02 2.529077437267914820e-03
5.927927927927927385e+02 1.620166204377754444e-03
5.945945945945945823e+02 9.120230687734480696e-04
5.963963963963964261e+02 4.055589868808609218e-04
5.981981981981981562e+02 1.014220235007218414e-04
5.999999999999998863e+02 0.000000000000000000e+00
6.018018018018017301e+02 1.014220235005763279e-04
6.036036036036035739e+02 4.055589868805698677e-04
6.054054054054054177e+02 9.120230687730114614e-04
6.072072072072071478e+02 1.620166204377026728e-03
6.090090090090089916e+02 2.529077437267769103e-03
6.108108108108107217e+02 3.637578994795086836e-03
6.126126126126125655e+02 4.944220849537931360e-03
6.144144144144144093e+02 6.447273429648551872e-03
6.162162162162162531e+02 8.144718012408824412e-03
6.180180180180179832e+02 1.003423416487849752e-02
6.198198198198198270e+02 1.211318336454173666e-02
6.216216216216215571e+02 1.437858761401806032e-02
6.234234234234232872e+02 1.682710141676837384e-02
6.252252252252251310e+02 1.945497484385089182e-02
6.270270270270269748e+02 2.225800450110353851e-02
6.288288288288288186e+02 2.523146785435248854e-02
6.306306306306305487e+02 2.837003435382798311e-02
6.324324324324323925e+02 3.166764374028484264e-02
6.342342342342341226e+02 3.511733719351913668e-02
6.360360360360359664e+02 3.871101955914484777e-02
6.378378378378378102e+02 4.243911898876013417e-02
6.396396396396396540e+02 4.629009087775147469e-02
6.414414414414413841e+02 5.024968057763133655e-02
6.432432432432432279e+02 5.429980441243952710e-02
6.450450450450449580e+02 5.841681413960895380e-02
6.468468468468466881e+02 6.256874737575453260e-02
6.486486486486486456e+02 6.671089191119301820e-02
6.504504504504503757e+02 7.077856303889396017e-02
6.522522522522521058e+02 7.467548526569224576e-02
6.540540540540540633e+02 7.825628019529358437e-02
6.558558558558559071e+02 8.130521945197051459e-02
6.576576576576576372e+02 8.352819212449734410e-02
6.594594594594593673e+02 8.460372871068311262e-02
6.612612612612612111e+02 8.432901779689895572e-02
6.630630630630629412e+02 8.275937151663201319e-02
6.648648648648648987e+02 8.016670226977083702e-02
6.666666666666666288e+02 7.687389650064649360e-02
6.684684684684683589e+02 7.314516386349814714e-02
6.702702702702702027e+02 6.916571082483571886e-02
6.720720720720720465e+02 6.505879077815600320e-02
6.738738738738737766e+02 6.090629146881491873e-02
6.756756756756757341e+02 5.676380160083303178e-02
6.774774774774774642e+02 5.267025357842180372e-02
6.792792792792793080e+02 4.865386554277935371e-02
6.810810810810810381e+02 4.473579820346358649e-02
6.828828828828828819e+02 4.093243663527224019e-02
6.846846846846846120e+02 3.725684257410986217e-02
6.864864864864863421e+02 3.371969897598998955e-02
6.882882882882882996e+02 3.032993769305261308e-02
6.900900900900900297e+02 2.709516518330340115e-02
6.918918918918918735e+02 2.402195676903212326e-02
6.936936936936936036e+02 2.111606359615167752e-02
6.954954954954954474e+02 1.838256050349059909e-02
6.972972972972971775e+02 1.582595317991049300e-02
6.990990990990991349e+02 1.345025680588254023e-02
7.009009009009008651e+02 1.125905441578375736e-02
7.027027027027027088e+02 9.255540633364327599e-03
7.045045045045044390e+02 7.442554717859557051e-03
7.063063063063062827e+02 5.822605701106458274e-03
7.081081081081080129e+02 4.397891603000947044e-03
7.099099099099097430e+02 3.170314160757806404e-03
7.117117117117117004e+02 2.141490117603363479e-03
7.135135135135135442e+02 1.312759836842098803e-03
7.153153153153152743e+02 6.851938031600529611e-04
7.171171171171170045e+02 2.595974212461396699e-04
7.189189189189188482e+02 3.651440616278118617e-05
7.207207207207205784e+02 1.622896904974954689e-05
7.225225225225225358e+02 1.987669273573626548e-04
7.243243243243242659e+02 5.838958046155064575e-04
7.261261261261261097e+02 1.171123925554845915e-03
7.279279279279278398e+02 1.959698453673081476e-03
7.297297297297296836e+02 2.948602255503625456e-03
7.315315315315314137e+02 4.136549404001660032e-03
7.333333333333333712e+02 5.521979046442085197e-03
7.351351351351351013e+02 7.103047252364378013e-03
7.369369369369369451e+02 8.877616313638538384e-03
7.387387387387386752e+02 1.084324077668569891e-02
7.405405405405405190e+02 1.299714922469158429e-02
7.423423423423422491e+02 1.533622046327193927e-02
7.441441441441439792e+02 1.785695224891462041e-02
7.459459459459459367e+02 2.055541996281586362e-02
7.477477477477477805e+02 2.342722156117147542e-02
7.495495495495495106e+02 2.646740354982433582e-02
7.513513513513512407e+02 2.967036035392434795e-02
7.531531531531530845e+02 3.302969582227623796e-02
7.549549549549548146e+02 3.653802995976507956e-02
7.567567567567567721e+02 4.018672503526544981e-02
7.585585585585585022e+02 4.396549076129507155e-02
7.603603603603603460e+02 4.786180443801338336e-02
7.621621621621620761e+02 5.186004200341678971e-02
7.639639639639639199e+02 5.594014778771953800e-02
7.657657657657656500e+02 6.007555337481593899e-02
7.675675675675674938e+02 6.422985454600906030e-02
7.693693693693693376e+02 6.835142214257787507e-02
7.711711711711711814e+02 7.236463717528884843e-02
7.729729729729729115e+02 7.615602526730759492e-02
7.747747747747747553e+02 7.955452480414884620e-02
7.765765765765764854e+02 8.231206160150146556e-02
7.783783783783782155e+02 8.411212651074320701e-02
7.801801801801801730e+02 8.465916355386020331e-02
7.819819819819819031e+02 8.384447850570471428e-02
7.837837837837837469e+02 8.182643461057484413e-02
7.855855855855854770e+02 7.891696391893320006e-02
7.873873873873873208e+02 7.542269400610959740e-02
7.891891891891890509e+02 7.157542043321822589e-02
7.909909909909908947e+02 6.753291767637592535e-02
7.927927927927927385e+02 6.339968356521839821e-02
7.945945945945945823e+02 5.924561843689538088e-02
7.963963963963963124e+02 5.511873660261078917e-02
7.981981981981982699e+02 5.105312549531147021e-02
7.999999999999998863e+02 4.707383416575777746e-02
8.018018018018016164e+02 4.319989497418665059e-02
8.036036036036035739e+02 3.944622328725224530e-02
8.054054054054054177e+02 3.582483699552654194e-02
8.072072072072071478e+02 3.234565659053559306e-02
8.090090090090088779e+02 2.901704127654468335e-02
8.108108108108107217e+02 2.584615541625148727e-02
8.126126126126124518e+02 2.283922363995362706e-02
8.144144144144144093e+02 2.000171143849809388e-02
8.162162162162161394e+02 1.733845495136911163e-02
8.180180180180179832e+02 1.485375551442393895e-02
8.198198198198197133e+02 1.255144937030442005e-02
8.216216216216216708e+02 1.043495961317243703e-02
8.234234234234232872e+02 8.507335250735338292e-03
8.252252252252251310e+02 6.771280804097714809e-03
8.270270270270269748e+02 5.229178873042121360e-03
8.288288288288288186e+02 3.883107409545347513e-03
8.306306306306305487e+02 2.734852963034055569e-03
8.324324324324325062e+02 1.785920820146241371e-03
8.342342342342341226e+02 1.037542715736144202e-03
8.360360360360358527e+02 4.906826110427939345e-04
8.378378378378378102e+02 1.460408992203366513e-04
8.396396396396396540e+02 4.057293873740209602e-06
8.414414414414413841e+02 6.491257283136523239e-05
8.432432432432431142e+02 3.285292797707026831e-04
8.450450450450450717e+02 7.945714246786234232e-04
8.468468468468466881e+02 1.462443165679299609e-03
8.486486486486485319e+02 2.331286394929729666e-03
8.504504504504503757e+02 3.399977085508796432e-03
8.522522522522522195e+02 4.667120179099024969e-03
8.540540540540539496e+02 6.131042699185541671e-03
8.558558558558559071e+02 7.789784652672885473e-03
8.576576576576575235e+02 9.641087122029354944e-03
8.594594594594593673e+02 1.168237673306593040e-02
8.612612612612612111e+02 1.391074538490491043e-02
8.630630630630630549e+02 1.632292371133210393e-02
8.648648648648647850e+02 1.891524615005876070e-02
8.666666666666666288e+02 2.168360464218867939e-02
8.684684684684684726e+02 2.462338673393627692e-02
8.702702702702700890e+02 2.772939199364280946e-02
8.720720720720720465e+02 3.099571784689583026e-02
8.738738738738737766e+02 3.441560160974236476e-02
8.756756756756756204e+02 3.798119872804567310e-02
8.774774774774773505e+02 4.168326641866727106e-02
8.792792792792793080e+02 4.551070430508965398e-02
8.810810810810810381e+02 4.944987442152179447e-02
8.828828828828827682e+02 5.348357358006088080e-02
8.846846846846846120e+02 5.758944644445981170e-02
8.864864864864864558e+02 6.173748171312563177e-02
8.882882882882881859e+02 6.588598565485936920e-02
8.900900900900900297e+02 6.997503039005768810e-02
8.918918918918918735e+02 7.391585977564417431e-02
8.936936936936934899e+02 7.757459658354562415e-02
8.954954954954954474e+02 8.075110435783518226e-02
8.972972972972972912e+02 8.316563845099160523e-02
8.990990990990990213e+02 8.449335570407406903e-02
9.009009009009007514e+02 8.449335570407429108e-02
9.027027027027027088e+02 8.316563845099175789e-02
9.045045045045045526e+02 8.075110435783554308e-02
9.063063063063061691e+02 7.757459658354635967e-02
9.081081081081080129e+02 7.391585977564439636e-02
9.099099099099098567e+02 6.997503039005804892e-02
9.117117117117115868e+02 6.588598565485979941e-02
9.135135135135135442e+02 6.173748171312599953e-02
9.153153153153152743e+02 5.758944644445973537e-02
9.171171171171171181e+02 5.348357358006124856e-02
9.189189189189188482e+02 4.944987442152216223e-02
9.207207207207208057e+02 4.551070430508979969e-02
9.225225225225224222e+02 4.168326641866756249e-02
9.243243243243242659e+02 3.798119872804618657e-02
9.261261261261261097e+02 3.441560160974280191e-02
9.279279279279277262e+02 3.099571784689619455e-02
9.297297297297296836e+02 2.772939199364295518e-02
9.315315315315315274e+02 2.462338673393656835e-02
9.333333333333333712e+02 2.168360464218889797e-02
9.351351351351349876e+02 1.891524615005897927e-02
9.369369369369368314e+02 1.632292371133232251e-02
9.387387387387387889e+02 1.391074538490520186e-02
9.405405405405404053e+02 1.168237673306629296e-02
9.423423423423422491e+02 9.641087122029427803e-03
9.441441441441440929e+02 7.789784652672522049e-03
9.459459459459460504e+02 6.131042699185541671e-03
9.477477477477476668e+02 4.667120179099097828e-03
9.495495495495493969e+02 3.399977085508941715e-03
9.513513513513513544e+02 2.331286394929583949e-03
9.531531531531530845e+02 1.462443165679008610e-03
9.549549549549550420e+02 7.945714246782596734e-04
9.567567567567566584e+02 3.285292797704116290e-04
9.585585585585585022e+02 6.491257283143799591e-05
9.603603603603603460e+02 4.057293873740209602e-06
9.621621621621619624e+02 1.460408992202639014e-04
9.639639639639639199e+02 4.906826110429395428e-04
9.657657657657656500e+02 1.037542715736216844e-03
9.675675675675676075e+02 1.785920820146314229e-03
9.693693693693692239e+02 2.734852963033691711e-03
9.711711711711710677e+02 3.883107409544620230e-03
9.729729729729729115e+02 5.229178873041757068e-03
9.747747747747746416e+02 6.771280804097860526e-03
9.765765765765764854e+02 8.507335250734974000e-03
9.783783783783783292e+02 1.043495961317243703e-02
9.801801801801801730e+02 1.255144937030420148e-02
9.819819819819819031e+02 1.485375551442372037e-02
9.837837837837836332e+02 1.733845495136903878e-02
9.855855855855855907e+02 2.000171143849743816e-02
9.873873873873872071e+02 2.283922363995290195e-02
9.891891891891891646e+02 2.584615541625112298e-02
9.909909909909908947e+02 2.901704127654454110e-02
9.927927927927928522e+02 3.234565659053544734e-02
9.945945945945945823e+02 3.582483699552631989e-02
9.963963963963961987e+02 3.944622328725173876e-02
9.981981981981981562e+02 4.319989497418614405e-02
9.999999999999998863e+02 4.707383416575734031e-02
1.001801801801801844e+03 5.105312549531176164e-02
1.003603603603603460e+03 5.511873660261057406e-02
1.005405405405405304e+03 5.924561843689458290e-02
1.007207207207207148e+03 6.339968356521795412e-02
1.009009009009008878e+03 6.753291767637541188e-02
1.010810810810810722e+03 7.157542043321844794e-02
1.012612612612612565e+03 7.542269400610901453e-02
1.014414414414414409e+03 7.891696391893326945e-02
1.016216216216216139e+03 8.182643461057462209e-02
1.018018018018017870e+03 8.384447850570471428e-02
1.019819819819819827e+03 8.465916355385962044e-02
1.021621621621621443e+03 8.411212651074372049e-02
1.023423423423423401e+03 8.231206160150168760e-02
1.025225225225225131e+03 7.955452480414958172e-02
1.027027027027027088e+03 7.615602526730788635e-02
1.028828828828828819e+03 7.236463717528913986e-02
1.030630630630630549e+03 6.835142214257859672e-02
1.032432432432432279e+03 6.422985454600949051e-02
1.034234234234234236e+03 6.007555337481636920e-02
1.036036036036036194e+03 5.594014778771975310e-02
1.037837837837837696e+03 5.186004200341722686e-02
1.039639639639639654e+03 4.786180443801330703e-02
1.041441441441441384e+03 4.396549076129514788e-02
1.043243243243243114e+03 4.018672503526646289e-02
1.045045045045045072e+03 3.653802995976573181e-02
1.046846846846846802e+03 3.302969582227667511e-02
1.048648648648648759e+03 2.967036035392485796e-02
1.050450450450450262e+03 2.646740354982470012e-02
1.052252252252252219e+03 2.342722156117176685e-02
1.054054054054053950e+03 2.055541996281557218e-02
1.055855855855855680e+03 1.785695224891513042e-02
1.057657657657657637e+03 1.533622046327244928e-02
1.059459459459459367e+03 1.299714922469173001e-02
1.061261261261261325e+03 1.084324077668591749e-02
1.063063063063062827e+03 8.877616313638392667e-03
1.064864864864864785e+03 7.103047252364450871e-03
1.066666666666666515e+03 5.521979046442302905e-03
1.068468468468468473e+03 4.136549404001805749e-03
1.070270270270270203e+03 2.948602255503552597e-03
1.072072072072071933e+03 1.959698453673299617e-03
1.073873873873873890e+03 1.171123925554918774e-03
1.075675675675675620e+03 5.838958046155064575e-04
1.077477477477477350e+03 1.987669273574354048e-04
1.079279279279279308e+03 1.622896904974954689e-05
1.081081081081081038e+03 3.651440616292670643e-05
1.082882882882882996e+03 2.595974212461396699e-04
1.084684684684684498e+03 6.851938031606350692e-04
1.086486486486486456e+03 1.312759836842098803e-03
1.088288288288288186e+03 2.141490117603508762e-03
1.090090090090089916e+03 3.170314160757806404e-03
1.091891891891891873e+03 4.397891603000947044e-03
1.093693693693693604e+03 5.822605701105876275e-03
1.095495495495495561e+03 7.442554717859193626e-03
1.097297297297297064e+03 9.255540633364327599e-03
1.099099099099099021e+03 1.125905441578368450e-02
1.100900900900900751e+03 1.345025680588261309e-02
1.102702702702702481e+03 1.582595317991063871e-02
1.104504504504504439e+03 1.838256050349052623e-02
1.106306306306306169e+03 2.111606359615087608e-02
1.108108108108108127e+03 2.402195676903248756e-02
1.109909909909909857e+03 2.709516518330318258e-02
1.111711711711711814e+03 3.032993769305246737e-02
1.113513513513513544e+03 3.371969897598976751e-02
1.115315315315315274e+03 3.725684257410913358e-02
1.117117117117117232e+03 4.093243663527194875e-02
1.118918918918918735e+03 4.473579820346293423e-02
1.120720720720720692e+03 4.865386554277913167e-02
1.122522522522522422e+03 5.267025357842143596e-02
1.124324324324324152e+03 5.676380160083222687e-02
1.126126126126126110e+03 6.090629146881419015e-02
1.127927927927927840e+03 6.505879077815528155e-02
1.129729729729729797e+03 6.916571082483506661e-02
1.131531531531531300e+03 7.314516386349770305e-02
1.133333333333333258e+03 7.687389650064620217e-02
1.135135135135134988e+03 8.016670226977018476e-02
1.136936936936936718e+03 8.275937151663186053e-02
1.138738738738738675e+03 8.432901779689844224e-02
1.140540540540540405e+03 8.460372871068304323e-02
1.142342342342342363e+03 8.352819212449749675e-02
1.144144144144143866e+03 8.130521945197066724e-02
1.145945945945945823e+03 7.825628019529380641e-02
1.147747747747747781e+03 7.467548526569260658e-02
1.149549549549549511e+03 7.077856303889447365e-02
1.151351351351351468e+03 6.671089191119301820e-02
1.153153153153152971e+03 6.256874737575511547e-02
1.154954954954954928e+03 5.841681413960960606e-02
1.156756756756756658e+03 5.429980441243996425e-02
1.158558558558558616e+03 5.024968057763119084e-02
1.160360360360360346e+03 4.629009087775176612e-02
1.162162162162162076e+03 4.243911898876078642e-02
1.163963963963964034e+03 3.871101955914513226e-02
1.165765765765765536e+03 3.511733719351971955e-02
1.167567567567567494e+03 3.166764374028498835e-02
1.169369369369369224e+03 2.837003435382812883e-02
1.171171171171170954e+03 2.523146785435292569e-02
1.172972972972972912e+03 2.225800450110339279e-02
1.174774774774774642e+03 1.945497484385132550e-02
1.176576576576576599e+03 1.682710141676830098e-02
1.178378378378378102e+03 1.437858761401842288e-02
1.180180180180180059e+03 1.211318336454144523e-02
1.181981981981982017e+03 1.003423416487871610e-02
1.183783783783783520e+03 8.144718012408897270e-03
1.185585585585585477e+03 6.447273429648624730e-03
1.187387387387387207e+03 4.944220849537785643e-03
1.189189189189189165e+03 3.637578994795305411e-03
1.190990990990990895e+03 2.529077437268205820e-03
1.192792792792792852e+03 1.620166204377463228e-03
1.194594594594594582e+03 9.120230687734480696e-04
1.196396396396396312e+03 4.055589868806426176e-04
1.198198198198198270e+03 1.014220235006490914e-04
1.199999999999999773e+03 0.000000000000000000e+00
1.201801801801801730e+03 1.014220235007946049e-04
1.203603603603603460e+03 4.055589868807153676e-04
1.205405405405405418e+03 9.120230687733024613e-04
1.207207207207207148e+03 1.620166204377608728e-03
1.209009009009008878e+03 2.529077437267841962e-03
1.210810810810810835e+03 3.637578994795523553e-03
1.212612612612612338e+03 4.944220849537785643e-03
1.214414414414414296e+03 6.447273429648697589e-03
1.216216216216216026e+03 8.144718012408388996e-03
1.218018018018017983e+03 1.003423416487871610e-02
1.219819819819819713e+03 1.211318336454144523e-02
1.221621621621621443e+03 1.437858761401806032e-02
1.223423423423423401e+03 1.682710141676859242e-02
1.225225225225225131e+03 1.945497484385074610e-02
1.227027027027026861e+03 2.225800450110397566e-02
1.228828828828828819e+03 2.523146785435277997e-02
1.230630630630630549e+03 2.837003435382783739e-02
1.232432432432432506e+03 3.166764374028476631e-02
1.234234234234234009e+03 3.511733719351906036e-02
1.236036036036035966e+03 3.871101955914513226e-02
1.237837837837837696e+03 4.243911898875998845e-02
1.239639639639639654e+03 4.629009087775162040e-02
1.241441441441441384e+03 5.024968057763112145e-02
1.243243243243243114e+03 5.429980441243959649e-02
1.245045045045045072e+03 5.841681413960931463e-02
1.246846846846846574e+03 6.256874737575439382e-02
1.248648648648648532e+03 6.671089191119301820e-02
1.250450450450450262e+03 7.077856303889366874e-02
1.252252252252252219e+03 7.467548526569260658e-02
1.254054054054053950e+03 7.825628019529358437e-02
1.255855855855855680e+03 8.130521945197044520e-02
1.257657657657657637e+03 8.352819212449763553e-02
1.259459459459459367e+03 8.460372871068340406e-02
1.261261261261261097e+03 8.432901779689866428e-02
1.263063063063063055e+03 8.275937151663237401e-02
1.264864864864864785e+03 8.016670226977061497e-02
1.266666666666666515e+03 7.687389650064657687e-02
1.268468468468468245e+03 7.314516386349873001e-02
1.270270270270270203e+03 6.916571082483551069e-02
1.272072072072071933e+03 6.505879077815615585e-02
1.273873873873873890e+03 6.090629146881448158e-02
1.275675675675675620e+03 5.676380160083317750e-02
1.277477477477477350e+03 5.267025357842194944e-02
1.279279279279279308e+03 4.865386554277942310e-02
1.281081081081080811e+03 4.473579820346365588e-02
1.282882882882882768e+03 4.093243663527201814e-02
1.284684684684684498e+03 3.725684257410993849e-02
1.286486486486486456e+03 3.371969897598991323e-02
1.288288288288288186e+03 3.032993769305275880e-02
1.290090090090089916e+03 2.709516518330398402e-02
1.291891891891891873e+03 2.402195676903277899e-02
1.293693693693693376e+03 2.111606359615131323e-02
1.295495495495495334e+03 1.838256050349030765e-02
1.297297297297297291e+03 1.582595317991063871e-02
1.299099099099099021e+03 1.345025680588268595e-02
1.300900900900900751e+03 1.125905441578339307e-02
1.302702702702702481e+03 9.255540633364036165e-03
1.304504504504504212e+03 7.442554717859339343e-03
1.306306306306306169e+03 5.822605701105730558e-03
1.308108108108108127e+03 4.397891603000655611e-03
1.309909909909909857e+03 3.170314160757588262e-03
1.311711711711711814e+03 2.141490117603144904e-03
1.313513513513513317e+03 1.312759836842098803e-03
1.315315315315315274e+03 6.851938031599802111e-04
1.317117117117117232e+03 2.595974212458486701e-04
1.318918918918918735e+03 3.651440616285394968e-05
1.320720720720720692e+03 1.622896904967679015e-05
1.322522522522522422e+03 1.987669273570716278e-04
1.324324324324324380e+03 5.838958046149972077e-04
1.326126126126125882e+03 1.171123925554845915e-03
1.327927927927927840e+03 1.959698453672135618e-03
1.329729729729729797e+03 2.948602255503043022e-03
1.331531531531531527e+03 4.136549404001223749e-03
1.333333333333333258e+03 5.521979046441284622e-03
1.335135135135134988e+03 7.103047252363940862e-03
1.336936936936936718e+03 8.877616313637882658e-03
1.338738738738738448e+03 1.084324077668555319e-02
1.340540540540540405e+03 1.299714922469114714e-02
1.342342342342342363e+03 1.533622046327150386e-02
1.344144144144144093e+03 1.785695224891374958e-02
1.345945945945946050e+03 2.055541996281513503e-02
1.347747747747747553e+03 2.342722156117096541e-02
1.349549549549549511e+03 2.646740354982353438e-02
1.351351351351351468e+03 2.967036035392398366e-02
1.353153153153152971e+03 3.302969582227557876e-02
1.354954954954954928e+03 3.653802995976478812e-02
1.356756756756756658e+03 4.018672503526508205e-02
1.358558558558558616e+03 4.396549076129434297e-02
1.360360360360360119e+03 4.786180443801243967e-02
1.362162162162162076e+03 5.186004200341628317e-02
1.363963963963964034e+03 5.594014778771910085e-02
1.365765765765765764e+03 6.007555337481521041e-02
1.367567567567567494e+03 6.422985454600863009e-02
1.369369369369369224e+03 6.835142214257743098e-02
1.371171171171171181e+03 7.236463717528864026e-02
1.372972972972972684e+03 7.615602526730752553e-02
1.374774774774774642e+03 7.955452480414841598e-02
1.376576576576576599e+03 8.231206160150146556e-02
1.378378378378378329e+03 8.411212651074284619e-02
1.380180180180180059e+03 8.465916355385998127e-02
1.381981981981981789e+03 8.384447850570471428e-02
1.383783783783783747e+03 8.182643461057520495e-02
1.385585585585585250e+03 7.891696391893333884e-02
1.387387387387387207e+03 7.542269400611011088e-02
1.389189189189189165e+03 7.157542043321858671e-02
1.390990990990990895e+03 6.753291767637614740e-02
1.392792792792792852e+03 6.339968356521862025e-02
1.394594594594594355e+03 5.924561843689596374e-02
1.396396396396396312e+03 5.511873660261078917e-02
1.398198198198198270e+03 5.105312549531233757e-02
1.399999999999999773e+03 4.707383416575814522e-02
1.401801801801801730e+03 4.319989497418694202e-02
1.403603603603603460e+03 3.944622328725326532e-02
1.405405405405405418e+03 3.582483699552690276e-02
1.407207207207206920e+03 3.234565659053573877e-02
1.409009009009008878e+03 2.901704127654555765e-02
1.410810810810810835e+03 2.584615541625170584e-02
1.412612612612612565e+03 2.283922363995406421e-02
1.414414414414414296e+03 2.000171143849794816e-02
1.416216216216216026e+03 1.733845495136991308e-02
1.418018018018017983e+03 1.485375551442466580e-02
1.419819819819819486e+03 1.255144937030493006e-02
1.421621621621621443e+03 1.043495961317367389e-02
1.423423423423423401e+03 8.507335250735702584e-03
1.425225225225225131e+03 6.771280804098296809e-03
1.427027027027027088e+03 5.229178873042776218e-03
1.428828828828828591e+03 3.883107409545566088e-03
1.430630630630630549e+03 2.734852963034710427e-03
1.432432432432432506e+03 1.785920820146823370e-03
1.434234234234234009e+03 1.037542715736726202e-03
1.436036036036035966e+03 4.906826110428667929e-04
1.437837837837837696e+03 1.460408992204821784e-04
1.439639639639639654e+03 4.057293874176764454e-06
1.441441441441441157e+03 6.491257283172903643e-05
1.443243243243243114e+03 3.285292797707026831e-04
1.445045045045045072e+03 7.945714246786234232e-04
1.446846846846846802e+03 1.462443165679663251e-03
1.448648648648648532e+03 2.331286394929802525e-03
1.450450450450450262e+03 3.399977085509232715e-03
1.452252252252252219e+03 4.667120179099170686e-03
1.454054054054053722e+03 6.131042699185905963e-03
1.455855855855855680e+03 7.789784652672594907e-03
1.457657657657657637e+03 9.641087122029864953e-03
1.459459459459459367e+03 1.168237673306607612e-02
1.461261261261261325e+03 1.391074538490556442e-02
1.463063063063062827e+03 1.632292371133232251e-02
1.464864864864864785e+03 1.891524615005890642e-02
1.466666666666666742e+03 2.168360464218882511e-02
1.468468468468468245e+03 2.462338673393569405e-02
1.470270270270270203e+03 2.772939199364310089e-02
1.472072072072071933e+03 3.099571784689539311e-02
1.473873873873873890e+03 3.441560160974280191e-02
1.475675675675675393e+03 3.798119872804531227e-02
1.477477477477477350e+03 4.168326641866756249e-02
1.479279279279279308e+03 4.551070430508973030e-02
1.481081081081081038e+03 4.944987442152143364e-02
1.482882882882882768e+03 5.348357358006102652e-02
1.484684684684684498e+03 5.758944644445944394e-02
1.486486486486486456e+03 6.173748171312570809e-02
1.488288288288287958e+03 6.588598565485921654e-02
1.490090090090089916e+03 6.997503039005797953e-02
1.491891891891891873e+03 7.391585977564417431e-02
1.493693693693693604e+03 7.757459658354548537e-02
1.495495495495495561e+03 8.075110435783525165e-02
1.497297297297297064e+03 8.316563845099153585e-02
1.499099099099099021e+03 8.449335570407386087e-02
1.500900900900900751e+03 8.449335570407406903e-02
1.502702702702702481e+03 8.316563845099197994e-02
1.504504504504504439e+03 8.075110435783547369e-02
1.506306306306306169e+03 7.757459658354620702e-02
1.508108108108108127e+03 7.391585977564446575e-02
1.509909909909909629e+03 6.997503039005804892e-02
1.511711711711711587e+03 6.588598565485973002e-02
1.513513513513513544e+03 6.173748171312614524e-02
1.515315315315315274e+03 5.758944644446002681e-02
1.517117117117117004e+03 5.348357358006117224e-02
1.518918918918918735e+03 4.944987442152216223e-02
1.520720720720720692e+03 4.551070430509002174e-02
1.522522522522522195e+03 4.168326641866734045e-02
1.524324324324324152e+03 3.798119872804574942e-02
1.526126126126126110e+03 3.441560160974272559e-02
1.527927927927927840e+03 3.099571784689612169e-02
1.529729729729729797e+03 2.772939199364302804e-02
1.531531531531531300e+03 2.462338673393642263e-02
1.533333333333333258e+03 2.168360464218860653e-02
1.535135135135134988e+03 1.891524615005876070e-02
1.536936936936936718e+03 1.632292371133217679e-02
1.538738738738738675e+03 1.391074538490512900e-02
1.540540540540540405e+03 1.168237673306622010e-02
1.542342342342342363e+03 9.641087122029500661e-03
1.544144144144143866e+03 7.789784652672667765e-03
1.545945945945945823e+03 6.131042699185614529e-03
1.547747747747747781e+03 4.667120179099097828e-03
1.549549549549549511e+03 3.399977085508796432e-03
1.551351351351351241e+03 2.331286394929656808e-03
1.553153153153152971e+03 1.462443165679081251e-03
1.554954954954954928e+03 7.945714246785506732e-04
1.556756756756756431e+03 3.285292797701933791e-04
1.558558558558558389e+03 6.491257283129248242e-05
1.560360360360360346e+03 4.057293873594691883e-06
1.562162162162162076e+03 1.460408992204094013e-04
1.563963963963963806e+03 4.906826110425029346e-04
1.565765765765765536e+03 1.037542715735780344e-03
1.567567567567567494e+03 1.785920820146241371e-03
1.569369369369368997e+03 2.734852963033837427e-03
1.571171171171170954e+03 3.883107409544983655e-03
1.572972972972972912e+03 5.229178873041975643e-03
1.574774774774774642e+03 6.771280804097932517e-03
1.576576576576576599e+03 8.507335250735192575e-03
1.578378378378378102e+03 1.043495961317243703e-02
1.580180180180180059e+03 1.255144937030420148e-02
1.581981981981981789e+03 1.485375551442386609e-02
1.583783783783783520e+03 1.733845495136903878e-02
1.585585585585585477e+03 2.000171143849772959e-02
1.587387387387387207e+03 2.283922363995340848e-02
1.589189189189189165e+03 2.584615541625097726e-02
1.590990990990990667e+03 2.901704127654446824e-02
1.592792792792792625e+03 3.234565659053530162e-02
1.594594594594594582e+03 3.582483699552610479e-02
1.596396396396396540e+03 3.944622328725224530e-02
1.598198198198198043e+03 4.319989497418628976e-02
1.599999999999999773e+03 4.707383416575741664e-02
1.601801801801801730e+03 5.105312549531153959e-02
1.603603603603603233e+03 5.511873660261020630e-02
1.605405405405405190e+03 5.924561843689538088e-02
1.607207207207207148e+03 6.339968356521781534e-02
1.609009009009008878e+03 6.753291767637534249e-02
1.610810810810810835e+03 7.157542043321793446e-02
1.612612612612612338e+03 7.542269400610909780e-02
1.614414414414414296e+03 7.891696391893304741e-02
1.616216216216216026e+03 8.182643461057469148e-02
1.618018018018017756e+03 8.384447850570463101e-02
1.619819819819819713e+03 8.465916355385975922e-02
1.621621621621621443e+03 8.411212651074342905e-02
1.623423423423423401e+03 8.231206160150189577e-02
1.625225225225224904e+03 7.955452480414951233e-02
1.627027027027026861e+03 7.615602526730803901e-02
1.628828828828828819e+03 7.236463717528929251e-02
1.630630630630630776e+03 6.835142214257830529e-02
1.632432432432432279e+03 6.422985454600964317e-02
1.634234234234234009e+03 6.007555337481644553e-02
1.636036036036035966e+03 5.594014778772019025e-02
1.637837837837837469e+03 5.186004200341758769e-02
1.639639639639639427e+03 4.786180443801338336e-02
1.641441441441441384e+03 4.396549076129529360e-02
1.643243243243243342e+03 4.018672503526617146e-02
1.645045045045045072e+03 3.653802995976515589e-02
1.646846846846846574e+03 3.302969582227667511e-02
1.648648648648648532e+03 2.967036035392463938e-02
1.650450450450450262e+03 2.646740354982462726e-02
1.652252252252251992e+03 2.342722156117176685e-02
1.654054054054053950e+03 2.055541996281542647e-02
1.655855855855855680e+03 1.785695224891505756e-02
1.657657657657657637e+03 1.533622046327208499e-02
1.659459459459459140e+03 1.299714922469202144e-02
1.661261261261261097e+03 1.084324077668577177e-02
1.663063063063063055e+03 8.877616313638246950e-03
1.664864864864865012e+03 7.103047252364159438e-03
1.666666666666666515e+03 5.521979046441503197e-03
1.668468468468468245e+03 4.136549404001587174e-03
1.670270270270270203e+03 2.948602255503115881e-03
1.672072072072071705e+03 1.959698453672790476e-03
1.673873873873873663e+03 1.171123925554918774e-03
1.675675675675675620e+03 5.838958046152882076e-04
1.677477477477477578e+03 1.987669273572171278e-04
1.679279279279279308e+03 1.622896904974954689e-05
1.681081081081080811e+03 3.651440616263567268e-05
1.682882882882882768e+03 2.595974212457031159e-04
1.684684684684684498e+03 6.851938031598347112e-04
1.686486486486486228e+03 1.312759836841807803e-03
1.688288288288288186e+03 2.141490117602853904e-03
1.690090090090090143e+03 3.170314160757733979e-03
1.691891891891891873e+03 4.397891603000073611e-03
1.693693693693693376e+03 5.822605701105511983e-03
1.695495495495495334e+03 7.442554717858611626e-03
1.697297297297297064e+03 9.255540633363455033e-03
1.699099099099099021e+03 1.125905441578303051e-02
1.700900900900900751e+03 1.345025680588232166e-02
1.702702702702702709e+03 1.582595317991005585e-02
1.704504504504504439e+03 1.838256050348979764e-02
1.706306306306305942e+03 2.111606359615043893e-02
1.708108108108107899e+03 2.402195676903190469e-02
1.709909909909909857e+03 2.709516518330267257e-02
1.711711711711711814e+03 3.032993769305203022e-02
1.713513513513513544e+03 3.371969897598896954e-02
1.715315315315315047e+03 3.725684257410869643e-02
1.717117117117117004e+03 4.093243663527144222e-02
1.718918918918918735e+03 4.473579820346256647e-02
1.720720720720720465e+03 4.865386554277870146e-02
1.722522522522522422e+03 5.267025357842070737e-02
1.724324324324324380e+03 5.676380160083208115e-02
1.726126126126126110e+03 6.090629146881346156e-02
1.727927927927927612e+03 6.505879077815492073e-02
1.729729729729729570e+03 6.916571082483448374e-02
1.731531531531531300e+03 7.314516386349748100e-02
1.733333333333333258e+03 7.687389650064591073e-02
1.735135135135134988e+03 8.016670226977003211e-02
1.736936936936936945e+03 8.275937151663156910e-02
1.738738738738738675e+03 8.432901779689852551e-02
1.740540540540540178e+03 8.460372871068333467e-02
1.742342342342342135e+03 8.352819212449785757e-02
1.744144144144144093e+03 8.130521945197161093e-02
1.745945945945946050e+03 7.825628019529387580e-02
1.747747747747747553e+03 7.467548526569296741e-02
1.749549549549549511e+03 7.077856303889440426e-02
1.751351351351351241e+03 6.671089191119389250e-02
1.753153153153152971e+03 6.256874737575562895e-02
1.754954954954954701e+03 5.841681413960982810e-02
1.756756756756756658e+03 5.429980441244076222e-02
1.758558558558558616e+03 5.024968057763162799e-02
1.760360360360360346e+03 4.629009087775264042e-02
1.762162162162162076e+03 4.243911898876064070e-02
1.763963963963963806e+03 3.871101955914550002e-02
1.765765765765765536e+03 3.511733719352001099e-02
1.767567567567567266e+03 3.166764374028542550e-02
1.769369369369369224e+03 2.837003435382893027e-02
1.771171171171171181e+03 2.523146785435343570e-02
1.772972972972972912e+03 2.225800450110419423e-02
1.774774774774774414e+03 1.945497484385190837e-02
1.776576576576576372e+03 1.682710141676939386e-02
1.778378378378378102e+03 1.437858761401929718e-02
1.780180180180180059e+03 1.211318336454195524e-02
1.781981981981981789e+03 1.003423416487871610e-02
1.783783783783783747e+03 8.144718012409115845e-03
1.785585585585585477e+03 6.447273429648915297e-03
1.787387387387386980e+03 4.944220849538367643e-03
1.789189189189188937e+03 3.637578994796105553e-03
1.790990990990990895e+03 2.529077437268787820e-03
1.792792792792792852e+03 1.620166204377827086e-03
1.794594594594594582e+03 9.120230687737390695e-04
1.796396396396396312e+03 4.055589868810791716e-04
1.798198198198198043e+03 1.014220235010856455e-04
1.800000000000000000e+03 7.275909863722718140e-17
