Theta (degrees)	Normalized Energy
0.000000000000000000e+00 4.365546500047531481e-16
1.081081081081080919e+00 3.651441102934879107e-05
2.162162162162161838e+00 1.460409186839414244e-04
3.243243243243243423e+00 3.285293235551967257e-04
4.324324324324323676e+00 5.838958824335082828e-04
5.405405405405405261e+00 9.120231903227294518e-04
6.486486486486486847e+00 1.312760011798893515e-03
7.567567567567566655e+00 1.785921058163543853e-03
8.648648648648647352e+00 2.331286705629736621e-03
9.729729729729729826e+00 2.948602648476023567e-03
1.081081081081081052e+01 3.637579479590483372e-03
1.189189189189189122e+01 4.397892189125832650e-03
1.297297297297297369e+01 5.229179569956375097e-03
1.405405405405405439e+01 6.131043516294822950e-03
1.513513513513513331e+01 7.103048199016405613e-03
1.621621621621621401e+01 8.144719097888804618e-03
1.729729729729729470e+01 9.255541866887387337e-03
1.837837837837837540e+01 1.043496100388200017e-02
1.945945945945945965e+01 1.168237829002365460e-02
2.054054054054054035e+01 1.299715095687448488e-02
2.162162162162162105e+01 1.437858953031140481e-02
2.270270270270269819e+01 1.582595528909956986e-02
2.378378378378378244e+01 1.733845726213583543e-02
2.486486486486486314e+01 1.891524867097000087e-02
2.594594594594594739e+01 2.055542270231982410e-02
2.702702702702702453e+01 2.225800746751809348e-02
2.810810810810810878e+01 2.402195997053563348e-02
2.918918918918918592e+01 2.584615886087286707e-02
3.027027027027026662e+01 2.772939568925108025e-02
3.135135135135135087e+01 2.967036430821336918e-02
3.243243243243242802e+01 3.166764796075994398e-02
3.351351351351351582e+01 3.371970346995003392e-02
3.459459459459458941e+01 3.582484177004725129e-02
3.567567567567567721e+01 3.798120378995362839e-02
3.675675675675675080e+01 4.018673039111256284e-02
3.783783783783783861e+01 4.243912464479322744e-02
3.891891891891891930e+01 4.473580416558321782e-02
4.000000000000000000e+01 4.707384043947782787e-02
4.108108108108108070e+01 4.944988101190609525e-02
4.216216216216216139e+01 5.186004891501390379e-02
4.324324324324324209e+01 5.429981164919419484e-02
4.432432432432431568e+01 5.676380916597344173e-02
4.540540540540539638e+01 5.924562633279825685e-02
4.648648648648648418e+01 6.173748994112909783e-02
4.756756756756756488e+01 6.422986310618117312e-02
4.864864864864863847e+01 6.671090080202284056e-02
4.972972972972972627e+01 6.916572004282819930e-02
5.081081081081080697e+01 7.157542997236321369e-02
5.189189189189189477e+01 7.391586962670902705e-02
5.297297297297296836e+01 7.615603541692840539e-02
5.405405405405404906e+01 7.825629062482412912e-02
5.513513513513512976e+01 8.016671295391014640e-02
5.621621621621621756e+01 8.182644551591373994e-02
5.729729729729729115e+01 8.316564953481189737e-02
5.837837837837837185e+01 8.411213772070569306e-02
5.945945945945945965e+01 8.460373998616341207e-02
6.054054054054053324e+01 8.460373998616312063e-02
6.162162162162162815e+01 8.411213772070569306e-02
6.270270270270270174e+01 8.316564953481152267e-02
6.378378378378378244e+01 8.182644551591394810e-02
6.486486486486485603e+01 8.016671295391014640e-02
6.594594594594595094e+01 7.825629062482361564e-02
6.702702702702703164e+01 7.615603541692789191e-02
6.810810810810811233e+01 7.391586962670902705e-02
6.918918918918917882e+01 7.157542997236300553e-02
7.027027027027025952e+01 6.916572004282819930e-02
7.135135135135135442e+01 6.671090080202247974e-02
7.243243243243242091e+01 6.422986310618072903e-02
7.351351351351350161e+01 6.173748994112873700e-02
7.459459459459458230e+01 5.924562633279767399e-02
7.567567567567567721e+01 5.676380916597322662e-02
7.675675675675674370e+01 5.429981164919375769e-02
7.783783783783783861e+01 5.186004891501368869e-02
7.891891891891890509e+01 4.944988101190601892e-02
8.000000000000000000e+01 4.707384043947739072e-02
8.108108108108108070e+01 4.473580416558314149e-02
8.216216216216216139e+01 4.243912464479301233e-02
8.324324324324324209e+01 4.018673039111256284e-02
8.432432432432432279e+01 3.798120378995304552e-02
8.540540540540538927e+01 3.582484177004681414e-02
8.648648648648648418e+01 3.371970346994974249e-02
8.756756756756755067e+01 3.166764796075943744e-02
8.864864864864863137e+01 2.967036430821315060e-02
8.972972972972972627e+01 2.772939568925042800e-02
9.081081081081079276e+01 2.584615886087257564e-02
9.189189189189188767e+01 2.402195997053505061e-02
9.297297297297296836e+01 2.225800746751772918e-02
9.405405405405406327e+01 2.055542270231909552e-02
9.513513513513512976e+01 1.891524867096978230e-02
9.621621621621621046e+01 1.733845726213503399e-02
9.729729729729727694e+01 1.582595528909913271e-02
9.837837837837837185e+01 1.437858953031089480e-02
9.945945945945945255e+01 1.299715095687397487e-02
1.005405405405405475e+02 1.168237829002321919e-02
1.016216216216216139e+02 1.043496100388207302e-02
1.027027027027027088e+02 9.255541866887095903e-03
1.037837837837837895e+02 8.144719097888077769e-03
1.048648648648648560e+02 7.103048199015969330e-03
1.059459459459459367e+02 6.131043516294096100e-03
1.070270270270270032e+02 5.229179569955938814e-03
1.081081081081080981e+02 4.397892189125323509e-03
1.091891891891891788e+02 3.637579479590410513e-03
1.102702702702702595e+02 2.948602648475513992e-03
1.113513513513513402e+02 2.331286705629664197e-03
1.124324324324324351e+02 1.785921058163471211e-03
1.135135135135135016e+02 1.312760011798893515e-03
1.145945945945945823e+02 9.120231903225112019e-04
1.156756756756756630e+02 5.838958824335082828e-04
1.167567567567567437e+02 3.285293235548329216e-04
1.178378378378378386e+02 1.460409186840869514e-04
1.189189189189189193e+02 3.651441102898499380e-05
1.199999999999999858e+02 0.000000000000000000e+00
1.210810810810810665e+02 3.651441102934879107e-05
1.221621621621621330e+02 1.460409186839414244e-04
1.232432432432432563e+02 3.285293235548329216e-04
1.243243243243243228e+02 5.838958824333627829e-04
1.254054054054054035e+02 9.120231903225112019e-04
1.264864864864864700e+02 1.312760011798529657e-03
1.275675675675675649e+02 1.785921058163471211e-03
1.286486486486486456e+02 2.331286705629736621e-03
1.297297297297297121e+02 2.948602648475513992e-03
1.308108108108107785e+02 3.637579479590264796e-03
1.318918918918919019e+02 4.397892189125614075e-03
1.329729729729729684e+02 5.229179569956011672e-03
1.340540540540540633e+02 6.131043516294459525e-03
1.351351351351351298e+02 7.103048199015896472e-03
1.362162162162162247e+02 8.144719097888223486e-03
1.372972972972972912e+02 9.255541866887168762e-03
1.383783783783783576e+02 1.043496100388200017e-02
1.394594594594594525e+02 1.168237829002365460e-02
1.405405405405405190e+02 1.299715095687404773e-02
1.416216216216216139e+02 1.437858953031089480e-02
1.427027027027027088e+02 1.582595528909927843e-02
1.437837837837837753e+02 1.733845726213510685e-02
1.448648648648648418e+02 1.891524867096985515e-02
1.459459459459459367e+02 2.055542270231945981e-02
1.470270270270270032e+02 2.225800746751780204e-02
1.481081081081080981e+02 2.402195997053548776e-02
1.491891891891891646e+02 2.584615886087264849e-02
1.502702702702702879e+02 2.772939568925079229e-02
1.513513513513513544e+02 2.967036430821322346e-02
1.524324324324324209e+02 3.166764796075950683e-02
1.535135135135134874e+02 3.371970346995003392e-02
1.545945945945945823e+02 3.582484177004689047e-02
1.556756756756756772e+02 3.798120378995304552e-02
1.567567567567567437e+02 4.018673039111256284e-02
1.578378378378378102e+02 4.243912464479294294e-02
1.589189189189188767e+02 4.473580416558314149e-02
1.600000000000000000e+02 4.707384043947732133e-02
1.610810810810810665e+02 4.944988101190616464e-02
1.621621621621621614e+02 5.186004891501375808e-02
1.632432432432432279e+02 5.429981164919390341e-02
1.643243243243243228e+02 5.676380916597322662e-02
1.654054054054054177e+02 5.924562633279781970e-02
1.664864864864864842e+02 6.173748994112880639e-02
1.675675675675675507e+02 6.422986310618072903e-02
1.686486486486486456e+02 6.671090080202304873e-02
1.697297297297297121e+02 6.916572004282849073e-02
1.708108108108107785e+02 7.157542997236300553e-02
1.718918918918919019e+02 7.391586962670902705e-02
1.729729729729729684e+02 7.615603541692818335e-02
1.740540540540540349e+02 7.825629062482412912e-02
1.751351351351351013e+02 8.016671295391021579e-02
1.762162162162161962e+02 8.182644551591394810e-02
1.772972972972972627e+02 8.316564953481189737e-02
1.783783783783783861e+02 8.411213772070555428e-02
1.794594594594594525e+02 8.460373998616325941e-02
1.805405405405405190e+02 8.460373998616362023e-02
1.816216216216215855e+02 8.411213772070569306e-02
1.827027027027027088e+02 8.316564953481196676e-02
1.837837837837837753e+02 8.182644551591423954e-02
1.848648648648648702e+02 8.016671295391007701e-02
1.859459459459459367e+02 7.825629062482397647e-02
1.870270270270270316e+02 7.615603541692789191e-02
1.881081081081081265e+02 7.391586962670931849e-02
1.891891891891891930e+02 7.157542997236358839e-02
1.902702702702702595e+02 6.916572004282878217e-02
1.913513513513513544e+02 6.671090080202304873e-02
1.924324324324324209e+02 6.422986310618081229e-02
1.935135135135134874e+02 6.173748994112888272e-02
1.945945945945945539e+02 5.924562633279788909e-02
1.956756756756756488e+02 5.676380916597373316e-02
1.967567567567567437e+02 5.429981164919397280e-02
1.978378378378378102e+02 5.186004891501390379e-02
1.989189189189189051e+02 4.944988101190638669e-02
1.999999999999999716e+02 4.707384043947746705e-02
2.010810810810810949e+02 4.473580416558343292e-02
2.021621621621621614e+02 4.243912464479301233e-02
2.032432432432432279e+02 4.018673039111299305e-02
2.043243243243242944e+02 3.798120378995340635e-02
2.054054054054054177e+02 3.582484177004710557e-02
2.064864864864864842e+02 3.371970346995010331e-02
2.075675675675675791e+02 3.166764796075979826e-02
2.086486486486486456e+02 2.967036430821300835e-02
2.097297297297297121e+02 2.772939568925093454e-02
2.108108108108107785e+02 2.584615886087272135e-02
2.118918918918918735e+02 2.402195997053541490e-02
2.129729729729729399e+02 2.225800746751816633e-02
2.140540540540540064e+02 2.055542270231924123e-02
2.151351351351351298e+02 1.891524867097007373e-02
2.162162162162161962e+02 1.733845726213532543e-02
2.172972972972972627e+02 1.582595528909949700e-02
2.183783783783783576e+02 1.437858953031089480e-02
2.194594594594594525e+02 1.299715095687397487e-02
2.205405405405405190e+02 1.168237829002401890e-02
2.216216216216216139e+02 1.043496100388207302e-02
2.227027027027026804e+02 9.255541866887387337e-03
2.237837837837838038e+02 8.144719097888804618e-03
2.248648648648648702e+02 7.103048199015896472e-03
2.259459459459459367e+02 6.131043516294678100e-03
2.270270270270270032e+02 5.229179569956157389e-03
2.281081081081080981e+02 4.397892189125541217e-03
2.291891891891891646e+02 3.637579479590192372e-03
2.302702702702702311e+02 2.948602648475586851e-03
2.313513513513513260e+02 2.331286705629882338e-03
2.324324324324324209e+02 1.785921058163325711e-03
2.335135135135134874e+02 1.312760011798820656e-03
2.345945945945945823e+02 9.120231903223655935e-04
2.356756756756756772e+02 5.838958824335810328e-04
2.367567567567567153e+02 3.285293235546146717e-04
2.378378378378378386e+02 1.460409186838686744e-04
2.389189189189188767e+02 3.651441102920327081e-05
2.399999999999999716e+02 2.910364333365020823e-16
2.410810810810810949e+02 3.651441102920327081e-05
2.421621621621621330e+02 1.460409186840142014e-04
2.432432432432432279e+02 3.285293235547601717e-04
2.443243243243242659e+02 5.838958824333627829e-04
2.454054054054053893e+02 9.120231903222928435e-04
2.464864864864865126e+02 1.312760011798456798e-03
2.475675675675675507e+02 1.785921058163252853e-03
2.486486486486486456e+02 2.331286705629664197e-03
2.497297297297297121e+02 2.948602648475295851e-03
2.508108108108108070e+02 3.637579479590192372e-03
2.518918918918918735e+02 4.397892189125614075e-03
2.529729729729729399e+02 5.229179569955648248e-03
2.540540540540540349e+02 6.131043516294386667e-03
2.551351351351351298e+02 7.103048199016114179e-03
2.562162162162161962e+02 8.144719097888223486e-03
2.572972972972972912e+02 9.255541866887168762e-03
2.583783783783783861e+02 1.043496100388200017e-02
2.594594594594594241e+02 1.168237829002365460e-02
2.605405405405405190e+02 1.299715095687390201e-02
2.616216216216215571e+02 1.437858953031067623e-02
2.627027027027027088e+02 1.582595528909905985e-02
2.637837837837838038e+02 1.733845726213481542e-02
2.648648648648648418e+02 1.891524867096970944e-02
2.659459459459459367e+02 2.055542270231931409e-02
2.670270270270269748e+02 2.225800746751765632e-02
2.681081081081081265e+02 2.402195997053519633e-02
2.691891891891891646e+02 2.584615886087257564e-02
2.702702702702702595e+02 2.772939568925100740e-02
2.713513513513512976e+02 2.967036430821300835e-02
2.724324324324324493e+02 3.166764796075943744e-02
2.735135135135134874e+02 3.371970346994967310e-02
2.745945945945945823e+02 3.582484177004695985e-02
2.756756756756756204e+02 3.798120378995282348e-02
2.767567567567567153e+02 4.018673039111234080e-02
2.778378378378378670e+02 4.243912464479272090e-02
2.789189189189189051e+02 4.473580416558307210e-02
2.800000000000000000e+02 4.707384043947739072e-02
2.810810810810810381e+02 4.944988101190572749e-02
2.821621621621621330e+02 5.186004891501375808e-02
2.832432432432432279e+02 5.429981164919368136e-02
2.843243243243242659e+02 5.676380916597308091e-02
2.854054054054054177e+02 5.924562633279738255e-02
2.864864864864864558e+02 6.173748994112873700e-02
2.875675675675675507e+02 6.422986310618043759e-02
2.886486486486486456e+02 6.671090080202232708e-02
2.897297297297296836e+02 6.916572004282812991e-02
2.908108108108108354e+02 7.157542997236336635e-02
2.918918918918918735e+02 7.391586962670880501e-02
2.929729729729729684e+02 7.615603541692804457e-02
2.940540540540540064e+02 7.825629062482390708e-02
2.951351351351351013e+02 8.016671295391007701e-02
2.962162162162161962e+02 8.182644551591373994e-02
2.972972972972972912e+02 8.316564953481167533e-02
2.983783783783783292e+02 8.411213772070526284e-02
2.994594594594594241e+02 8.460373998616319002e-02
3.005405405405405759e+02 8.460373998616348146e-02
3.016216216216216139e+02 8.411213772070562367e-02
3.027027027027027088e+02 8.316564953481145328e-02
3.037837837837837469e+02 8.182644551591380933e-02
3.048648648648648418e+02 8.016671295391021579e-02
3.059459459459459367e+02 7.825629062482383769e-02
3.070270270270269748e+02 7.615603541692861356e-02
3.081081081081081265e+02 7.391586962670952665e-02
3.091891891891891646e+02 7.157542997236343574e-02
3.102702702702702595e+02 6.916572004282856012e-02
3.113513513513513544e+02 6.671090080202290995e-02
3.124324324324323925e+02 6.422986310618081229e-02
3.135135135135134874e+02 6.173748994112909783e-02
3.145945945945945823e+02 5.924562633279788909e-02
3.156756756756756204e+02 5.676380916597337234e-02
3.167567567567567153e+02 5.429981164919397280e-02
3.178378378378377533e+02 5.186004891501404951e-02
3.189189189189189051e+02 4.944988101190624097e-02
3.200000000000000000e+02 4.707384043947819563e-02
3.210810810810810381e+02 4.473580416558372436e-02
3.221621621621621330e+02 4.243912464479301233e-02
3.232432432432432847e+02 4.018673039111285428e-02
3.243243243243243228e+02 3.798120378995398921e-02
3.254054054054054177e+02 3.582484177004747333e-02
3.264864864864864558e+02 3.371970346995003392e-02
3.275675675675675507e+02 3.166764796075950683e-02
3.286486486486486456e+02 2.967036430821387918e-02
3.297297297297296836e+02 2.772939568925129883e-02
3.308108108108108354e+02 2.584615886087293993e-02
3.318918918918918735e+02 2.402195997053607063e-02
3.329729729729729684e+02 2.225800746751780204e-02
3.340540540540540633e+02 2.055542270231916838e-02
3.351351351351351013e+02 1.891524867097043802e-02
3.362162162162162531e+02 1.733845726213576258e-02
3.372972972972972912e+02 1.582595528909905985e-02
3.383783783783783861e+02 1.437858953031104052e-02
3.394594594594594241e+02 1.299715095687426630e-02
3.405405405405405190e+02 1.168237829002416461e-02
3.416216216216215571e+02 1.043496100388265589e-02
3.427027027027026520e+02 9.255541866887678770e-03
3.437837837837838038e+02 8.144719097888731760e-03
3.448648648648648418e+02 7.103048199016114179e-03
3.459459459459459367e+02 6.131043516294532383e-03
3.470270270270269748e+02 5.229179569956303106e-03
3.481081081081080697e+02 4.397892189126051225e-03
3.491891891891891078e+02 3.637579479590410513e-03
3.502702702702702027e+02 2.948602648476241709e-03
3.513513513513513544e+02 2.331286705629955196e-03
3.524324324324323925e+02 1.785921058163616711e-03
3.535135135135134874e+02 1.312760011798893515e-03
3.545945945945945255e+02 9.120231903230932016e-04
3.556756756756756204e+02 5.838958824334355329e-04
3.567567567567567721e+02 3.285293235551239757e-04
3.578378378378378102e+02 1.460409186840869514e-04
3.589189189189189051e+02 3.651441102978534507e-05
3.600000000000000000e+02 4.365546500047531481e-16
3.610810810810810381e+02 3.651441102934879107e-05
3.621621621621621330e+02 1.460409186841597014e-04
3.632432432432431710e+02 3.285293235549784216e-04
3.643243243243243228e+02 5.838958824337992827e-04
3.654054054054054177e+02 9.120231903230204516e-04
3.664864864864864558e+02 1.312760011798893515e-03
3.675675675675675507e+02 1.785921058163543853e-03
3.686486486486485887e+02 2.331286705630100480e-03
3.697297297297297405e+02 2.948602648475877851e-03
3.708108108108108354e+02 3.637579479590337655e-03
3.718918918918918735e+02 4.397892189125541217e-03
3.729729729729729684e+02 5.229179569956157389e-03
3.740540540540540633e+02 6.131043516294822950e-03
3.751351351351351013e+02 7.103048199016405613e-03
3.762162162162162531e+02 8.144719097888804618e-03
3.772972972972972912e+02 9.255541866887678770e-03
3.783783783783783861e+02 1.043496100388214588e-02
3.794594594594594241e+02 1.168237829002423747e-02
3.805405405405405190e+02 1.299715095687419344e-02
3.816216216216215571e+02 1.437858953031140481e-02
3.827027027027027088e+02 1.582595528909905985e-02
3.837837837837837469e+02 1.733845726213517971e-02
3.848648648648648418e+02 1.891524867097014659e-02
3.859459459459458799e+02 2.055542270231894980e-02
3.870270270270269748e+02 2.225800746751809348e-02
3.881081081081080697e+02 2.402195997053541490e-02
3.891891891891891078e+02 2.584615886087279421e-02
3.902702702702702595e+02 2.772939568925086168e-02
3.913513513513512976e+02 2.967036430821315060e-02
3.924324324324323925e+02 3.166764796076002031e-02
3.935135135135134874e+02 3.371970346995017964e-02
3.945945945945945255e+02 3.582484177004703618e-02
3.956756756756756204e+02 3.798120378995369778e-02
3.967567567567567721e+02 4.018673039111270856e-02
3.978378378378378102e+02 4.243912464479294294e-02
3.989189189189189051e+02 4.473580416558372436e-02
3.999999999999999432e+02 4.707384043947724500e-02
4.010810810810810381e+02 4.944988101190638669e-02
4.021621621621621898e+02 5.186004891501368869e-02
4.032432432432432279e+02 5.429981164919375769e-02
4.043243243243243228e+02 5.676380916597337234e-02
4.054054054054053609e+02 5.924562633279803481e-02
4.064864864864864558e+02 6.173748994112866068e-02
4.075675675675675507e+02 6.422986310618043759e-02
4.086486486486485887e+02 6.671090080202297934e-02
4.097297297297297405e+02 6.916572004282812991e-02
4.108108108108108354e+02 7.157542997236336635e-02
4.118918918918918735e+02 7.391586962670938787e-02
4.129729729729729684e+02 7.615603541692825273e-02
4.140540540540540064e+02 7.825629062482383769e-02
4.151351351351351582e+02 8.016671295391000762e-02
4.162162162162162531e+02 8.182644551591394810e-02
4.172972972972972912e+02 8.316564953481181410e-02
4.183783783783783861e+02 8.411213772070569306e-02
4.194594594594594241e+02 8.460373998616325941e-02
4.205405405405405190e+02 8.460373998616303737e-02
4.216216216216215571e+02 8.411213772070533223e-02
4.227027027027027088e+02 8.316564953481152267e-02
4.237837837837837469e+02 8.182644551591394810e-02
4.248648648648648418e+02 8.016671295391021579e-02
4.259459459459458799e+02 7.825629062482397647e-02
4.270270270270269748e+02 7.615603541692789191e-02
4.281081081081080129e+02 7.391586962670909644e-02
4.291891891891891646e+02 7.157542997236314430e-02
4.302702702702702595e+02 6.916572004282826869e-02
4.313513513513512976e+02 6.671090080202254913e-02
4.324324324324323925e+02 6.422986310618065964e-02
4.335135135135134306e+02 6.173748994112880639e-02
4.345945945945945255e+02 5.924562633279788909e-02
4.356756756756756772e+02 5.676380916597322662e-02
4.367567567567567153e+02 5.429981164919397280e-02
4.378378378378378102e+02 5.186004891501361236e-02
4.389189189189189051e+02 4.944988101190624097e-02
4.399999999999999432e+02 4.707384043947739072e-02
4.410810810810810381e+02 4.473580416558321782e-02
4.421621621621620761e+02 4.243912464479301233e-02
4.432432432432432279e+02 4.018673039111270856e-02
4.443243243243243228e+02 3.798120378995319124e-02
4.454054054054053609e+02 3.582484177004695985e-02
4.464864864864864558e+02 3.371970346994967310e-02
4.475675675675676075e+02 3.166764796075950683e-02
4.486486486486486456e+02 2.967036430821322346e-02
4.497297297297297405e+02 2.772939568925108025e-02
4.508108108108107785e+02 2.584615886087242992e-02
4.518918918918918735e+02 2.402195997053534204e-02
4.529729729729729684e+02 2.225800746751772918e-02
4.540540540540540064e+02 2.055542270231916838e-02
4.551351351351351582e+02 1.891524867097000087e-02
4.562162162162161962e+02 1.733845726213510685e-02
4.572972972972972912e+02 1.582595528909920557e-02
4.583783783783783292e+02 1.437858953031096766e-02
4.594594594594594241e+02 1.299715095687419344e-02
4.605405405405404622e+02 1.168237829002380032e-02
4.616216216216216139e+02 1.043496100388178333e-02
4.627027027027026520e+02 9.255541866887168762e-03
4.637837837837837469e+02 8.144719097888440326e-03
4.648648648648648418e+02 7.103048199015896472e-03
4.659459459459458799e+02 6.131043516294459525e-03
4.670270270270269748e+02 5.229179569955938814e-03
4.681081081081081265e+02 4.397892189125323509e-03
4.691891891891891646e+02 3.637579479590119513e-03
4.702702702702702027e+02 2.948602648475805426e-03
4.713513513513513544e+02 2.331286705629372763e-03
4.724324324324323925e+02 1.785921058163471211e-03
4.735135135135134306e+02 1.312760011798893515e-03
4.745945945945944686e+02 9.120231903223655935e-04
4.756756756756756772e+02 5.838958824332900329e-04
4.767567567567567153e+02 3.285293235548329216e-04
4.778378378378377533e+02 1.460409186838686744e-04
4.789189189189189051e+02 3.651441102934879107e-05
4.799999999999999432e+02 3.637955416706276152e-16
4.810810810810809812e+02 3.651441102898499380e-05
4.821621621621621898e+02 1.460409186839414244e-04
4.832432432432432279e+02 3.285293235546874217e-04
4.843243243243242659e+02 5.838958824334355329e-04
4.854054054054054177e+02 9.120231903223655935e-04
4.864864864864864558e+02 1.312760011798748015e-03
4.875675675675674938e+02 1.785921058163252853e-03
4.886486486486485319e+02 2.331286705629445621e-03
4.897297297297297405e+02 2.948602648475368709e-03
4.908108108108107785e+02 3.637579479590264796e-03
4.918918918918918166e+02 4.397892189125177792e-03
4.929729729729730252e+02 5.229179569956303106e-03
4.940540540540540633e+02 6.131043516294605242e-03
4.951351351351351013e+02 7.103048199015969330e-03
4.962162162162161962e+02 8.144719097888513185e-03
4.972972972972972912e+02 9.255541866887314478e-03
4.983783783783783292e+02 1.043496100388229160e-02
4.994594594594594241e+02 1.168237829002387318e-02
5.005405405405404622e+02 1.299715095687390201e-02
5.016216216216216139e+02 1.437858953031074909e-02
5.027027027027026520e+02 1.582595528909920557e-02
5.037837837837837469e+02 1.733845726213539828e-02
5.048648648648647850e+02 1.891524867097000087e-02
5.059459459459458799e+02 2.055542270231916838e-02
5.070270270270270316e+02 2.225800746751772918e-02
5.081081081081080697e+02 2.402195997053548776e-02
5.091891891891891646e+02 2.584615886087279421e-02
5.102702702702702595e+02 2.772939568925086168e-02
5.113513513513512976e+02 2.967036430821329632e-02
5.124324324324323925e+02 3.166764796075936111e-02
5.135135135135135442e+02 3.371970346994981882e-02
5.145945945945945823e+02 3.582484177004703618e-02
5.156756756756756204e+02 3.798120378995311491e-02
5.167567567567567721e+02 4.018673039111277795e-02
5.178378378378378102e+02 4.243912464479294294e-02
5.189189189189188482e+02 4.473580416558314149e-02
5.199999999999998863e+02 4.707384043947739072e-02
5.210810810810810381e+02 4.944988101190609525e-02
5.221621621621620761e+02 5.186004891501375808e-02
5.232432432432431142e+02 5.429981164919390341e-02
5.243243243243243796e+02 5.676380916597315029e-02
5.254054054054054177e+02 5.924562633279759766e-02
5.264864864864864558e+02 6.173748994112873700e-02
5.275675675675676075e+02 6.422986310618059025e-02
5.286486486486486456e+02 6.671090080202277117e-02
5.297297297297296836e+02 6.916572004282826869e-02
5.308108108108108354e+02 7.157542997236300553e-02
5.318918918918918735e+02 7.391586962670887440e-02
5.329729729729729115e+02 7.615603541692796130e-02
5.340540540540539496e+02 7.825629062482376830e-02
5.351351351351351013e+02 8.016671295391007701e-02
5.362162162162162531e+02 8.182644551591380933e-02
5.372972972972972912e+02 8.316564953481160594e-02
5.383783783783783292e+02 8.411213772070548489e-02
5.394594594594594810e+02 8.460373998616332880e-02
5.405405405405405190e+02 8.460373998616341207e-02
5.416216216216215571e+02 8.411213772070584571e-02
5.427027027027025952e+02 8.316564953481174471e-02
5.437837837837837469e+02 8.182644551591432280e-02
5.448648648648648987e+02 8.016671295391021579e-02
5.459459459459459367e+02 7.825629062482419851e-02
5.470270270270269748e+02 7.615603541692833600e-02
5.481081081081080129e+02 7.391586962670909644e-02
5.491891891891891646e+02 7.157542997236343574e-02
5.502702702702702027e+02 6.916572004282871278e-02
5.513513513513512407e+02 6.671090080202304873e-02
5.524324324324323925e+02 6.422986310618072903e-02
5.535135135135134306e+02 6.173748994112909783e-02
5.545945945945944686e+02 5.924562633279796542e-02
5.556756756756757341e+02 5.676380916597351806e-02
5.567567567567567721e+02 5.429981164919426423e-02
5.578378378378378102e+02 5.186004891501419523e-02
5.589189189189189619e+02 4.944988101190609525e-02
5.600000000000000000e+02 4.707384043947775848e-02
5.610810810810810381e+02 4.473580416558343292e-02
5.621621621621620761e+02 4.243912464479330376e-02
5.632432432432432279e+02 4.018673039111292367e-02
5.643243243243242659e+02 3.798120378995377411e-02
5.654054054054053040e+02 3.582484177004710557e-02
5.664864864864864558e+02 3.371970346994988821e-02
5.675675675675674938e+02 3.166764796075958316e-02
5.686486486486485319e+02 2.967036430821300835e-02
5.697297297297297973e+02 2.772939568925108025e-02
5.708108108108108354e+02 2.584615886087286707e-02
5.718918918918918735e+02 2.402195997053548776e-02
5.729729729729729115e+02 2.225800746751823919e-02
5.740540540540540633e+02 2.055542270231938695e-02
5.751351351351351013e+02 1.891524867097000087e-02
5.762162162162161394e+02 1.733845726213510685e-02
5.772972972972972912e+02 1.582595528909949700e-02
5.783783783783783292e+02 1.437858953031104052e-02
5.794594594594593673e+02 1.299715095687404773e-02
5.805405405405405190e+02 1.168237829002343603e-02
5.816216216216216708e+02 1.043496100388221874e-02
5.827027027027027088e+02 9.255541866887460195e-03
5.837837837837837469e+02 8.144719097888586043e-03
5.848648648648647850e+02 7.103048199015896472e-03
5.859459459459459367e+02 6.131043516294750959e-03
5.870270270270269748e+02 5.229179569955865955e-03
5.881081081081080129e+02 4.397892189125541217e-03
5.891891891891890509e+02 3.637579479590483372e-03
5.902702702702702027e+02 2.948602648475732568e-03
5.913513513513513544e+02 2.331286705629518480e-03
5.924324324324323925e+02 1.785921058163689569e-03
5.935135135135134306e+02 1.312760011798893515e-03
5.945945945945945823e+02 9.120231903225839518e-04
5.956756756756756204e+02 5.838958824338721411e-04
5.967567567567566584e+02 3.285293235550512257e-04
5.978378378378378102e+02 1.460409186837231474e-04
5.989189189189188482e+02 3.651441102920327081e-05
5.999999999999998863e+02 1.455182166682510411e-16
6.010810810810811518e+02 3.651441102891223706e-05
6.021621621621621898e+02 1.460409186837231474e-04
6.032432432432432279e+02 3.285293235547601717e-04
6.043243243243243796e+02 5.838958824335082828e-04
6.054054054054054177e+02 9.120231903221473436e-04
6.064864864864864558e+02 1.312760011799184515e-03
6.075675675675674938e+02 1.785921058163325711e-03
6.086486486486486456e+02 2.331286705629664197e-03
6.097297297297296836e+02 2.948602648475222993e-03
6.108108108108107217e+02 3.637579479590046655e-03
6.118918918918918735e+02 4.397892189125396367e-03
6.129729729729729115e+02 5.229179569955648248e-03
6.140540540540539496e+02 6.131043516294678100e-03
6.151351351351351013e+02 7.103048199015896472e-03
6.162162162162162531e+02 8.144719097888369203e-03
6.172972972972972912e+02 9.255541866887024779e-03
6.183783783783783292e+02 1.043496100388200017e-02
6.194594594594593673e+02 1.168237829002350889e-02
6.205405405405405190e+02 1.299715095687390201e-02
6.216216216216215571e+02 1.437858953031053051e-02
6.227027027027027088e+02 1.582595528909891414e-02
6.237837837837837469e+02 1.733845726213517971e-02
6.248648648648647850e+02 1.891524867096963658e-02
6.259459459459459367e+02 2.055542270231902266e-02
6.270270270270269748e+02 2.225800746751765632e-02
6.281081081081080129e+02 2.402195997053534204e-02
6.291891891891891646e+02 2.584615886087264849e-02
6.302702702702702027e+02 2.772939568925064657e-02
6.313513513513512407e+02 2.967036430821257120e-02
6.324324324324323925e+02 3.166764796075950683e-02
6.335135135135134306e+02 3.371970346994930534e-02
6.345945945945944686e+02 3.582484177004681414e-02
6.356756756756755067e+02 3.798120378995289981e-02
6.367567567567567721e+02 4.018673039111248652e-02
6.378378378378378102e+02 4.243912464479272090e-02
6.389189189189188482e+02 4.473580416558278067e-02
6.400000000000000000e+02 4.707384043947732133e-02
6.410810810810810381e+02 4.944988101190587321e-02
6.421621621621620761e+02 5.186004891501346664e-02
6.432432432432432279e+02 5.429981164919346626e-02
6.443243243243242659e+02 5.676380916597285886e-02
6.454054054054053040e+02 5.924562633279709112e-02
6.464864864864865694e+02 6.173748994112844557e-02
6.475675675675676075e+02 6.422986310618022943e-02
6.486486486486486456e+02 6.671090080202261852e-02
6.497297297297296836e+02 6.916572004282806052e-02
6.508108108108108354e+02 7.157542997236271409e-02
6.518918918918918735e+02 7.391586962670880501e-02
6.529729729729729115e+02 7.615603541692760048e-02
6.540540540540540633e+02 7.825629062482361564e-02
6.551351351351351013e+02 8.016671295391000762e-02
6.562162162162161394e+02 8.182644551591351789e-02
6.572972972972972912e+02 8.316564953481167533e-02
6.583783783783783292e+02 8.411213772070526284e-02
6.594594594594593673e+02 8.460373998616319002e-02
6.605405405405406327e+02 8.460373998616348146e-02
6.616216216216216708e+02 8.411213772070540162e-02
6.627027027027027088e+02 8.316564953481160594e-02
6.637837837837837469e+02 8.182644551591417015e-02
6.648648648648648987e+02 8.016671295391050722e-02
6.659459459459459367e+02 7.825629062482412912e-02
6.670270270270269748e+02 7.615603541692876621e-02
6.681081081081081265e+02 7.391586962670952665e-02
6.691891891891891646e+02 7.157542997236365778e-02
6.702702702702702027e+02 6.916572004282893482e-02
6.713513513513514681e+02 6.671090080202290995e-02
6.724324324324325062e+02 6.422986310618095107e-02
6.735135135135135442e+02 6.173748994112953498e-02
6.745945945945945823e+02 5.924562633279811114e-02
6.756756756756757341e+02 5.676380916597380255e-02
6.767567567567567721e+02 5.429981164919440995e-02
6.778378378378378102e+02 5.186004891501448666e-02
6.789189189189188482e+02 4.944988101190624097e-02
6.800000000000000000e+02 4.707384043947753643e-02
6.810810810810810381e+02 4.473580416558387007e-02
6.821621621621620761e+02 4.243912464479322744e-02
6.832432432432431142e+02 4.018673039111321510e-02
6.843243243243242659e+02 3.798120378995348267e-02
6.854054054054053040e+02 3.582484177004732762e-02
6.864864864864863421e+02 3.371970346995032536e-02
6.875675675675676075e+02 3.166764796075987459e-02
6.886486486486486456e+02 2.967036430821336918e-02
6.897297297297296836e+02 2.772939568925108025e-02
6.908108108108107217e+02 2.584615886087286707e-02
6.918918918918918735e+02 2.402195997053526919e-02
6.929729729729729115e+02 2.225800746751816633e-02
6.940540540540539496e+02 2.055542270231945981e-02
6.951351351351349876e+02 1.891524867097051088e-02
6.962162162162161394e+02 1.733845726213568972e-02
6.972972972972971775e+02 1.582595528909920557e-02
6.983783783783782155e+02 1.437858953031118624e-02
6.994594594594593673e+02 1.299715095687448488e-02
7.005405405405404053e+02 1.168237829002401890e-02
7.016216216216214434e+02 1.043496100388221874e-02
7.027027027027027088e+02 9.255541866887678770e-03
7.037837837837837469e+02 8.144719097888440326e-03
7.048648648648647850e+02 7.103048199016841896e-03
7.059459459459459367e+02 6.131043516295187241e-03
7.070270270270269748e+02 5.229179569956303106e-03
7.081081081081080129e+02 4.397892189125832650e-03
7.091891891891890509e+02 3.637579479590555796e-03
7.102702702702702027e+02 2.948602648475877851e-03
7.113513513513512407e+02 2.331286705629882338e-03
7.124324324324322788e+02 1.785921058163689569e-03
7.135135135135135442e+02 1.312760011799039015e-03
7.145945945945945823e+02 9.120231903231659516e-04
7.156756756756756204e+02 5.838958824339448911e-04
7.167567567567567721e+02 3.285293235553422256e-04
7.178378378378378102e+02 1.460409186842324784e-04
7.189189189189188482e+02 3.651441102934879107e-05
7.200000000000000000e+02 1.455182166682510411e-16
7.210810810810810381e+02 3.651441102934879107e-05
7.221621621621620761e+02 1.460409186843779784e-04
7.232432432432431142e+02 3.285293235554149756e-04
7.243243243243242659e+02 5.838958824337992827e-04
7.254054054054053040e+02 9.120231903230932016e-04
7.264864864864863421e+02 1.312760011798893515e-03
7.275675675675676075e+02 1.785921058163543853e-03
7.286486486486486456e+02 2.331286705630100480e-03
7.297297297297296836e+02 2.948602648475877851e-03
7.308108108108108354e+02 3.637579479590483372e-03
7.318918918918918735e+02 4.397892189125541217e-03
7.329729729729729115e+02 5.229179569956157389e-03
7.340540540540540633e+02 6.131043516294968666e-03
7.351351351351351013e+02 7.103048199016259896e-03
7.362162162162161394e+02 8.144719097888950335e-03
7.372972972972971775e+02 9.255541866887533053e-03
7.383783783783784429e+02 1.043496100388200017e-02
7.394594594594594810e+02 1.168237829002380032e-02
7.405405405405405190e+02 1.299715095687419344e-02
7.416216216216216708e+02 1.437858953031104052e-02
7.427027027027027088e+02 1.582595528909935129e-02
7.437837837837837469e+02 1.733845726213496113e-02
7.448648648648648987e+02 1.891524867096985515e-02
7.459459459459459367e+02 2.055542270231967839e-02
7.470270270270269748e+02 2.225800746751780204e-02
7.481081081081081265e+02 2.402195997053541490e-02
7.491891891891891646e+02 2.584615886087315850e-02
7.502702702702702027e+02 2.772939568925115311e-02
7.513513513513512407e+02 2.967036430821300835e-02
7.524324324324325062e+02 3.166764796075987459e-02
7.535135135135135442e+02 3.371970346994974249e-02
7.545945945945945823e+02 3.582484177004703618e-02
7.556756756756756204e+02 3.798120378995333696e-02
7.567567567567567721e+02 4.018673039111241713e-02
7.578378378378378102e+02 4.243912464479286661e-02
7.589189189189188482e+02 4.473580416558285006e-02
7.600000000000000000e+02 4.707384043947768215e-02
7.610810810810810381e+02 4.944988101190624097e-02
7.621621621621620761e+02 5.186004891501375808e-02
7.632432432432431142e+02 5.429981164919390341e-02
7.643243243243243796e+02 5.676380916597329601e-02
7.654054054054054177e+02 5.924562633279767399e-02
7.664864864864864558e+02 6.173748994112895211e-02
7.675675675675674938e+02 6.422986310618081229e-02
7.686486486486486456e+02 6.671090080202232708e-02
7.697297297297296836e+02 6.916572004282842134e-02
7.708108108108107217e+02 7.157542997236307492e-02
7.718918918918917598e+02 7.391586962670902705e-02
7.729729729729729115e+02 7.615603541692818335e-02
7.740540540540539496e+02 7.825629062482339360e-02
7.751351351351349876e+02 8.016671295391036844e-02
7.762162162162161394e+02 8.182644551591380933e-02
7.772972972972971775e+02 8.316564953481181410e-02
7.783783783783782155e+02 8.411213772070548489e-02
7.794594594594592536e+02 8.460373998616319002e-02
7.805405405405405190e+02 8.460373998616332880e-02
7.816216216216215571e+02 8.411213772070562367e-02
7.827027027027025952e+02 8.316564953481196676e-02
7.837837837837837469e+02 8.182644551591373994e-02
7.848648648648647850e+02 8.016671295391043783e-02
7.859459459459458230e+02 7.825629062482397647e-02
7.870270270270269748e+02 7.615603541692825273e-02
7.881081081081080129e+02 7.391586962670902705e-02
7.891891891891890509e+02 7.157542997236314430e-02
7.902702702702702027e+02 6.916572004282826869e-02
7.913513513513512407e+02 6.671090080202290995e-02
7.924324324324322788e+02 6.422986310618088168e-02
7.935135135135135442e+02 6.173748994112888272e-02
7.945945945945945823e+02 5.924562633279788909e-02
7.956756756756756204e+02 5.676380916597337234e-02
7.967567567567566584e+02 5.429981164919390341e-02
7.978378378378378102e+02 5.186004891501368869e-02
7.989189189189188482e+02 4.944988101190624097e-02
7.999999999999998863e+02 4.707384043947753643e-02
8.010810810810810381e+02 4.473580416558321782e-02
8.021621621621620761e+02 4.243912464479265151e-02
8.032432432432431142e+02 4.018673039111277795e-02
8.043243243243243796e+02 3.798120378995348267e-02
8.054054054054054177e+02 3.582484177004710557e-02
8.064864864864864558e+02 3.371970346995003392e-02
8.075675675675676075e+02 3.166764796075965255e-02
8.086486486486486456e+02 2.967036430821315060e-02
8.097297297297296836e+02 2.772939568925064657e-02
8.108108108108107217e+02 2.584615886087293993e-02
8.118918918918918735e+02 2.402195997053534204e-02
8.129729729729729115e+02 2.225800746751772918e-02
8.140540540540539496e+02 2.055542270231938695e-02
8.151351351351351013e+02 1.891524867096985515e-02
8.162162162162161394e+02 1.733845726213503399e-02
8.172972972972971775e+02 1.582595528909898699e-02
8.183783783783784429e+02 1.437858953031089480e-02
8.194594594594594810e+02 1.299715095687382915e-02
8.205405405405405190e+02 1.168237829002358175e-02
8.216216216216216708e+02 1.043496100388171047e-02
8.227027027027027088e+02 9.255541866887241620e-03
8.237837837837837469e+02 8.144719097888586043e-03
8.248648648648647850e+02 7.103048199016042188e-03
8.259459459459459367e+02 6.131043516294386667e-03
8.270270270270269748e+02 5.229179569956011672e-03
8.281081081081080129e+02 4.397892189125978367e-03
8.291891891891892783e+02 3.637579479590483372e-03
8.302702702702703164e+02 2.948602648475441568e-03
8.313513513513513544e+02 2.331286705629664197e-03
8.324324324324325062e+02 1.785921058163252853e-03
8.335135135135135442e+02 1.312760011798820656e-03
8.345945945945945823e+02 9.120231903225839518e-04
8.356756756756756204e+02 5.838958824330717830e-04
8.367567567567567721e+02 3.285293235549056716e-04
8.378378378378378102e+02 1.460409186839414244e-04
8.389189189189188482e+02 3.651441102934879107e-05
8.399999999999998863e+02 5.093137583388786317e-16
8.410810810810810381e+02 3.651441102898499380e-05
8.421621621621620761e+02 1.460409186838686744e-04
8.432432432432431142e+02 3.285293235552694756e-04
8.443243243243241523e+02 5.838958824334355329e-04
8.454054054054054177e+02 9.120231903228022017e-04
8.464864864864864558e+02 1.312760011798602515e-03
8.475675675675674938e+02 1.785921058163471211e-03
8.486486486486485319e+02 2.331286705629809480e-03
8.497297297297296836e+02 2.948602648475513992e-03
8.508108108108107217e+02 3.637579479590337655e-03
8.518918918918917598e+02 4.397892189125104934e-03
8.529729729729727978e+02 5.229179569956011672e-03
8.540540540540539496e+02 6.131043516294459525e-03
8.551351351351349876e+02 7.103048199015896472e-03
8.562162162162160257e+02 8.144719097888296344e-03
8.572972972972972912e+02 9.255541866887168762e-03
8.583783783783783292e+02 1.043496100388192731e-02
8.594594594594593673e+02 1.168237829002350889e-02
8.605405405405405190e+02 1.299715095687419344e-02
8.616216216216215571e+02 1.437858953031074909e-02
8.627027027027025952e+02 1.582595528909905985e-02
8.637837837837837469e+02 1.733845726213517971e-02
8.648648648648647850e+02 1.891524867097000087e-02
8.659459459459458230e+02 2.055542270231931409e-02
8.670270270270268611e+02 2.225800746751772918e-02
8.681081081081080129e+02 2.402195997053570634e-02
8.691891891891890509e+02 2.584615886087257564e-02
8.702702702702700890e+02 2.772939568925079229e-02
8.713513513513513544e+02 2.967036430821300835e-02
8.724324324324323925e+02 3.166764796075950683e-02
8.735135135135134306e+02 3.371970346994967310e-02
8.745945945945945823e+02 3.582484177004695985e-02
8.756756756756756204e+02 3.798120378995326063e-02
8.767567567567566584e+02 4.018673039111248652e-02
8.778378378378378102e+02 4.243912464479308866e-02
8.789189189189188482e+02 4.473580416558328721e-02
8.799999999999998863e+02 4.707384043947732133e-02
8.810810810810810381e+02 4.944988101190601892e-02
8.821621621621620761e+02 5.186004891501368869e-02
8.832432432432431142e+02 5.429981164919382708e-02
8.843243243243241523e+02 5.676380916597285886e-02
8.854054054054054177e+02 5.924562633279788909e-02
8.864864864864864558e+02 6.173748994112880639e-02
8.875675675675674938e+02 6.422986310618059025e-02
8.886486486486486456e+02 6.671090080202268791e-02
8.897297297297296836e+02 6.916572004282812991e-02
8.908108108108107217e+02 7.157542997236285287e-02
8.918918918918918735e+02 7.391586962670887440e-02
8.929729729729729115e+02 7.615603541692796130e-02
8.940540540540539496e+02 7.825629062482376830e-02
8.951351351351352150e+02 8.016671295391007701e-02
8.962162162162162531e+02 8.182644551591387871e-02
8.972972972972972912e+02 8.316564953481160594e-02
8.983783783783783292e+02 8.411213772070548489e-02
8.994594594594594810e+02 8.460373998616325941e-02
9.005405405405405190e+02 8.460373998616355085e-02
9.016216216216215571e+02 8.411213772070584571e-02
9.027027027027027088e+02 8.316564953481174471e-02
9.037837837837837469e+02 8.182644551591432280e-02
9.048648648648647850e+02 8.016671295391059049e-02
9.059459459459459367e+02 7.825629062482397647e-02
9.070270270270269748e+02 7.615603541692840539e-02
9.081081081081080129e+02 7.391586962670909644e-02
9.091891891891892783e+02 7.157542997236321369e-02
9.102702702702703164e+02 6.916572004282849073e-02
9.113513513513513544e+02 6.671090080202297934e-02
9.124324324324323925e+02 6.422986310618131189e-02
9.135135135135135442e+02 6.173748994112917415e-02
9.145945945945945823e+02 5.924562633279803481e-02
9.156756756756756204e+02 5.676380916597394827e-02
9.167567567567566584e+02 5.429981164919382708e-02
9.178378378378376965e+02 5.186004891501434094e-02
9.189189189189188482e+02 4.944988101190638669e-02
9.199999999999998863e+02 4.707384043947775848e-02
9.210810810810809244e+02 4.473580416558372436e-02
9.221621621621621898e+02 4.243912464479337315e-02
9.232432432432432279e+02 4.018673039111285428e-02
9.243243243243242659e+02 3.798120378995377411e-02
9.254054054054053040e+02 3.582484177004703618e-02
9.264864864864864558e+02 3.371970346995010331e-02
9.275675675675674938e+02 3.166764796075979826e-02
9.286486486486485319e+02 2.967036430821315060e-02
9.297297297297296836e+02 2.772939568925093454e-02
9.308108108108107217e+02 2.584615886087301279e-02
9.318918918918917598e+02 2.402195997053570634e-02
9.329729729729729115e+02 2.225800746751816633e-02
9.340540540540539496e+02 2.055542270231953267e-02
9.351351351351349876e+02 1.891524867097021945e-02
9.362162162162162531e+02 1.733845726213539828e-02
9.372972972972970638e+02 1.582595528909964272e-02
9.383783783783783292e+02 1.437858953031104052e-02
9.394594594594594810e+02 1.299715095687419344e-02
9.405405405405404053e+02 1.168237829002387318e-02
9.416216216216215571e+02 1.043496100388214588e-02
9.427027027027027088e+02 9.255541866887387337e-03
9.437837837837836332e+02 8.144719097888731760e-03
9.448648648648647850e+02 7.103048199016187038e-03
9.459459459459460504e+02 6.131043516294459525e-03
9.470270270270268611e+02 5.229179569956157389e-03
9.481081081081081265e+02 4.397892189125468358e-03
9.491891891891889372e+02 3.637579479590337655e-03
9.502702702702702027e+02 2.948602648475805426e-03
9.513513513513513544e+02 2.331286705629664197e-03
9.524324324324322788e+02 1.785921058163325711e-03
9.535135135135134306e+02 1.312760011798893515e-03
9.545945945945945823e+02 9.120231903227294518e-04
9.556756756756755067e+02 5.838958824335810328e-04
9.567567567567566584e+02 3.285293235549784216e-04
9.578378378378378102e+02 1.460409186838686744e-04
9.589189189189187346e+02 3.651441102905775055e-05
9.599999999999998863e+02 7.275910833412552057e-17
9.610810810810811518e+02 3.651441102891223706e-05
9.621621621621619624e+02 1.460409186838686744e-04
9.632432432432432279e+02 3.285293235546146717e-04
9.643243243243243796e+02 5.838958824335810328e-04
9.654054054054053040e+02 9.120231903227294518e-04
9.664864864864864558e+02 1.312760011798893515e-03
9.675675675675676075e+02 1.785921058163325711e-03
9.686486486486485319e+02 2.331286705629518480e-03
9.697297297297296836e+02 2.948602648475295851e-03
9.708108108108108354e+02 3.637579479590192372e-03
9.718918918918917598e+02 4.397892189125396367e-03
9.729729729729729115e+02 5.229179569955648248e-03
9.740540540540541770e+02 6.131043516294532383e-03
9.751351351351349876e+02 7.103048199015823613e-03
9.762162162162162531e+02 8.144719097888440326e-03
9.772972972972970638e+02 9.255541866886879063e-03
9.783783783783783292e+02 1.043496100388171047e-02
9.794594594594594810e+02 1.168237829002343603e-02
9.805405405405404053e+02 1.299715095687353772e-02
9.816216216216215571e+02 1.437858953031067623e-02
9.827027027027027088e+02 1.582595528909891414e-02
9.837837837837836332e+02 1.733845726213496113e-02
9.848648648648647850e+02 1.891524867096941800e-02
9.859459459459460504e+02 2.055542270231887694e-02
9.870270270270268611e+02 2.225800746751736489e-02
9.881081081081081265e+02 2.402195997053512347e-02
9.891891891891891646e+02 2.584615886087257564e-02
9.902702702702702027e+02 2.772939568925028228e-02
9.913513513513513544e+02 2.967036430821286264e-02
9.924324324324323925e+02 3.166764796075936111e-02
9.935135135135134306e+02 3.371970346994974249e-02
9.945945945945945823e+02 3.582484177004689047e-02
9.956756756756756204e+02 3.798120378995304552e-02
9.967567567567566584e+02 4.018673039111204937e-02
9.978378378378376965e+02 4.243912464479272090e-02
9.989189189189188482e+02 4.473580416558299577e-02
9.999999999999998863e+02 4.707384043947709928e-02
1.001081081081080924e+03 4.944988101190580382e-02
1.002162162162162190e+03 5.186004891501368869e-02
1.003243243243243228e+03 5.429981164919338993e-02
1.004324324324324266e+03 5.676380916597300458e-02
1.005405405405405304e+03 5.924562633279709112e-02
1.006486486486486456e+03 6.173748994112844557e-02
1.007567567567567494e+03 6.422986310618022943e-02
1.008648648648648532e+03 6.671090080202232708e-02
1.009729729729729570e+03 6.916572004282799113e-02
1.010810810810810722e+03 7.157542997236336635e-02
1.011891891891891760e+03 7.391586962670815275e-02
1.012972972972972798e+03 7.615603541692775313e-02
1.014054054054054063e+03 7.825629062482390708e-02
1.015135135135135101e+03 8.016671295390971619e-02
1.016216216216216139e+03 8.182644551591351789e-02
1.017297297297297291e+03 8.316564953481160594e-02
1.018378378378378329e+03 8.411213772070526284e-02
1.019459459459459367e+03 8.460373998616355085e-02
1.020540540540540519e+03 8.460373998616348146e-02
1.021621621621621443e+03 8.411213772070598449e-02
1.022702702702702595e+03 8.316564953481189737e-02
1.023783783783783747e+03 8.182644551591423954e-02
1.024864864864864785e+03 8.016671295391050722e-02
1.025945945945945823e+03 7.825629062482419851e-02
1.027027027027027088e+03 7.615603541692847478e-02
1.028108108108107899e+03 7.391586962670945726e-02
1.029189189189189165e+03 7.157542997236358839e-02
1.030270270270270203e+03 6.916572004282849073e-02
1.031351351351351241e+03 6.671090080202349282e-02
1.032432432432432279e+03 6.422986310618124250e-02
1.033513513513513544e+03 6.173748994112924354e-02
1.034594594594594355e+03 5.924562633279796542e-02
1.035675675675675620e+03 5.676380916597351806e-02
1.036756756756756431e+03 5.429981164919492342e-02
1.037837837837837696e+03 5.186004891501419523e-02
1.038918918918918962e+03 4.944988101190653240e-02
1.039999999999999773e+03 4.707384043947826502e-02
1.041081081081081038e+03 4.473580416558372436e-02
1.042162162162162076e+03 4.243912464479308866e-02
1.043243243243243114e+03 4.018673039111343021e-02
1.044324324324324152e+03 3.798120378995398921e-02
1.045405405405405418e+03 3.582484177004739700e-02
1.046486486486486228e+03 3.371970346995061679e-02
1.047567567567567494e+03 3.166764796075972888e-02
1.048648648648648759e+03 2.967036430821351489e-02
1.049729729729729570e+03 2.772939568925210027e-02
1.050810810810810835e+03 2.584615886087344994e-02
1.051891891891891873e+03 2.402195997053534204e-02
1.052972972972972912e+03 2.225800746751853063e-02
1.054054054054053950e+03 2.055542270231938695e-02
1.055135135135135215e+03 1.891524867097000087e-02
1.056216216216216026e+03 1.733845726213568972e-02
1.057297297297297291e+03 1.582595528909935129e-02
1.058378378378378557e+03 1.437858953031118624e-02
1.059459459459459367e+03 1.299715095687433916e-02
1.060540540540540633e+03 1.168237829002416461e-02
1.061621621621621671e+03 1.043496100388265589e-02
1.062702702702702709e+03 9.255541866887678770e-03
1.063783783783783747e+03 8.144719097888440326e-03
1.064864864864864785e+03 7.103048199016332755e-03
1.065945945945945823e+03 6.131043516295187241e-03
1.067027027027027088e+03 5.229179569956666530e-03
1.068108108108107899e+03 4.397892189126196075e-03
1.069189189189189165e+03 3.637579479590847230e-03
1.070270270270270203e+03 2.948602648475805426e-03
1.071351351351351241e+03 2.331286705630173338e-03
1.072432432432432506e+03 1.785921058163689569e-03
1.073513513513513544e+03 1.312760011799257156e-03
1.074594594594594582e+03 9.120231903228022017e-04
1.075675675675675620e+03 5.838958824337992827e-04
1.076756756756756658e+03 3.285293235557787796e-04
1.077837837837837696e+03 1.460409186843052284e-04
1.078918918918918962e+03 3.651441102963982481e-05
1.080000000000000000e+03 4.365546500047531481e-16
