Theta (degrees)	Normalized Energy
0.000000000000000000e+00 2.926924572382635370e-01
1.081081081081080919e+00 2.924472093643739057e-01
2.162162162162161838e+00 2.917239105304119673e-01
3.243243243243243423e+00 2.905567923667067842e-01
4.324324324324323676e+00 2.889942168851792337e-01
5.405405405405405261e+00 2.870900075447603284e-01
6.486486486486486847e+00 2.848966344922161387e-01
7.567567567567566655e+00 2.824612460546799819e-01
8.648648648648647352e+00 2.798241274709110660e-01
9.729729729729729826e+00 2.770186925455419003e-01
1.081081081081081052e+01 2.740722255989058720e-01
1.189189189189189122e+01 2.710068718431491441e-01
1.297297297297297369e+01 2.678406147860343256e-01
1.405405405405405439e+01 2.645881315170894865e-01
1.513513513513513331e+01 2.612614974278984481e-01
1.621621621621621401e+01 2.578707484679531592e-01
1.729729729729729470e+01 2.544243221837912405e-01
1.837837837837837540e+01 2.509294009446815799e-01
1.945945945945945965e+01 2.473921784582300276e-01
2.054054054054054035e+01 2.438180670485675661e-01
2.162162162162162105e+01 2.402118595542343804e-01
2.270270270270269819e+01 2.365778565903334241e-01
2.378378378378378244e+01 2.329199674153309141e-01
2.486486486486486314e+01 2.292417907001244870e-01
2.594594594594594739e+01 2.255466800217600931e-01
2.702702702702702453e+01 2.218377977997480210e-01
2.810810810810810878e+01 2.181181605758952258e-01
2.918918918918918592e+01 2.143906779427881826e-01
3.027027027027026662e+01 2.106581870016902558e-01
3.135135135135135087e+01 2.069234839418085670e-01
3.243243243243242802e+01 2.031893541555342686e-01
3.351351351351351582e+01 1.994586022240159573e-01
3.459459459459458941e+01 1.957340831187908692e-01
3.567567567567567721e+01 1.920187360712221347e-01
3.675675675675675080e+01 1.883156227743625621e-01
3.783783783783783861e+01 1.846279719247456708e-01
3.891891891891891930e+01 1.809592326215781199e-01
4.000000000000000000e+01 1.773131398736384756e-01
4.108108108108108070e+01 1.736937965011567386e-01
4.216216216216216139e+01 1.701057771774360516e-01
4.324324324324324209e+01 1.665542623964555158e-01
4.432432432432431568e+01 1.630452130023294643e-01
4.540540540540539638e+01 1.595855998683301247e-01
4.648648648648648418e+01 1.561837087203930829e-01
4.756756756756756488e+01 1.528495473034180985e-01
4.864864864864863847e+01 1.495953911853517004e-01
4.972972972972972627e+01 1.464365147204721718e-01
5.081081081081080697e+01 1.433921619366001210e-01
5.189189189189189477e+01 1.404868096035836733e-01
5.297297297297296836e+01 1.377517404549571389e-01
5.405405405405404906e+01 1.352268342850739546e-01
5.513513513513512976e+01 1.329622208923727789e-01
5.621621621621621756e+01 1.310189294989432818e-01
5.729729729729729115e+01 1.294669363728809530e-01
5.837837837837837185e+01 1.283785317078800225e-01
5.945945945945945965e+01 1.278159540926253890e-01
6.054054054054053324e+01 1.278159540926254445e-01
6.162162162162162815e+01 1.283785317078800225e-01
6.270270270270270174e+01 1.294669363728808698e-01
6.378378378378378244e+01 1.310189294989434206e-01
6.486486486486485603e+01 1.329622208923729176e-01
6.594594594594595094e+01 1.352268342850741767e-01
6.702702702702703164e+01 1.377517404549573610e-01
6.810810810810811233e+01 1.404868096035839786e-01
6.918918918918917882e+01 1.433921619366002875e-01
7.027027027027025952e+01 1.464365147204723938e-01
7.135135135135135442e+01 1.495953911853517559e-01
7.243243243243242091e+01 1.528495473034180985e-01
7.351351351351350161e+01 1.561837087203933883e-01
7.459459459459458230e+01 1.595855998683302079e-01
7.567567567567567721e+01 1.630452130023293811e-01
7.675675675675674370e+01 1.665542623964553492e-01
7.783783783783783861e+01 1.701057771774361072e-01
7.891891891891890509e+01 1.736937965011567941e-01
8.000000000000000000e+01 1.773131398736386144e-01
8.108108108108108070e+01 1.809592326215782587e-01
8.216216216216216139e+01 1.846279719247454487e-01
8.324324324324324209e+01 1.883156227743625621e-01
8.432432432432432279e+01 1.920187360712221347e-01
8.540540540540538927e+01 1.957340831187910080e-01
8.648648648648648418e+01 1.994586022240160406e-01
8.756756756756755067e+01 2.031893541555344074e-01
8.864864864864863137e+01 2.069234839418084837e-01
8.972972972972972627e+01 2.106581870016903946e-01
9.081081081081079276e+01 2.143906779427884046e-01
9.189189189189188767e+01 2.181181605758949205e-01
9.297297297297296836e+01 2.218377977997483264e-01
9.405405405405406327e+01 2.255466800217601486e-01
9.513513513513512976e+01 2.292417907001243482e-01
9.621621621621621046e+01 2.329199674153309141e-01
9.729729729729727694e+01 2.365778565903332853e-01
9.837837837837837185e+01 2.402118595542346025e-01
9.945945945945945255e+01 2.438180670485674828e-01
1.005405405405405475e+02 2.473921784582297223e-01
1.016216216216216139e+02 2.509294009446818019e-01
1.027027027027027088e+02 2.544243221837916846e-01
1.037837837837837895e+02 2.578707484679532702e-01
1.048648648648648560e+02 2.612614974278984481e-01
1.059459459459459367e+02 2.645881315170892645e-01
1.070270270270270032e+02 2.678406147860344366e-01
1.081081081081080981e+02 2.710068718431488111e-01
1.091891891891891788e+02 2.740722255989059830e-01
1.102702702702702595e+02 2.770186925455421778e-01
1.113513513513513402e+02 2.798241274709113435e-01
1.124324324324324351e+02 2.824612460546803150e-01
1.135135135135135016e+02 2.848966344922158611e-01
1.145945945945945823e+02 2.870900075447606059e-01
1.156756756756756630e+02 2.889942168851791227e-01
1.167567567567567437e+02 2.905567923667067842e-01
1.178378378378378386e+02 2.917239105304122448e-01
1.189189189189189193e+02 2.924472093643737947e-01
1.199999999999999858e+02 2.926924572382634260e-01
1.210810810810810665e+02 2.924472093643742387e-01
1.221621621621621330e+02 2.917239105304124114e-01
1.232432432432432563e+02 2.905567923667065067e-01
1.243243243243243228e+02 2.889942168851791227e-01
1.254054054054054035e+02 2.870900075447602173e-01
1.264864864864864700e+02 2.848966344922156946e-01
1.275675675675675649e+02 2.824612460546804260e-01
1.286486486486486456e+02 2.798241274709111770e-01
1.297297297297297121e+02 2.770186925455415672e-01
1.308108108108107785e+02 2.740722255989059275e-01
1.318918918918919019e+02 2.710068718431488111e-01
1.329729729729729684e+02 2.678406147860342146e-01
1.340540540540540633e+02 2.645881315170890979e-01
1.351351351351351298e+02 2.612614974278982816e-01
1.362162162162162247e+02 2.578707484679528816e-01
1.372972972972972912e+02 2.544243221837914071e-01
1.383783783783783576e+02 2.509294009446815799e-01
1.394594594594594525e+02 2.473921784582298056e-01
1.405405405405405190e+02 2.438180670485674828e-01
1.416216216216216139e+02 2.402118595542344637e-01
1.427027027027027088e+02 2.365778565903336461e-01
1.437837837837837753e+02 2.329199674153309974e-01
1.448648648648648418e+02 2.292417907001243482e-01
1.459459459459459367e+02 2.255466800217600931e-01
1.470270270270270032e+02 2.218377977997480210e-01
1.481081081081080981e+02 2.181181605758952258e-01
1.491891891891891646e+02 2.143906779427881826e-01
1.502702702702702879e+02 2.106581870016903391e-01
1.513513513513513544e+02 2.069234839418086225e-01
1.524324324324324209e+02 2.031893541555344074e-01
1.535135135135134874e+02 1.994586022240161793e-01
1.545945945945945823e+02 1.957340831187906471e-01
1.556756756756756772e+02 1.920187360712220515e-01
1.567567567567567437e+02 1.883156227743626454e-01
1.578378378378378102e+02 1.846279719247455875e-01
1.589189189189188767e+02 1.809592326215783975e-01
1.600000000000000000e+02 1.773131398736386144e-01
1.610810810810810665e+02 1.736937965011565166e-01
1.621621621621621614e+02 1.701057771774361904e-01
1.632432432432432279e+02 1.665542623964557933e-01
1.643243243243243228e+02 1.630452130023296031e-01
1.654054054054054177e+02 1.595855998683304300e-01
1.664864864864864842e+02 1.561837087203932217e-01
1.675675675675675507e+02 1.528495473034184593e-01
1.686486486486486456e+02 1.495953911853519780e-01
1.697297297297297121e+02 1.464365147204724493e-01
1.708108108108107785e+02 1.433921619366003430e-01
1.718918918918919019e+02 1.404868096035841174e-01
1.729729729729729684e+02 1.377517404549574442e-01
1.740540540540540349e+02 1.352268342850743432e-01
1.751351351351351013e+02 1.329622208923730564e-01
1.762162162162161962e+02 1.310189294989436426e-01
1.772972972972972627e+02 1.294669363728812306e-01
1.783783783783783861e+02 1.283785317078800225e-01
1.794594594594594525e+02 1.278159540926256665e-01
1.805405405405405190e+02 1.278159540926256665e-01
1.816216216216215855e+02 1.283785317078801058e-01
1.827027027027027088e+02 1.294669363728812306e-01
1.837837837837837753e+02 1.310189294989435593e-01
1.848648648648648702e+02 1.329622208923730009e-01
1.859459459459459367e+02 1.352268342850741767e-01
1.870270270270270316e+02 1.377517404549574442e-01
1.881081081081081265e+02 1.404868096035839786e-01
1.891891891891891930e+02 1.433921619366005096e-01
1.902702702702702595e+02 1.464365147204724493e-01
1.913513513513513544e+02 1.495953911853517559e-01
1.924324324324324209e+02 1.528495473034180985e-01
1.935135135135134874e+02 1.561837087203931662e-01
1.945945945945945539e+02 1.595855998683302079e-01
1.956756756756756488e+02 1.630452130023296864e-01
1.967567567567567437e+02 1.665542623964556546e-01
1.978378378378378102e+02 1.701057771774359684e-01
1.989189189189189051e+02 1.736937965011567386e-01
1.999999999999999716e+02 1.773131398736384756e-01
2.010810810810810949e+02 1.809592326215782587e-01
2.021621621621621614e+02 1.846279719247454487e-01
2.032432432432432279e+02 1.883156227743626454e-01
2.043243243243242944e+02 1.920187360712221902e-01
2.054054054054054177e+02 1.957340831187908692e-01
2.064864864864864842e+02 1.994586022240159018e-01
2.075675675675675791e+02 2.031893541555343519e-01
2.086486486486486456e+02 2.069234839418084837e-01
2.097297297297297121e+02 2.106581870016902558e-01
2.108108108108107785e+02 2.143906779427879605e-01
2.118918918918918735e+02 2.181181605758950037e-01
2.129729729729729399e+02 2.218377977997484096e-01
2.140540540540540064e+02 2.255466800217598711e-01
2.151351351351351298e+02 2.292417907001241262e-01
2.162162162162161962e+02 2.329199674153307753e-01
2.172972972972972627e+02 2.365778565903336461e-01
2.183783783783783576e+02 2.402118595542343804e-01
2.194594594594594525e+02 2.438180670485670387e-01
2.205405405405405190e+02 2.473921784582300276e-01
2.216216216216216139e+02 2.509294009446815243e-01
2.227027027027026804e+02 2.544243221837911850e-01
2.237837837837838038e+02 2.578707484679532702e-01
2.248648648648648702e+02 2.612614974278981705e-01
2.259459459459459367e+02 2.645881315170892645e-01
2.270270270270270032e+02 2.678406147860343811e-01
2.281081081081080981e+02 2.710068718431487000e-01
2.291891891891891646e+02 2.740722255989059275e-01
2.302702702702702311e+02 2.770186925455412896e-01
2.313513513513513260e+02 2.798241274709111770e-01
2.324324324324324209e+02 2.824612460546799819e-01
2.335135135135134874e+02 2.848966344922158611e-01
2.345945945945945823e+02 2.870900075447598843e-01
2.356756756756756772e+02 2.889942168851791227e-01
2.367567567567567153e+02 2.905567923667065067e-01
2.378378378378378386e+02 2.917239105304122448e-01
2.389189189189188767e+02 2.924472093643739057e-01
2.399999999999999716e+02 2.926924572382637035e-01
2.410810810810810949e+02 2.924472093643740722e-01
2.421621621621621330e+02 2.917239105304124114e-01
2.432432432432432279e+02 2.905567923667066177e-01
2.443243243243242659e+02 2.889942168851794002e-01
2.454054054054053893e+02 2.870900075447602173e-01
2.464864864864865126e+02 2.848966344922158611e-01
2.475675675675675507e+02 2.824612460546804260e-01
2.486486486486486456e+02 2.798241274709110660e-01
2.497297297297297121e+02 2.770186925455419003e-01
2.508108108108108070e+02 2.740722255989062051e-01
2.518918918918918735e+02 2.710068718431496437e-01
2.529729729729729399e+02 2.678406147860341591e-01
2.540540540540540349e+02 2.645881315170895975e-01
2.551351351351351298e+02 2.612614974278985036e-01
2.562162162162161962e+02 2.578707484679533812e-01
2.572972972972972912e+02 2.544243221837917401e-01
2.583783783783783861e+02 2.509294009446819684e-01
2.594594594594594241e+02 2.473921784582302497e-01
2.605405405405405190e+02 2.438180670485677048e-01
2.616216216216215571e+02 2.402118595542343804e-01
2.627027027027027088e+02 2.365778565903336461e-01
2.637837837837838038e+02 2.329199674153312194e-01
2.648648648648648418e+02 2.292417907001249866e-01
2.659459459459459367e+02 2.255466800217601486e-01
2.670270270270269748e+02 2.218377977997486039e-01
2.681081081081081265e+02 2.181181605758953646e-01
2.691891891891891646e+02 2.143906779427881826e-01
2.702702702702702595e+02 2.106581870016908387e-01
2.713513513513512976e+02 2.069234839418084004e-01
2.724324324324324493e+02 2.031893541555340466e-01
2.735135135135134874e+02 1.994586022240159573e-01
2.745945945945945823e+02 1.957340831187908692e-01
2.756756756756756204e+02 1.920187360712221347e-01
2.767567567567567153e+02 1.883156227743627009e-01
2.778378378378378670e+02 1.846279719247455875e-01
2.789189189189189051e+02 1.809592326215783420e-01
2.800000000000000000e+02 1.773131398736386977e-01
2.810810810810810381e+02 1.736937965011567941e-01
2.821621621621621330e+02 1.701057771774365512e-01
2.832432432432432279e+02 1.665542623964555713e-01
2.843243243243242659e+02 1.630452130023296031e-01
2.854054054054054177e+02 1.595855998683300692e-01
2.864864864864864558e+02 1.561837087203932217e-01
2.875675675675675507e+02 1.528495473034182373e-01
2.886486486486486456e+02 1.495953911853517004e-01
2.897297297297296836e+02 1.464365147204725326e-01
2.908108108108108354e+02 1.433921619366006484e-01
2.918918918918918735e+02 1.404868096035838121e-01
2.929729729729729684e+02 1.377517404549576663e-01
2.940540540540540064e+02 1.352268342850743432e-01
2.951351351351351013e+02 1.329622208923730009e-01
2.962162162162161962e+02 1.310189294989433373e-01
2.972972972972972912e+02 1.294669363728810918e-01
2.983783783783783292e+02 1.283785317078799670e-01
2.994594594594594241e+02 1.278159540926253057e-01
3.005405405405405759e+02 1.278159540926253890e-01
3.016216216216216139e+02 1.283785317078800225e-01
3.027027027027027088e+02 1.294669363728807310e-01
3.037837837837837469e+02 1.310189294989430597e-01
3.048648648648648418e+02 1.329622208923724735e-01
3.059459459459459367e+02 1.352268342850743432e-01
3.070270270270269748e+02 1.377517404549571389e-01
3.081081081081081265e+02 1.404868096035836733e-01
3.091891891891891646e+02 1.433921619366003430e-01
3.102702702702702595e+02 1.464365147204723105e-01
3.113513513513513544e+02 1.495953911853513951e-01
3.124324324324323925e+02 1.528495473034180985e-01
3.135135135135134874e+02 1.561837087203929442e-01
3.145945945945945823e+02 1.595855998683299859e-01
3.156756756756756204e+02 1.630452130023291035e-01
3.167567567567567153e+02 1.665542623964552937e-01
3.178378378378377533e+02 1.701057771774357463e-01
3.189189189189189051e+02 1.736937965011562945e-01
3.200000000000000000e+02 1.773131398736385311e-01
3.210810810810810381e+02 1.809592326215780367e-01
3.221621621621621330e+02 1.846279719247453655e-01
3.232432432432432847e+02 1.883156227743626454e-01
3.243243243243243228e+02 1.920187360712221347e-01
3.254054054054054177e+02 1.957340831187905916e-01
3.264864864864864558e+02 1.994586022240157352e-01
3.275675675675675507e+02 2.031893541555339078e-01
3.286486486486486456e+02 2.069234839418084004e-01
3.297297297297296836e+02 2.106581870016903391e-01
3.308108108108108354e+02 2.143906779427881826e-01
3.318918918918918735e+02 2.181181605758948649e-01
3.329729729729729684e+02 2.218377977997480210e-01
3.340540540540540633e+02 2.255466800217601486e-01
3.351351351351351013e+02 2.292417907001243482e-01
3.362162162162162531e+02 2.329199674153309141e-01
3.372972972972972912e+02 2.365778565903333408e-01
3.383783783783783861e+02 2.402118595542344637e-01
3.394594594594594241e+02 2.438180670485672052e-01
3.405405405405405190e+02 2.473921784582299443e-01
3.416216216216215571e+02 2.509294009446817464e-01
3.427027027027026520e+02 2.544243221837914071e-01
3.437837837837838038e+02 2.578707484679528816e-01
3.448648648648648418e+02 2.612614974278979485e-01
3.459459459459459367e+02 2.645881315170891535e-01
3.470270270270269748e+02 2.678406147860341591e-01
3.481081081081080697e+02 2.710068718431489221e-01
3.491891891891891078e+02 2.740722255989054279e-01
3.502702702702702027e+02 2.770186925455419003e-01
3.513513513513513544e+02 2.798241274709110660e-01
3.524324324324323925e+02 2.824612460546797044e-01
3.535135135135134874e+02 2.848966344922161387e-01
3.545945945945945255e+02 2.870900075447603284e-01
3.556756756756756204e+02 2.889942168851792337e-01
3.567567567567567721e+02 2.905567923667065067e-01
3.578378378378378102e+02 2.917239105304119673e-01
3.589189189189189051e+02 2.924472093643739057e-01
3.600000000000000000e+02 2.926924572382635370e-01
3.610810810810810381e+02 2.924472093643739057e-01
3.621621621621621330e+02 2.917239105304120783e-01
3.632432432432431710e+02 2.905567923667066177e-01
3.643243243243243228e+02 2.889942168851792337e-01
3.654054054054054177e+02 2.870900075447603284e-01
3.664864864864864558e+02 2.848966344922163052e-01
3.675675675675675507e+02 2.824612460546799819e-01
3.686486486486485887e+02 2.798241274709113435e-01
3.697297297297297405e+02 2.770186925455415672e-01
3.708108108108108354e+02 2.740722255989059830e-01
3.718918918918918735e+02 2.710068718431490886e-01
3.729729729729729684e+02 2.678406147860341036e-01
3.740540540540540633e+02 2.645881315170893200e-01
3.751351351351351013e+02 2.612614974278984481e-01
3.762162162162162531e+02 2.578707484679532702e-01
3.772972972972972912e+02 2.544243221837916291e-01
3.783783783783783861e+02 2.509294009446817464e-01
3.794594594594594241e+02 2.473921784582300276e-01
3.805405405405405190e+02 2.438180670485674828e-01
3.816216216216215571e+02 2.402118595542346025e-01
3.827027027027027088e+02 2.365778565903336461e-01
3.837837837837837469e+02 2.329199674153312194e-01
3.848648648648648418e+02 2.292417907001244870e-01
3.859459459459458799e+02 2.255466800217603707e-01
3.870270270270269748e+02 2.218377977997485484e-01
3.881081081081080697e+02 2.181181605758949205e-01
3.891891891891891078e+02 2.143906779427884046e-01
3.902702702702702595e+02 2.106581870016906166e-01
3.913513513513512976e+02 2.069234839418088445e-01
3.924324324324323925e+02 2.031893541555343519e-01
3.935135135135134874e+02 1.994586022240160406e-01
3.945945945945945255e+02 1.957340831187909524e-01
3.956756756756756204e+02 1.920187360712224123e-01
3.967567567567567721e+02 1.883156227743626454e-01
3.978378378378378102e+02 1.846279719247456708e-01
3.989189189189189051e+02 1.809592326215783420e-01
3.999999999999999432e+02 1.773131398736388364e-01
4.010810810810810381e+02 1.736937965011567386e-01
4.021621621621621898e+02 1.701057771774361904e-01
4.032432432432432279e+02 1.665542623964557101e-01
4.043243243243243228e+02 1.630452130023296864e-01
4.054054054054053609e+02 1.595855998683303467e-01
4.064864864864864558e+02 1.561837087203932217e-01
4.075675675675675507e+02 1.528495473034179597e-01
4.086486486486485887e+02 1.495953911853518947e-01
4.097297297297297405e+02 1.464365147204724493e-01
4.108108108108108354e+02 1.433921619366004263e-01
4.118918918918918735e+02 1.404868096035838954e-01
4.129729729729729684e+02 1.377517404549574997e-01
4.140540540540540064e+02 1.352268342850742600e-01
4.151351351351351582e+02 1.329622208923727789e-01
4.162162162162162531e+02 1.310189294989433373e-01
4.172972972972972912e+02 1.294669363728809530e-01
4.183783783783783861e+02 1.283785317078799670e-01
4.194594594594594241e+02 1.278159540926255833e-01
4.205405405405405190e+02 1.278159540926253057e-01
4.216216216216215571e+02 1.283785317078798005e-01
4.227027027027027088e+02 1.294669363728807865e-01
4.237837837837837469e+02 1.310189294989433373e-01
4.248648648648648418e+02 1.329622208923728344e-01
4.259459459459458799e+02 1.352268342850741767e-01
4.270270270270269748e+02 1.377517404549570834e-01
4.281081081081080129e+02 1.404868096035836178e-01
4.291891891891891646e+02 1.433921619366002043e-01
4.302702702702702595e+02 1.464365147204723938e-01
4.313513513513512976e+02 1.495953911853517004e-01
4.324324324324323925e+02 1.528495473034179597e-01
4.335135135135134306e+02 1.561837087203932217e-01
4.345945945945945255e+02 1.595855998683300692e-01
4.356756756756756772e+02 1.630452130023291035e-01
4.367567567567567153e+02 1.665542623964555713e-01
4.378378378378378102e+02 1.701057771774358851e-01
4.389189189189189051e+02 1.736937965011568774e-01
4.399999999999999432e+02 1.773131398736383924e-01
4.410810810810810381e+02 1.809592326215782587e-01
4.421621621621620761e+02 1.846279719247453099e-01
4.432432432432432279e+02 1.883156227743625066e-01
4.443243243243243228e+02 1.920187360712221347e-01
4.454054054054053609e+02 1.957340831187908137e-01
4.464864864864864558e+02 1.994586022240159018e-01
4.475675675675676075e+02 2.031893541555341853e-01
4.486486486486486456e+02 2.069234839418082617e-01
4.497297297297297405e+02 2.106581870016906999e-01
4.508108108108107785e+02 2.143906779427879605e-01
4.518918918918918735e+02 2.181181605758947817e-01
4.529729729729729684e+02 2.218377977997481043e-01
4.540540540540540064e+02 2.255466800217601486e-01
4.551351351351351582e+02 2.292417907001244870e-01
4.562162162162161962e+02 2.329199674153310529e-01
4.572972972972972912e+02 2.365778565903334796e-01
4.583783783783783292e+02 2.402118595542345469e-01
4.594594594594594241e+02 2.438180670485674828e-01
4.605405405405404622e+02 2.473921784582295835e-01
4.616216216216216139e+02 2.509294009446817464e-01
4.627027027027026520e+02 2.544243221837913516e-01
4.637837837837837469e+02 2.578707484679531037e-01
4.648648648648648418e+02 2.612614974278982816e-01
4.659459459459458799e+02 2.645881315170895975e-01
4.670270270270269748e+02 2.678406147860343256e-01
4.681081081081081265e+02 2.710068718431488111e-01
4.691891891891891646e+02 2.740722255989059830e-01
4.702702702702702027e+02 2.770186925455415672e-01
4.713513513513513544e+02 2.798241274709110660e-01
4.724324324324323925e+02 2.824612460546799819e-01
4.735135135135134306e+02 2.848966344922161387e-01
4.745945945945944686e+02 2.870900075447602173e-01
4.756756756756756772e+02 2.889942168851792337e-01
4.767567567567567153e+02 2.905567923667063401e-01
4.778378378378377533e+02 2.917239105304120783e-01
4.789189189189189051e+02 2.924472093643740722e-01
4.799999999999999432e+02 2.926924572382638701e-01
4.810810810810809812e+02 2.924472093643736281e-01
4.821621621621621898e+02 2.917239105304122448e-01
4.832432432432432279e+02 2.905567923667066177e-01
4.843243243243242659e+02 2.889942168851796778e-01
4.854054054054054177e+02 2.870900075447602173e-01
4.864864864864864558e+02 2.848966344922164162e-01
4.875675675675674938e+02 2.824612460546799819e-01
4.886486486486485319e+02 2.798241274709111770e-01
4.897297297297297405e+02 2.770186925455415672e-01
4.908108108108107785e+02 2.740722255989059275e-01
4.918918918918918166e+02 2.710068718431488666e-01
4.929729729729730252e+02 2.678406147860345476e-01
4.940540540540540633e+02 2.645881315170893755e-01
4.951351351351351013e+02 2.612614974278985036e-01
4.962162162162161962e+02 2.578707484679530482e-01
4.972972972972972912e+02 2.544243221837914626e-01
4.983783783783783292e+02 2.509294009446821905e-01
4.994594594594594241e+02 2.473921784582298056e-01
5.005405405405404622e+02 2.438180670485674828e-01
5.016216216216216139e+02 2.402118595542346857e-01
5.027027027027026520e+02 2.365778565903336461e-01
5.037837837837837469e+02 2.329199674153312194e-01
5.048648648648647850e+02 2.292417907001247646e-01
5.059459459459458799e+02 2.255466800217603707e-01
5.070270270270270316e+02 2.218377977997482431e-01
5.081081081081080697e+02 2.181181605758951425e-01
5.091891891891891646e+02 2.143906779427886822e-01
5.102702702702702595e+02 2.106581870016905333e-01
5.113513513513512976e+02 2.069234839418088445e-01
5.124324324324323925e+02 2.031893541555346294e-01
5.135135135135135442e+02 1.994586022240157352e-01
5.145945945945945823e+02 1.957340831187908692e-01
5.156756756756756204e+02 1.920187360712222735e-01
5.167567567567567721e+02 1.883156227743627842e-01
5.178378378378378102e+02 1.846279719247458095e-01
5.189189189189188482e+02 1.809592326215783975e-01
5.199999999999998863e+02 1.773131398736390585e-01
5.210810810810810381e+02 1.736937965011566554e-01
5.221621621621620761e+02 1.701057771774364125e-01
5.232432432432431142e+02 1.665542623964560154e-01
5.243243243243243796e+02 1.630452130023295199e-01
5.254054054054054177e+02 1.595855998683302912e-01
5.264864864864864558e+02 1.561837087203935825e-01
5.275675675675676075e+02 1.528495473034180985e-01
5.286486486486486456e+02 1.495953911853517004e-01
5.297297297297296836e+02 1.464365147204728934e-01
5.308108108108108354e+02 1.433921619366003430e-01
5.318918918918918735e+02 1.404868096035838121e-01
5.329729729729729115e+02 1.377517404549575830e-01
5.340540540540539496e+02 1.352268342850742600e-01
5.351351351351351013e+02 1.329622208923729176e-01
5.362162162162162531e+02 1.310189294989436426e-01
5.372972972972972912e+02 1.294669363728811751e-01
5.383783783783783292e+02 1.283785317078801058e-01
5.394594594594594810e+02 1.278159540926255833e-01
5.405405405405405190e+02 1.278159540926255278e-01
5.416216216216215571e+02 1.283785317078801891e-01
5.427027027027025952e+02 1.294669363728810918e-01
5.437837837837837469e+02 1.310189294989433373e-01
5.448648648648648987e+02 1.329622208923730009e-01
5.459459459459459367e+02 1.352268342850742600e-01
5.470270270270269748e+02 1.377517404549572222e-01
5.481081081081080129e+02 1.404868096035835345e-01
5.491891891891891646e+02 1.433921619366004263e-01
5.502702702702702027e+02 1.464365147204723938e-01
5.513513513513512407e+02 1.495953911853515339e-01
5.524324324324323925e+02 1.528495473034180985e-01
5.535135135135134306e+02 1.561837087203931662e-01
5.545945945945944686e+02 1.595855998683299304e-01
5.556756756756757341e+02 1.630452130023296031e-01
5.567567567567567721e+02 1.665542623964555713e-01
5.578378378378378102e+02 1.701057771774358851e-01
5.589189189189189619e+02 1.736937965011567386e-01
5.600000000000000000e+02 1.773131398736386144e-01
5.610810810810810381e+02 1.809592326215779534e-01
5.621621621621620761e+02 1.846279719247451712e-01
5.632432432432432279e+02 1.883156227743625066e-01
5.643243243243242659e+02 1.920187360712220515e-01
5.654054054054053040e+02 1.957340831187904251e-01
5.664864864864864558e+02 1.994586022240159018e-01
5.675675675675674938e+02 2.031893541555339633e-01
5.686486486486485319e+02 2.069234839418081229e-01
5.697297297297297973e+02 2.106581870016905333e-01
5.708108108108108354e+02 2.143906779427880160e-01
5.718918918918918735e+02 2.181181605758948649e-01
5.729729729729729115e+02 2.218377977997481876e-01
5.740540540540540633e+02 2.255466800217602319e-01
5.751351351351351013e+02 2.292417907001241262e-01
5.762162162162161394e+02 2.329199674153305533e-01
5.772972972972972912e+02 2.365778565903335628e-01
5.783783783783783292e+02 2.402118595542342416e-01
5.794594594594593673e+02 2.438180670485668999e-01
5.805405405405405190e+02 2.473921784582295835e-01
5.816216216216216708e+02 2.509294009446817464e-01
5.827027027027027088e+02 2.544243221837909630e-01
5.837837837837837469e+02 2.578707484679530482e-01
5.848648648648647850e+02 2.612614974278978930e-01
5.859459459459459367e+02 2.645881315170891535e-01
5.870270270270269748e+02 2.678406147860339370e-01
5.881081081081080129e+02 2.710068718431488666e-01
5.891891891891890509e+02 2.740722255989054834e-01
5.902702702702702027e+02 2.770186925455414562e-01
5.913513513513513544e+02 2.798241274709106219e-01
5.924324324324323925e+02 2.824612460546799819e-01
5.935135135135134306e+02 2.848966344922159721e-01
5.945945945945945823e+02 2.870900075447600508e-01
5.956756756756756204e+02 2.889942168851791227e-01
5.967567567567566584e+02 2.905567923667065067e-01
5.978378378378378102e+02 2.917239105304120783e-01
5.989189189189188482e+02 2.924472093643739057e-01
5.999999999999998863e+02 2.926924572382635370e-01
6.010810810810811518e+02 2.924472093643736281e-01
6.021621621621621898e+02 2.917239105304124114e-01
6.032432432432432279e+02 2.905567923667066177e-01
6.043243243243243796e+02 2.889942168851795112e-01
6.054054054054054177e+02 2.870900075447602173e-01
6.064864864864864558e+02 2.848966344922170268e-01
6.075675675675674938e+02 2.824612460546805925e-01
6.086486486486486456e+02 2.798241274709110660e-01
6.097297297297296836e+02 2.770186925455414562e-01
6.108108108108107217e+02 2.740722255989061495e-01
6.118918918918918735e+02 2.710068718431493107e-01
6.129729729729729115e+02 2.678406147860343811e-01
6.140540540540539496e+02 2.645881315170900971e-01
6.151351351351351013e+02 2.612614974278987257e-01
6.162162162162162531e+02 2.578707484679532702e-01
6.172972972972972912e+02 2.544243221837917401e-01
6.183783783783783292e+02 2.509294009446818574e-01
6.194594594594593673e+02 2.473921784582303052e-01
6.205405405405405190e+02 2.438180670485677048e-01
6.216216216216215571e+02 2.402118595542346857e-01
6.227027027027027088e+02 2.365778565903335628e-01
6.237837837837837469e+02 2.329199674153312194e-01
6.248648648648647850e+02 2.292417907001249866e-01
6.259459459459459367e+02 2.255466800217600931e-01
6.270270270270269748e+02 2.218377977997484096e-01
6.281081081081080129e+02 2.181181605758953646e-01
6.291891891891891646e+02 2.143906779427883214e-01
6.302702702702702027e+02 2.106581870016909219e-01
6.313513513513512407e+02 2.069234839418088445e-01
6.324324324324323925e+02 2.031893541555346294e-01
6.335135135135134306e+02 1.994586022240161238e-01
6.345945945945944686e+02 1.957340831187910912e-01
6.356756756756755067e+02 1.920187360712226343e-01
6.367567567567567721e+02 1.883156227743628675e-01
6.378378378378378102e+02 1.846279719247458095e-01
6.389189189189188482e+02 1.809592326215787028e-01
6.400000000000000000e+02 1.773131398736386977e-01
6.410810810810810381e+02 1.736937965011567941e-01
6.421621621621620761e+02 1.701057771774365512e-01
6.432432432432432279e+02 1.665542623964555158e-01
6.443243243243242659e+02 1.630452130023298252e-01
6.454054054054053040e+02 1.595855998683304300e-01
6.464864864864865694e+02 1.561837087203930829e-01
6.475675675675676075e+02 1.528495473034180985e-01
6.486486486486486456e+02 1.495953911853523388e-01
6.497297297297296836e+02 1.464365147204726714e-01
6.508108108108108354e+02 1.433921619366003430e-01
6.518918918918918735e+02 1.404868096035840341e-01
6.529729729729729115e+02 1.377517404549574997e-01
6.540540540540540633e+02 1.352268342850741767e-01
6.551351351351351013e+02 1.329622208923730009e-01
6.562162162162161394e+02 1.310189294989435593e-01
6.572972972972972912e+02 1.294669363728810918e-01
6.583783783783783292e+02 1.283785317078799670e-01
6.594594594594593673e+02 1.278159540926254445e-01
6.605405405405406327e+02 1.278159540926253890e-01
6.616216216216216708e+02 1.283785317078796062e-01
6.627027027027027088e+02 1.294669363728805922e-01
6.637837837837837469e+02 1.310189294989430597e-01
6.648648648648648987e+02 1.329622208923729176e-01
6.659459459459459367e+02 1.352268342850738159e-01
6.670270270270269748e+02 1.377517404549570834e-01
6.681081081081081265e+02 1.404868096035839786e-01
6.691891891891891646e+02 1.433921619366002875e-01
6.702702702702702027e+02 1.464365147204723105e-01
6.713513513513514681e+02 1.495953911853517004e-01
6.724324324324325062e+02 1.528495473034177377e-01
6.735135135135135442e+02 1.561837087203925833e-01
6.745945945945945823e+02 1.595855998683302079e-01
6.756756756756757341e+02 1.630452130023293811e-01
6.767567567567567721e+02 1.665542623964552105e-01
6.778378378378378102e+02 1.701057771774356076e-01
6.789189189189188482e+02 1.736937965011562945e-01
6.800000000000000000e+02 1.773131398736383091e-01
6.810810810810810381e+02 1.809592326215777591e-01
6.821621621621620761e+02 1.846279719247453099e-01
6.832432432432431142e+02 1.883156227743623401e-01
6.843243243243242659e+02 1.920187360712214686e-01
6.854054054054053040e+02 1.957340831187908692e-01
6.864864864864863421e+02 1.994586022240157352e-01
6.875675675675676075e+02 2.031893541555340466e-01
6.886486486486486456e+02 2.069234839418083449e-01
6.897297297297296836e+02 2.106581870016901725e-01
6.908108108108107217e+02 2.143906779427879605e-01
6.918918918918918735e+02 2.181181605758948649e-01
6.929729729729729115e+02 2.218377977997480210e-01
6.940540540540539496e+02 2.255466800217598711e-01
6.951351351351349876e+02 2.292417907001243482e-01
6.962162162162161394e+02 2.329199674153309974e-01
6.972972972972971775e+02 2.365778565903330632e-01
6.983783783783782155e+02 2.402118595542341861e-01
6.994594594594593673e+02 2.438180670485672608e-01
7.005405405405404053e+02 2.473921784582295835e-01
7.016216216216214434e+02 2.509294009446813023e-01
7.027027027027027088e+02 2.544243221837914071e-01
7.037837837837837469e+02 2.578707484679528816e-01
7.048648648648647850e+02 2.612614974278980040e-01
7.059459459459459367e+02 2.645881315170894865e-01
7.070270270270269748e+02 2.678406147860339925e-01
7.081081081081080129e+02 2.710068718431486445e-01
7.091891891891890509e+02 2.740722255989054834e-01
7.102702702702702027e+02 2.770186925455414562e-01
7.113513513513512407e+02 2.798241274709108994e-01
7.124324324324322788e+02 2.824612460546798709e-01
7.135135135135135442e+02 2.848966344922159721e-01
7.145945945945945823e+02 2.870900075447603284e-01
7.156756756756756204e+02 2.889942168851792337e-01
7.167567567567567721e+02 2.905567923667063401e-01
7.178378378378378102e+02 2.917239105304122448e-01
7.189189189189188482e+02 2.924472093643739057e-01
7.200000000000000000e+02 2.926924572382635370e-01
7.210810810810810381e+02 2.924472093643736281e-01
7.221621621621620761e+02 2.917239105304124114e-01
7.232432432432431142e+02 2.905567923667066177e-01
7.243243243243242659e+02 2.889942168851792337e-01
7.254054054054053040e+02 2.870900075447606059e-01
7.264864864864863421e+02 2.848966344922163052e-01
7.275675675675676075e+02 2.824612460546803150e-01
7.286486486486486456e+02 2.798241274709111770e-01
7.297297297297296836e+02 2.770186925455420113e-01
7.308108108108108354e+02 2.740722255989058720e-01
7.318918918918918735e+02 2.710068718431490886e-01
7.329729729729729115e+02 2.678406147860345476e-01
7.340540540540540633e+02 2.645881315170897086e-01
7.351351351351351013e+02 2.612614974278986701e-01
7.362162162162161394e+02 2.578707484679534923e-01
7.372972972972971775e+02 2.544243221837917401e-01
7.383783783783784429e+02 2.509294009446820239e-01
7.394594594594594810e+02 2.473921784582303052e-01
7.405405405405405190e+02 2.438180670485679824e-01
7.416216216216216708e+02 2.402118595542344637e-01
7.427027027027027088e+02 2.365778565903336461e-01
7.437837837837837469e+02 2.329199674153312749e-01
7.448648648648648987e+02 2.292417907001246258e-01
7.459459459459459367e+02 2.255466800217603707e-01
7.470270270270269748e+02 2.218377977997486872e-01
7.481081081081081265e+02 2.181181605758949205e-01
7.491891891891891646e+02 2.143906779427884046e-01
7.502702702702702027e+02 2.106581870016909219e-01
7.513513513513512407e+02 2.069234839418089833e-01
7.524324324324325062e+02 2.031893541555344074e-01
7.535135135135135442e+02 1.994586022240161793e-01
7.545945945945945823e+02 1.957340831187911745e-01
7.556756756756756204e+02 1.920187360712221347e-01
7.567567567567567721e+02 1.883156227743627009e-01
7.578378378378378102e+02 1.846279719247455875e-01
7.589189189189188482e+02 1.809592326215782587e-01
7.600000000000000000e+02 1.773131398736388920e-01
7.610810810810810381e+02 1.736937965011570995e-01
7.621621621621620761e+02 1.701057771774361072e-01
7.632432432432431142e+02 1.665542623964557101e-01
7.643243243243243796e+02 1.630452130023298252e-01
7.654054054054054177e+02 1.595855998683306520e-01
7.664864864864864558e+02 1.561837087203932217e-01
7.675675675675674938e+02 1.528495473034183205e-01
7.686486486486486456e+02 1.495953911853519780e-01
7.697297297297296836e+02 1.464365147204724493e-01
7.708108108108107217e+02 1.433921619366005651e-01
7.718918918918917598e+02 1.404868096035840341e-01
7.729729729729729115e+02 1.377517404549574442e-01
7.740540540540539496e+02 1.352268342850743987e-01
7.751351351351349876e+02 1.329622208923731952e-01
7.762162162162161394e+02 1.310189294989432818e-01
7.772972972972971775e+02 1.294669363728809530e-01
7.783783783783782155e+02 1.283785317078800225e-01
7.794594594594592536e+02 1.278159540926255833e-01
7.805405405405405190e+02 1.278159540926253890e-01
7.816216216216215571e+02 1.283785317078798005e-01
7.827027027027025952e+02 1.294669363728809530e-01
7.837837837837837469e+02 1.310189294989433373e-01
7.848648648648647850e+02 1.329622208923730009e-01
7.859459459459458230e+02 1.352268342850738991e-01
7.870270270270269748e+02 1.377517404549574997e-01
7.881081081081080129e+02 1.404868096035834513e-01
7.891891891891890509e+02 1.433921619365998434e-01
7.902702702702702027e+02 1.464365147204719497e-01
7.913513513513512407e+02 1.495953911853517559e-01
7.924324324324322788e+02 1.528495473034179597e-01
7.935135135135135442e+02 1.561837087203931662e-01
7.945945945945945823e+02 1.595855998683300692e-01
7.956756756756756204e+02 1.630452130023291590e-01
7.967567567567566584e+02 1.665542623964552937e-01
7.978378378378378102e+02 1.701057771774356631e-01
7.989189189189188482e+02 1.736937965011561558e-01
7.999999999999998863e+02 1.773131398736383924e-01
8.010810810810810381e+02 1.809592326215781199e-01
8.021621621621620761e+02 1.846279719247448103e-01
8.032432432432431142e+02 1.883156227743623401e-01
8.043243243243243796e+02 1.920187360712221902e-01
8.054054054054054177e+02 1.957340831187908137e-01
8.064864864864864558e+02 1.994586022240159018e-01
8.075675675675676075e+02 2.031893541555343519e-01
8.086486486486486456e+02 2.069234839418084004e-01
8.097297297297296836e+02 2.106581870016901725e-01
8.108108108108107217e+02 2.143906779427880993e-01
8.118918918918918735e+02 2.181181605758945596e-01
8.129729729729729115e+02 2.218377977997478823e-01
8.140540540540539496e+02 2.255466800217600098e-01
8.151351351351351013e+02 2.292417907001242650e-01
8.162162162162161394e+02 2.329199674153306365e-01
8.172972972972971775e+02 2.365778565903329800e-01
8.183783783783784429e+02 2.402118595542343804e-01
8.194594594594594810e+02 2.438180670485671220e-01
8.205405405405405190e+02 2.473921784582293060e-01
8.216216216216216708e+02 2.509294009446815243e-01
8.227027027027027088e+02 2.544243221837913516e-01
8.237837837837837469e+02 2.578707484679529371e-01
8.248648648648647850e+02 2.612614974278978930e-01
8.259459459459459367e+02 2.645881315170891535e-01
8.270270270270269748e+02 2.678406147860342146e-01
8.281081081081080129e+02 2.710068718431490331e-01
8.291891891891892783e+02 2.740722255989059275e-01
8.302702702702703164e+02 2.770186925455414562e-01
8.313513513513513544e+02 2.798241274709110660e-01
8.324324324324325062e+02 2.824612460546798709e-01
8.335135135135135442e+02 2.848966344922159721e-01
8.345945945945945823e+02 2.870900075447600508e-01
8.356756756756756204e+02 2.889942168851789561e-01
8.367567567567567721e+02 2.905567923667061736e-01
8.378378378378378102e+02 2.917239105304124114e-01
8.389189189189188482e+02 2.924472093643739057e-01
8.399999999999998863e+02 2.926924572382639811e-01
8.410810810810810381e+02 2.924472093643737947e-01
8.421621621621620761e+02 2.917239105304124114e-01
8.432432432432431142e+02 2.905567923667068952e-01
8.443243243243241523e+02 2.889942168851796778e-01
8.454054054054054177e+02 2.870900075447607724e-01
8.464864864864864558e+02 2.848966344922159721e-01
8.475675675675674938e+02 2.824612460546804260e-01
8.486486486486485319e+02 2.798241274709116211e-01
8.497297297297296836e+02 2.770186925455415672e-01
8.508108108108107217e+02 2.740722255989062051e-01
8.518918918918917598e+02 2.710068718431489221e-01
8.529729729729727978e+02 2.678406147860348252e-01
8.540540540540539496e+02 2.645881315170894865e-01
8.551351351351349876e+02 2.612614974278986701e-01
8.562162162162160257e+02 2.578707484679536033e-01
8.572972972972972912e+02 2.544243221837915181e-01
8.583783783783783292e+02 2.509294009446820795e-01
8.594594594594593673e+02 2.473921784582303884e-01
8.605405405405405190e+02 2.438180670485676216e-01
8.616216216216215571e+02 2.402118595542346025e-01
8.627027027027025952e+02 2.365778565903339237e-01
8.637837837837837469e+02 2.329199674153312194e-01
8.648648648648647850e+02 2.292417907001247646e-01
8.659459459459458230e+02 2.255466800217606760e-01
8.670270270270268611e+02 2.218377977997486039e-01
8.681081081081080129e+02 2.181181605758954478e-01
8.691891891891890509e+02 2.143906779427885434e-01
8.702702702702700890e+02 2.106581870016911995e-01
8.713513513513513544e+02 2.069234839418087057e-01
8.724324324324323925e+02 2.031893541555345462e-01
8.735135135135134306e+02 1.994586022240164846e-01
8.745945945945945823e+02 1.957340831187910912e-01
8.756756756756756204e+02 1.920187360712226343e-01
8.767567567567566584e+02 1.883156227743629230e-01
8.778378378378378102e+02 1.846279719247458928e-01
8.789189189189188482e+02 1.809592326215787583e-01
8.799999999999998863e+02 1.773131398736391140e-01
8.810810810810810381e+02 1.736937965011567386e-01
8.821621621621620761e+02 1.701057771774361072e-01
8.832432432432431142e+02 1.665542623964560986e-01
8.843243243243241523e+02 1.630452130023299639e-01
8.854054054054054177e+02 1.595855998683305688e-01
8.864864864864864558e+02 1.561837087203936658e-01
8.875675675675674938e+02 1.528495473034186813e-01
8.886486486486486456e+02 1.495953911853519780e-01
8.897297297297296836e+02 1.464365147204726714e-01
8.908108108108107217e+02 1.433921619366007871e-01
8.918918918918918735e+02 1.404868096035838121e-01
8.929729729729729115e+02 1.377517404549576663e-01
8.940540540540539496e+02 1.352268342850745375e-01
8.951351351351352150e+02 1.329622208923730564e-01
8.962162162162162531e+02 1.310189294989437814e-01
8.972972972972972912e+02 1.294669363728811751e-01
8.983783783783783292e+02 1.283785317078802446e-01
8.994594594594594810e+02 1.278159540926255278e-01
9.005405405405405190e+02 1.278159540926255278e-01
9.016216216216215571e+02 1.283785317078800225e-01
9.027027027027027088e+02 1.294669363728810918e-01
9.037837837837837469e+02 1.310189294989433373e-01
9.048648648648647850e+02 1.329622208923728344e-01
9.059459459459459367e+02 1.352268342850741767e-01
9.070270270270269748e+02 1.377517404549572222e-01
9.081081081081080129e+02 1.404868096035835345e-01
9.091891891891892783e+02 1.433921619366002043e-01
9.102702702702703164e+02 1.464365147204721718e-01
9.113513513513513544e+02 1.495953911853513951e-01
9.124324324324323925e+02 1.528495473034178764e-01
9.135135135135135442e+02 1.561837087203930274e-01
9.145945945945945823e+02 1.595855998683299304e-01
9.156756756756756204e+02 1.630452130023292423e-01
9.167567567567566584e+02 1.665542623964552937e-01
9.178378378378376965e+02 1.701057771774353855e-01
9.189189189189188482e+02 1.736937965011561558e-01
9.199999999999998863e+02 1.773131398736383924e-01
9.210810810810809244e+02 1.809592326215776759e-01
9.221621621621621898e+02 1.846279719247450879e-01
9.232432432432432279e+02 1.883156227743623401e-01
9.243243243243242659e+02 1.920187360712215519e-01
9.254054054054053040e+02 1.957340831187903696e-01
9.264864864864864558e+02 1.994586022240158185e-01
9.275675675675674938e+02 2.031893541555336025e-01
9.286486486486485319e+02 2.069234839418079841e-01
9.297297297297296836e+02 2.106581870016902558e-01
9.308108108108107217e+02 2.143906779427876552e-01
9.318918918918917598e+02 2.181181605758945596e-01
9.329729729729729115e+02 2.218377977997484096e-01
9.340540540540539496e+02 2.255466800217594270e-01
9.351351351351349876e+02 2.292417907001239874e-01
9.362162162162162531e+02 2.329199674153308586e-01
9.372972972972970638e+02 2.365778565903332020e-01
9.383783783783783292e+02 2.402118595542341861e-01
9.394594594594594810e+02 2.438180670485672608e-01
9.405405405405404053e+02 2.473921784582292227e-01
9.416216216216215571e+02 2.509294009446814133e-01
9.427027027027027088e+02 2.544243221837914071e-01
9.437837837837836332e+02 2.578707484679526596e-01
9.448648648648647850e+02 2.612614974278980040e-01
9.459459459459460504e+02 2.645881315170892645e-01
9.470270270270268611e+02 2.678406147860338815e-01
9.481081081081081265e+02 2.710068718431484780e-01
9.491891891891889372e+02 2.740722255989052059e-01
9.502702702702702027e+02 2.770186925455415672e-01
9.513513513513513544e+02 2.798241274709107884e-01
9.524324324324322788e+02 2.824612460546792603e-01
9.535135135135134306e+02 2.848966344922158611e-01
9.545945945945945823e+02 2.870900075447603284e-01
9.556756756756755067e+02 2.889942168851791227e-01
9.567567567567566584e+02 2.905567923667063401e-01
9.578378378378378102e+02 2.917239105304120783e-01
9.589189189189187346e+02 2.924472093643739057e-01
9.599999999999998863e+02 2.926924572382635370e-01
9.610810810810811518e+02 2.924472093643737947e-01
9.621621621621619624e+02 2.917239105304124114e-01
9.632432432432432279e+02 2.905567923667065067e-01
9.643243243243243796e+02 2.889942168851795112e-01
9.654054054054053040e+02 2.870900075447609390e-01
9.664864864864864558e+02 2.848966344922167493e-01
9.675675675675676075e+02 2.824612460546801485e-01
9.686486486486485319e+02 2.798241274709113435e-01
9.697297297297296836e+02 2.770186925455414562e-01
9.708108108108108354e+02 2.740722255989060385e-01
9.718918918918917598e+02 2.710068718431495882e-01
9.729729729729729115e+02 2.678406147860342146e-01
9.740540540540541770e+02 2.645881315170898196e-01
9.751351351351349876e+02 2.612614974278986146e-01
9.762162162162162531e+02 2.578707484679534923e-01
9.772972972972970638e+02 2.544243221837921842e-01
9.783783783783783292e+02 2.509294009446822460e-01
9.794594594594594810e+02 2.473921784582300831e-01
9.805405405405404053e+02 2.438180670485677881e-01
9.816216216216215571e+02 2.402118595542348245e-01
9.827027027027027088e+02 2.365778565903338682e-01
9.837837837837836332e+02 2.329199674153318023e-01
9.848648648648647850e+02 2.292417907001247090e-01
9.859459459459460504e+02 2.255466800217602319e-01
9.870270270270268611e+02 2.218377977997491313e-01
9.881081081081081265e+02 2.181181605758957254e-01
9.891891891891891646e+02 2.143906779427882381e-01
9.902702702702702027e+02 2.106581870016909774e-01
9.913513513513513544e+02 2.069234839418092053e-01
9.924324324324323925e+02 2.031893541555344906e-01
9.935135135135134306e+02 1.994586022240163181e-01
9.945945945945945823e+02 1.957340831187913133e-01
9.956756756756756204e+02 1.920187360712220515e-01
9.967567567567566584e+02 1.883156227743629230e-01
9.978378378378376965e+02 1.846279719247458095e-01
9.989189189189188482e+02 1.809592326215783420e-01
9.999999999999998863e+02 1.773131398736391973e-01
1.001081081081080924e+03 1.736937965011568774e-01
1.002162162162162190e+03 1.701057771774359684e-01
1.003243243243243228e+03 1.665542623964560154e-01
1.004324324324324266e+03 1.630452130023298252e-01
1.005405405405405304e+03 1.595855998683309296e-01
1.006486486486486456e+03 1.561837087203936658e-01
1.007567567567567494e+03 1.528495473034180985e-01
1.008648648648648532e+03 1.495953911853522555e-01
1.009729729729729570e+03 1.464365147204730322e-01
1.010810810810810722e+03 1.433921619366007871e-01
1.011891891891891760e+03 1.404868096035840341e-01
1.012972972972972798e+03 1.377517404549578051e-01
1.014054054054054063e+03 1.352268342850744820e-01
1.015135135135135101e+03 1.329622208923733617e-01
1.016216216216216139e+03 1.310189294989435593e-01
1.017297297297297291e+03 1.294669363728810918e-01
1.018378378378378329e+03 1.283785317078798005e-01
1.019459459459459367e+03 1.278159540926255833e-01
1.020540540540540519e+03 1.278159540926255278e-01
1.021621621621621443e+03 1.283785317078800225e-01
1.022702702702702595e+03 1.294669363728810085e-01
1.023783783783783747e+03 1.310189294989430597e-01
1.024864864864864785e+03 1.329622208923725568e-01
1.025945945945945823e+03 1.352268342850739546e-01
1.027027027027027088e+03 1.377517404549571389e-01
1.028108108108107899e+03 1.404868096035833958e-01
1.029189189189189165e+03 1.433921619366002043e-01
1.030270270270270203e+03 1.464365147204723105e-01
1.031351351351351241e+03 1.495953911853514784e-01
1.032432432432432279e+03 1.528495473034177377e-01
1.033513513513513544e+03 1.561837087203930829e-01
1.034594594594594355e+03 1.595855998683299304e-01
1.035675675675675620e+03 1.630452130023293811e-01
1.036756756756756431e+03 1.665542623964549884e-01
1.037837837837837696e+03 1.701057771774355243e-01
1.038918918918918962e+03 1.736937965011563778e-01
1.039999999999999773e+03 1.773131398736378095e-01
1.041081081081081038e+03 1.809592326215776759e-01
1.042162162162162076e+03 1.846279719247453099e-01
1.043243243243243114e+03 1.883156227743619238e-01
1.044324324324324152e+03 1.920187360712216906e-01
1.045405405405405418e+03 1.957340831187908692e-01
1.046486486486486228e+03 1.994586022240154577e-01
1.047567567567567494e+03 2.031893541555336857e-01
1.048648648648648759e+03 2.069234839418084837e-01
1.049729729729729570e+03 2.106581870016900337e-01
1.050810810810810835e+03 2.143906779427879605e-01
1.051891891891891873e+03 2.181181605758946429e-01
1.052972972972972912e+03 2.218377977997476602e-01
1.054054054054053950e+03 2.255466800217595658e-01
1.055135135135135215e+03 2.292417907001242650e-01
1.056216216216216026e+03 2.329199674153304978e-01
1.057297297297297291e+03 2.365778565903331188e-01
1.058378378378378557e+03 2.402118595542341861e-01
1.059459459459459367e+03 2.438180670485670387e-01
1.060540540540540633e+03 2.473921784582298056e-01
1.061621621621621671e+03 2.509294009446817464e-01
1.062702702702702709e+03 2.544243221837909075e-01
1.063783783783783747e+03 2.578707484679528816e-01
1.064864864864864785e+03 2.612614974278975599e-01
1.065945945945945823e+03 2.645881315170888759e-01
1.067027027027027088e+03 2.678406147860342146e-01
1.068108108108107899e+03 2.710068718431485890e-01
1.069189189189189165e+03 2.740722255989057055e-01
1.070270270270270203e+03 2.770186925455415672e-01
1.071351351351351241e+03 2.798241274709104554e-01
1.072432432432432506e+03 2.824612460546797044e-01
1.073513513513513544e+03 2.848966344922159721e-01
1.074594594594594582e+03 2.870900075447597732e-01
1.075675675675675620e+03 2.889942168851791227e-01
1.076756756756756658e+03 2.905567923667067842e-01
1.077837837837837696e+03 2.917239105304119673e-01
1.078918918918918962e+03 2.924472093643739057e-01
1.080000000000000000e+03 2.926924572382635370e-01
