Theta (degrees)	Normalized Energy
0.000000000000000000e+00 3.637954931861359193e-16
1.441441441441441373e+00 6.491257283165627291e-05
2.882882882882882747e+00 2.595974212465034740e-04
4.324324324324323676e+00 5.838958046152882076e-04
5.765765765765765494e+00 1.037542715736216844e-03
7.207207207207206423e+00 1.620166204377608728e-03
8.648648648648647352e+00 2.331286394929729666e-03
1.009009009009008828e+01 3.170314160757733979e-03
1.153153153153153099e+01 4.136549404002096315e-03
1.297297297297297369e+01 5.229178873042557643e-03
1.441441441441441285e+01 6.447273429648842438e-03
1.585585585585585555e+01 7.789784652673031190e-03
1.729729729729729470e+01 9.255540633364109024e-03
1.873873873873873563e+01 1.084324077668591749e-02
2.018018018018017656e+01 1.255144937030471149e-02
2.162162162162162105e+01 1.437858761401900574e-02
2.306306306306306197e+01 1.632292371133283251e-02
2.450450450450449935e+01 1.838256050349059909e-02
2.594594594594594739e+01 2.055541996281608219e-02
2.738738738738738476e+01 2.283922363995399135e-02
2.882882882882882569e+01 2.523146785435358141e-02
3.027027027027026662e+01 2.772939199364317028e-02
3.171171171171171110e+01 3.032993769305254023e-02
3.315315315315314848e+01 3.302969582227645307e-02
3.459459459459458941e+01 3.582483699552675704e-02
3.603603603603603034e+01 3.871101955914550002e-02
3.747747747747747127e+01 4.168326641866777760e-02
3.891891891891891930e+01 4.473579820346300362e-02
4.036036036036035313e+01 4.786180443801403561e-02
4.180180180180179406e+01 5.105312549531205307e-02
4.324324324324324209e+01 5.429980441244032507e-02
4.468468468468468302e+01 5.758944644446024885e-02
4.612612612612612395e+01 6.090629146881412076e-02
4.756756756756756488e+01 6.422985454600949051e-02
4.900900900900899870e+01 6.753291767637599474e-02
5.045045045045044674e+01 7.077856303889447365e-02
5.189189189189189477e+01 7.391585977564439636e-02
5.333333333333332860e+01 7.687389650064642421e-02
5.477477477477476953e+01 7.955452480414951233e-02
5.621621621621621756e+01 8.182643461057491352e-02
5.765765765765765138e+01 8.352819212449799635e-02
5.909909909909909942e+01 8.449335570407406903e-02
6.054054054054053324e+01 8.460372871068311262e-02
6.198198198198197417e+01 8.384447850570456162e-02
6.342342342342342221e+01 8.231206160150197904e-02
6.486486486486485603e+01 8.016670226977054559e-02
6.630630630630629696e+01 7.757459658354577681e-02
6.774774774774773789e+01 7.467548526569245393e-02
6.918918918918917882e+01 7.157542043321815650e-02
7.063063063063063396e+01 6.835142214257772242e-02
7.207207207207206068e+01 6.505879077815564238e-02
7.351351351351350161e+01 6.173748171312563177e-02
7.495495495495494254e+01 5.841681413960946034e-02
7.639639639639638347e+01 5.511873660261035202e-02
7.783783783783783861e+01 5.186004200341678971e-02
7.927927927927926532e+01 4.865386554277920800e-02
8.072072072072070625e+01 4.551070430508965398e-02
8.216216216216216139e+01 4.243911898876049499e-02
8.360360360360358811e+01 3.944622328725224530e-02
8.504504504504504325e+01 3.653802995976464241e-02
8.648648648648648418e+01 3.371969897598947608e-02
8.792792792792792511e+01 3.099571784689575740e-02
8.936936936936936604e+01 2.837003435382812883e-02
9.081081081081079276e+01 2.584615541625119584e-02
9.225225225225224790e+01 2.342722156117132970e-02
9.369369369369368883e+01 2.111606359615080322e-02
9.513513513513512976e+01 1.891524615005861498e-02
9.657657657657658490e+01 1.682710141676859242e-02
9.801801801801799741e+01 1.485375551442386609e-02
9.945945945945945255e+01 1.299714922469143857e-02
1.009009009009008935e+02 1.125905441578339307e-02
1.023423423423423344e+02 9.641087122029427803e-03
1.037837837837837895e+02 8.144718012408607571e-03
1.052252252252252305e+02 6.771280804097860526e-03
1.066666666666666572e+02 5.521979046441284622e-03
1.081081081081080981e+02 4.397891603000510762e-03
1.095495495495495391e+02 3.399977085508723573e-03
1.109909909909909942e+02 2.529077437268060103e-03
1.124324324324324351e+02 1.785920820146532370e-03
1.138738738738738618e+02 1.171123925554991415e-03
1.153153153153153028e+02 6.851938031597619612e-04
1.167567567567567437e+02 3.285292797703388791e-04
1.181981981981981988e+02 1.014220235006490914e-04
1.196396396396396398e+02 4.057293873449173317e-06
1.210810810810810665e+02 3.651440616285394968e-05
1.225225225225225216e+02 1.987669273573626548e-04
1.239639639639639483e+02 4.906826110428667929e-04
1.254054054054054035e+02 9.120230687734480696e-04
1.268468468468468444e+02 1.462443165679372251e-03
1.282882882882882996e+02 2.141490117603290621e-03
1.297297297297297121e+02 2.948602255503334022e-03
1.311711711711711530e+02 3.883107409544838372e-03
1.326126126126125939e+02 4.944220849537785643e-03
1.340540540540540633e+02 6.131042699185614529e-03
1.354954954954954758e+02 7.442554717858829334e-03
1.369369369369369451e+02 8.877616313638101234e-03
1.383783783783783576e+02 1.043495961317280132e-02
1.398198198198197986e+02 1.211318336454166381e-02
1.412612612612612679e+02 1.391074538490520186e-02
1.427027027027027088e+02 1.582595317991063871e-02
1.441441441441441214e+02 1.785695224891469327e-02
1.455855855855855907e+02 2.000171143849802102e-02
1.470270270270270032e+02 2.225800450110375708e-02
1.484684684684684726e+02 2.462338673393620406e-02
1.499099099099098851e+02 2.709516518330325544e-02
1.513513513513513544e+02 2.967036035392463938e-02
1.527927927927927669e+02 3.234565659053566244e-02
1.542342342342342079e+02 3.511733719351942812e-02
1.556756756756756772e+02 3.798119872804552738e-02
1.571171171171171181e+02 4.093243663527180304e-02
1.585585585585585306e+02 4.396549076129456501e-02
1.600000000000000000e+02 4.707383416575763174e-02
1.614414414414414125e+02 5.024968057763162799e-02
1.628828828828828819e+02 5.348357358006124856e-02
1.643243243243243228e+02 5.676380160083251830e-02
1.657657657657657353e+02 6.007555337481579327e-02
1.672072072072071762e+02 6.339968356521810677e-02
1.686486486486486456e+02 6.671089191119353168e-02
1.700900900900900865e+02 6.997503039005768810e-02
1.715315315315315274e+02 7.314516386349792509e-02
1.729729729729729684e+02 7.615602526730766431e-02
1.744144144144144093e+02 7.891696391893340823e-02
1.758558558558558502e+02 8.130521945197073663e-02
1.772972972972972627e+02 8.316563845099197994e-02
1.787387387387387321e+02 8.432901779689881694e-02
1.801801801801801446e+02 8.465916355386020331e-02
1.816216216216215855e+02 8.411212651074349844e-02
1.830630630630630549e+02 8.275937151663201319e-02
1.845045045045044958e+02 8.075110435783554308e-02
1.859459459459459367e+02 7.825628019529402846e-02
1.873873873873873777e+02 7.542269400610968066e-02
1.888288288288288186e+02 7.236463717528893169e-02
1.902702702702702595e+02 6.916571082483564947e-02
1.917117117117117004e+02 6.588598565485993819e-02
1.931531531531531698e+02 6.256874737575511547e-02
1.945945945945945539e+02 5.924561843689545720e-02
1.960360360360359948e+02 5.594014778771982943e-02
1.974774774774774642e+02 5.267025357842151229e-02
1.989189189189189051e+02 4.944987442152223162e-02
2.003603603603603460e+02 4.629009087775205755e-02
2.018018018018017870e+02 4.319989497418665059e-02
2.032432432432432279e+02 4.018672503526610207e-02
2.046846846846846688e+02 3.725684257410957073e-02
2.061261261261261097e+02 3.441560160974272559e-02
2.075675675675675791e+02 3.166764374028520346e-02
2.090090090090089632e+02 2.901704127654497478e-02
2.104504504504504609e+02 2.646740354982462726e-02
2.118918918918918735e+02 2.402195676903234184e-02
2.133333333333333144e+02 2.168360464218911654e-02
2.147747747747747553e+02 1.945497484385125264e-02
2.162162162162161962e+02 1.733845495136947593e-02
2.176576576576576372e+02 1.533622046327215785e-02
2.190990990990990781e+02 1.345025680588246737e-02
2.205405405405405190e+02 1.168237673306651153e-02
2.219819819819819884e+02 1.003423416487842466e-02
2.234234234234233725e+02 8.507335250735338292e-03
2.248648648648648702e+02 7.103047252364086579e-03
2.263063063063062827e+02 5.822605701105803416e-03
2.277477477477477237e+02 4.667120179099389261e-03
2.291891891891891646e+02 3.637578994795305411e-03
2.306306306306306055e+02 2.734852963034128427e-03
2.320720720720720465e+02 1.959698453672645193e-03
2.335135135135134874e+02 1.312759836841953303e-03
2.349549549549548999e+02 7.945714246786234232e-04
2.363963963963963977e+02 4.055589868807881176e-04
2.378378378378378386e+02 1.460408992203366513e-04
2.392792792792792795e+02 1.622896904982230702e-05
2.407207207207206920e+02 1.622896904982230702e-05
2.421621621621621330e+02 1.460408992204821784e-04
2.436036036036035739e+02 4.055589868806426176e-04
2.450450450450450433e+02 7.945714246784051733e-04
2.464864864864865126e+02 1.312759836841589445e-03
2.479279279279278967e+02 1.959698453672353759e-03
2.493693693693693660e+02 2.734852963033837427e-03
2.508108108108108070e+02 3.637578994795305411e-03
2.522522522522522195e+02 4.667120179098952111e-03
2.536936936936936888e+02 5.822605701105584841e-03
2.551351351351351298e+02 7.103047252364305154e-03
2.565765765765765991e+02 8.507335250734974000e-03
2.580180180180179832e+02 1.003423416487878722e-02
2.594594594594594241e+02 1.168237673306614897e-02
2.609009009009008651e+02 1.345025680588268595e-02
2.623423423423423060e+02 1.533622046327157672e-02
2.637837837837838038e+02 1.733845495136896592e-02
2.652252252252251878e+02 1.945497484385089182e-02
2.666666666666666288e+02 2.168360464218860653e-02
2.681081081081081265e+02 2.402195676903212326e-02
2.695495495495495106e+02 2.646740354982397153e-02
2.709909909909909516e+02 2.901704127654454110e-02
2.724324324324324493e+02 3.166764374028484264e-02
2.738738738738738903e+02 3.441560160974257987e-02
2.753153153153153312e+02 3.725684257410935563e-02
2.767567567567567153e+02 4.018672503526544981e-02
2.781981981981981562e+02 4.319989497418635915e-02
2.796396396396395971e+02 4.629009087775155101e-02
2.810810810810810381e+02 4.944987442152157936e-02
2.825225225225225358e+02 5.267025357842165800e-02
2.839639639639639768e+02 5.594014778771939228e-02
2.854054054054054177e+02 5.924561843689494373e-02
2.868468468468468018e+02 6.256874737575475465e-02
2.882882882882882427e+02 6.588598565485943859e-02
2.897297297297296836e+02 6.916571082483499722e-02
2.911711711711711814e+02 7.236463717528884843e-02
2.926126126126126223e+02 7.542269400610909780e-02
2.940540540540540064e+02 7.825628019529395907e-02
2.954954954954955042e+02 8.075110435783525165e-02
2.969369369369369451e+02 8.275937151663201319e-02
2.983783783783783292e+02 8.411212651074306823e-02
2.998198198198197701e+02 8.465916355386042536e-02
3.012612612612612679e+02 8.432901779689866428e-02
3.027027027027027088e+02 8.316563845099153585e-02
3.041441441441440929e+02 8.130521945197095868e-02
3.055855855855855339e+02 7.891696391893349150e-02
3.070270270270269748e+02 7.615602526730810840e-02
3.084684684684684157e+02 7.314516386349821653e-02
3.099099099099099135e+02 6.997503039005791015e-02
3.113513513513513544e+02 6.671089191119339290e-02
3.127927927927927954e+02 6.339968356521832882e-02
3.142342342342342363e+02 6.007555337481600838e-02
3.156756756756756204e+02 5.676380160083266402e-02
3.171171171171170613e+02 5.348357358006168571e-02
3.185585585585585591e+02 5.024968057763199575e-02
3.200000000000000000e+02 4.707383416575850604e-02
3.214414414414414409e+02 4.396549076129507155e-02
3.228828828828828250e+02 4.093243663527224019e-02
3.243243243243243228e+02 3.798119872804647801e-02
3.257657657657657637e+02 3.511733719351964322e-02
3.272072072072072046e+02 3.234565659053624531e-02
3.286486486486486456e+02 2.967036035392529511e-02
3.300900900900900865e+02 2.709516518330347401e-02
3.315315315315314706e+02 2.462338673393664121e-02
3.329729729729729684e+02 2.225800450110375708e-02
3.344144144144143524e+02 2.000171143849831246e-02
3.358558558558557934e+02 1.785695224891476612e-02
3.372972972972972912e+02 1.582595317991042014e-02
3.387387387387387321e+02 1.391074538490563728e-02
3.401801801801801730e+02 1.211318336454188238e-02
3.416216216216215571e+02 1.043495961317345531e-02
3.430630630630630549e+02 8.877616313638392667e-03
3.445045045045044390e+02 7.442554717859339343e-03
3.459459459459459367e+02 6.131042699185687388e-03
3.473873873873874345e+02 4.944220849538367643e-03
3.488288288288288186e+02 3.883107409545274655e-03
3.502702702702702027e+02 2.948602255504061739e-03
3.517117117117117004e+02 2.141490117603581621e-03
3.531531531531531414e+02 1.462443165680027109e-03
3.545945945945945255e+02 9.120230687740300693e-04
3.560360360360360232e+02 4.906826110430850428e-04
3.574774774774774642e+02 1.987669273578719588e-04
3.589189189189189051e+02 3.651440616329050369e-05
3.603603603603602892e+02 4.057293874249523737e-06
3.618018018018017870e+02 1.014220235009401320e-04
3.632432432432431710e+02 3.285292797704843790e-04
3.646846846846846688e+02 6.851938031604168193e-04
3.661261261261261097e+02 1.171123925555427915e-03
3.675675675675675507e+02 1.785920820146605229e-03
3.690090090090089916e+02 2.529077437268714961e-03
3.704504504504503757e+02 3.399977085509451290e-03
3.718918918918918735e+02 4.397891603000728469e-03
3.733333333333332575e+02 5.521979046442012339e-03
3.747747747747747553e+02 6.771280804098005375e-03
3.762162162162162531e+02 8.144718012409334421e-03
3.776576576576576372e+02 9.641087122029937811e-03
3.790990990990990781e+02 1.125905441578339307e-02
3.805405405405405190e+02 1.299714922469165715e-02
3.819819819819819600e+02 1.485375551442422865e-02
3.834234234234234009e+02 1.682710141676902957e-02
3.848648648648648418e+02 1.891524615005897927e-02
3.863063063063063396e+02 2.111606359615116751e-02
3.877477477477477237e+02 2.342722156117132970e-02
3.891891891891891078e+02 2.584615541625141441e-02
3.906306306306306055e+02 2.837003435382842026e-02
3.920720720720719896e+02 3.099571784689612169e-02
3.935135135135134874e+02 3.371969897598991323e-02
3.949549549549549283e+02 3.653802995976522527e-02
3.963963963963963693e+02 3.944622328725224530e-02
3.978378378378378102e+02 4.243911898876042560e-02
3.992792792792791943e+02 4.551070430509016745e-02
4.007207207207206920e+02 4.865386554277898595e-02
4.021621621621621898e+02 5.186004200341678971e-02
4.036036036036035739e+02 5.511873660261064345e-02
4.050450450450450717e+02 5.841681413960968239e-02
4.064864864864864558e+02 6.173748171312556238e-02
4.079279279279278967e+02 6.505879077815600320e-02
4.093693693693693376e+02 6.835142214257816651e-02
4.108108108108108354e+02 7.157542043321851732e-02
4.122522522522522195e+02 7.467548526569267597e-02
4.136936936936936604e+02 7.757459658354629028e-02
4.151351351351351582e+02 8.016670226977039293e-02
4.165765765765765423e+02 8.231206160150153495e-02
4.180180180180179264e+02 8.384447850570433958e-02
4.194594594594594241e+02 8.460372871068326528e-02
4.209009009009009219e+02 8.449335570407393026e-02
4.223423423423423060e+02 8.352819212449763553e-02
4.237837837837837469e+02 8.182643461057513556e-02
4.252252252252251878e+02 7.955452480414892946e-02
4.266666666666666288e+02 7.687389650064642421e-02
4.281081081081080129e+02 7.391585977564446575e-02
4.295495495495495106e+02 7.077856303889418221e-02
4.309909909909910084e+02 6.753291767637570331e-02
4.324324324324323925e+02 6.422985454600899091e-02
4.338738738738738903e+02 6.090629146881419015e-02
4.353153153153152743e+02 5.758944644445981170e-02
4.367567567567567153e+02 5.429980441244010997e-02
4.381981981981981562e+02 5.105312549531176164e-02
4.396396396396396540e+02 4.786180443801345274e-02
4.410810810810810381e+02 4.473579820346300362e-02
4.425225225225224790e+02 4.168326641866734045e-02
4.439639639639639768e+02 3.871101955914499348e-02
4.454054054054053609e+02 3.582483699552646561e-02
4.468468468468467449e+02 3.302969582227630735e-02
4.482882882882882427e+02 3.032993769305203022e-02
4.497297297297297405e+02 2.772939199364317028e-02
4.511711711711711246e+02 2.523146785435292569e-02
4.526126126126125655e+02 2.283922363995377278e-02
4.540540540540540064e+02 2.055541996281542647e-02
4.554954954954954474e+02 1.838256050349001622e-02
4.569369369369369451e+02 1.632292371133232251e-02
4.583783783783783292e+02 1.437858761401856859e-02
4.598198198198198270e+02 1.255144937030442005e-02
4.612612612612612111e+02 1.084324077668555319e-02
4.627027027027026520e+02 9.255540633363890449e-03
4.641441441441440929e+02 7.789784652672522049e-03
4.655855855855855339e+02 6.447273429648770447e-03
4.670270270270269748e+02 5.229178873042121360e-03
4.684684684684684157e+02 4.136549404001441457e-03
4.699099099099097998e+02 3.170314160757588262e-03
4.713513513513513544e+02 2.331286394929365808e-03
4.727927927927927954e+02 1.620166204377608728e-03
4.742342342342342363e+02 1.037542715736289702e-03
4.756756756756756772e+02 5.838958046150699577e-04
4.771171171171170613e+02 2.595974212459941700e-04
4.785585585585585591e+02 6.491257283121971890e-05
4.799999999999999432e+02 2.910363945489087256e-16
4.814414414414413841e+02 6.491257283143799591e-05
4.828828828828828250e+02 2.595974212460669200e-04
4.843243243243242659e+02 5.838958046152154576e-04
4.857657657657656500e+02 1.037542715736435202e-03
4.872072072072071478e+02 1.620166204377317728e-03
4.886486486486485319e+02 2.331286394929438666e-03
4.900900900900900865e+02 3.170314160757588262e-03
4.915315315315315274e+02 4.136549404001441457e-03
4.929729729729730252e+02 5.229178873042484785e-03
4.944144144144144093e+02 6.447273429648479014e-03
4.958558558558557934e+02 7.789784652672594907e-03
4.972972972972972912e+02 9.255540633364036165e-03
4.987387387387387321e+02 1.084324077668577177e-02
5.001801801801801162e+02 1.255144937030449291e-02
5.016216216216216139e+02 1.437858761401835175e-02
5.030630630630629980e+02 1.632292371133232251e-02
5.045045045045044390e+02 1.838256050349030765e-02
5.059459459459458799e+02 2.055541996281542647e-02
5.073873873873873777e+02 2.283922363995369992e-02
5.088288288288288754e+02 2.523146785435299855e-02
5.102702702702702595e+02 2.772939199364295518e-02
5.117117117117117004e+02 3.032993769305232165e-02
5.131531531531531982e+02 3.302969582227601592e-02
5.145945945945945823e+02 3.582483699552654194e-02
5.160360360360359664e+02 3.871101955914506287e-02
5.174774774774774642e+02 4.168326641866734045e-02
5.189189189189188482e+02 4.473579820346293423e-02
5.203603603603602323e+02 4.786180443801316131e-02
5.218018018018017301e+02 5.105312549531197674e-02
5.232432432432431142e+02 5.429980441244003364e-02
5.246846846846846120e+02 5.758944644445988109e-02
5.261261261261261097e+02 6.090629146881441219e-02
5.275675675675676075e+02 6.422985454600892152e-02
5.290090090090089916e+02 6.753291767637570331e-02
5.304504504504503757e+02 7.077856303889418221e-02
5.318918918918918735e+02 7.391585977564424370e-02
5.333333333333332575e+02 7.687389650064628543e-02
5.347747747747747553e+02 7.955452480414913763e-02
5.362162162162162531e+02 8.182643461057498291e-02
5.376576576576576372e+02 8.352819212449763553e-02
5.390990990990990213e+02 8.449335570407422169e-02
5.405405405405405190e+02 8.460372871068340406e-02
5.419819819819819031e+02 8.384447850570492244e-02
5.434234234234232872e+02 8.231206160150189577e-02
5.448648648648648987e+02 8.016670226977061497e-02
5.463063063063062827e+02 7.757459658354577681e-02
5.477477477477477805e+02 7.467548526569253720e-02
5.491891891891891646e+02 7.157542043321858671e-02
5.506306306306306624e+02 6.835142214257801385e-02
5.520720720720720465e+02 6.505879077815579503e-02
5.535135135135134306e+02 6.173748171312599953e-02
5.549549549549549283e+02 5.841681413960975178e-02
5.563963963963963124e+02 5.511873660261108060e-02
5.578378378378378102e+02 5.186004200341729625e-02
5.592792792792791943e+02 4.865386554277971454e-02
5.607207207207206920e+02 4.551070430509016745e-02
5.621621621621620761e+02 4.243911898876078642e-02
5.636036036036035739e+02 3.944622328725232163e-02
5.650450450450450717e+02 3.653802995976486445e-02
5.664864864864864558e+02 3.371969897598962179e-02
5.679279279279279535e+02 3.099571784689612169e-02
5.693693693693693376e+02 2.837003435382820168e-02
5.708108108108108354e+02 2.584615541625148727e-02
5.722522522522522195e+02 2.342722156117176685e-02
5.736936936936936036e+02 2.111606359615116751e-02
5.751351351351351013e+02 1.891524615005883356e-02
5.765765765765764854e+02 1.682710141676895671e-02
5.780180180180178695e+02 1.485375551442408466e-02
5.794594594594593673e+02 1.299714922469151143e-02
5.809009009009007514e+02 1.125905441578361164e-02
5.823423423423423628e+02 9.641087122029573520e-03
5.837837837837837469e+02 8.144718012409115845e-03
5.852252252252252447e+02 6.771280804098151092e-03
5.866666666666666288e+02 5.521979046441793763e-03
5.881081081081080129e+02 4.397891603000728469e-03
5.895495495495495106e+02 3.399977085508796432e-03
5.909909909909910084e+02 2.529077437267987678e-03
5.924324324324323925e+02 1.785920820146750729e-03
5.938738738738738903e+02 1.171123925554991415e-03
5.953153153153152743e+02 6.851938031599802111e-04
5.967567567567566584e+02 3.285292797705571832e-04
5.981981981981981562e+02 1.014220235007946049e-04
5.996396396396395403e+02 4.057293873667450319e-06
6.010810810810811518e+02 3.651440616241738890e-05
6.025225225225225358e+02 1.987669273574354048e-04
6.039639639639639199e+02 4.906826110425029346e-04
6.054054054054054177e+02 9.120230687730842114e-04
6.068468468468468018e+02 1.462443165679445109e-03
6.082882882882881859e+02 2.141490117603144904e-03
6.097297297297296836e+02 2.948602255503043022e-03
6.111711711711710677e+02 3.883107409545056513e-03
6.126126126126125655e+02 4.944220849538003351e-03
6.140540540540539496e+02 6.131042699185833104e-03
6.154954954954954474e+02 7.442554717858757343e-03
6.169369369369368314e+02 8.877616313637518367e-03
6.183783783783783292e+02 1.043495961317280132e-02
6.198198198198198270e+02 1.211318336454180952e-02
6.212612612612612111e+02 1.391074538490498329e-02
6.227027027027027088e+02 1.582595317991027442e-02
6.241441441441440929e+02 1.785695224891447816e-02
6.255855855855855907e+02 2.000171143849758387e-02
6.270270270270269748e+02 2.225800450110361137e-02
6.284684684684684726e+02 2.462338673393576691e-02
6.299099099099098567e+02 2.709516518330289114e-02
6.313513513513512407e+02 2.967036035392398366e-02
6.327927927927927385e+02 3.234565659053515591e-02
6.342342342342341226e+02 3.511733719351920607e-02
6.356756756756755067e+02 3.798119872804538166e-02
6.371171171171171181e+02 4.093243663527158099e-02
6.385585585585585022e+02 4.396549076129456501e-02
6.400000000000000000e+02 4.707383416575763174e-02
6.414414414414413841e+02 5.024968057763141288e-02
6.428828828828828819e+02 5.348357358006102652e-02
6.443243243243242659e+02 5.676380160083215748e-02
6.457657657657656500e+02 6.007555337481550184e-02
6.472072072072071478e+02 6.339968356521788473e-02
6.486486486486486456e+02 6.671089191119310147e-02
6.500900900900900297e+02 6.997503039005768810e-02
6.515315315315315274e+02 7.314516386349748100e-02
6.529729729729729115e+02 7.615602526730708144e-02
6.544144144144144093e+02 7.891696391893297802e-02
6.558558558558559071e+02 8.130521945197059785e-02
6.572972972972972912e+02 8.316563845099175789e-02
6.587387387387386752e+02 8.432901779689873367e-02
6.601801801801801730e+02 8.465916355386005065e-02
6.616216216216216708e+02 8.411212651074320701e-02
6.630630630630629412e+02 8.275937151663208258e-02
6.645045045045044390e+02 8.075110435783583451e-02
6.659459459459459367e+02 7.825628019529416723e-02
6.673873873873873208e+02 7.542269400610981944e-02
6.688288288288287049e+02 7.236463717528913986e-02
6.702702702702702027e+02 6.916571082483580213e-02
6.717117117117115868e+02 6.588598565486038228e-02
6.731531531531530845e+02 6.256874737575525425e-02
6.745945945945945823e+02 5.924561843689567231e-02
6.760360360360359664e+02 5.594014778771982943e-02
6.774774774774774642e+02 5.267025357842187311e-02
6.789189189189188482e+02 4.944987442152208590e-02
6.803603603603603460e+02 4.629009087775198816e-02
6.818018018018018438e+02 4.319989497418687263e-02
6.832432432432431142e+02 4.018672503526631717e-02
6.846846846846846120e+02 3.725684257410993849e-02
6.861261261261261097e+02 3.441560160974323906e-02
6.875675675675676075e+02 3.166764374028527979e-02
6.890090090090088779e+02 2.901704127654548479e-02
6.904504504504503757e+02 2.646740354982477297e-02
6.918918918918918735e+02 2.402195676903219612e-02
6.933333333333333712e+02 2.168360464218889797e-02
6.947747747747748690e+02 1.945497484385125264e-02
6.962162162162161394e+02 1.733845495136984022e-02
6.976576576576576372e+02 1.533622046327237642e-02
6.990990990990991349e+02 1.345025680588261309e-02
7.005405405405404053e+02 1.168237673306651153e-02
7.019819819819819031e+02 1.003423416487871610e-02
7.034234234234234009e+02 8.507335250735848300e-03
7.048648648648647850e+02 7.103047252365032871e-03
7.063063063063062827e+02 5.822605701106531133e-03
7.077477477477476668e+02 4.667120179099024969e-03
7.091891891891890509e+02 3.637578994795668836e-03
7.106306306306306624e+02 2.734852963034637569e-03
7.120720720720720465e+02 1.959698453672717618e-03
7.135135135135135442e+02 1.312759836842171445e-03
7.149549549549549283e+02 7.945714246789872814e-04
7.163963963963963124e+02 4.055589868812974758e-04
7.178378378378378102e+02 1.460408992207004554e-04
7.192792792792793080e+02 1.622896904982230702e-05
7.207207207207205784e+02 1.622896904982230702e-05
7.221621621621620761e+02 1.460408992208459553e-04
7.236036036036035739e+02 4.055589868808609218e-04
7.250450450450449580e+02 7.945714246788417815e-04
7.264864864864863421e+02 1.312759836842025945e-03
7.279279279279278398e+02 1.959698453673154334e-03
7.293693693693693376e+02 2.734852963034637569e-03
7.308108108108108354e+02 3.637578994795596411e-03
7.322522522522522195e+02 4.667120179099243545e-03
7.336936936936936036e+02 5.822605701106166841e-03
7.351351351351351013e+02 7.103047252364450871e-03
7.365765765765764854e+02 8.507335250735265433e-03
7.380180180180179832e+02 1.003423416487944295e-02
7.394594594594594810e+02 1.168237673306629296e-02
7.409009009009007514e+02 1.345025680588268595e-02
7.423423423423422491e+02 1.533622046327201213e-02
7.437837837837837469e+02 1.733845495136911163e-02
7.452252252252250173e+02 1.945497484385132550e-02
7.466666666666665151e+02 2.168360464218867939e-02
7.481081081081081265e+02 2.402195676903234184e-02
7.495495495495495106e+02 2.646740354982440868e-02
7.509909909909910084e+02 2.901704127654468335e-02
7.524324324324325062e+02 3.166764374028527979e-02
7.538738738738737766e+02 3.441560160974280191e-02
7.553153153153152743e+02 3.725684257410950134e-02
7.567567567567567721e+02 4.018672503526551920e-02
7.581981981981981562e+02 4.319989497418672691e-02
7.596396396396395403e+02 4.629009087775162040e-02
7.610810810810810381e+02 4.944987442152208590e-02
7.625225225225224222e+02 5.267025357842143596e-02
7.639639639639639199e+02 5.594014778771960739e-02
7.654054054054054177e+02 5.924561843689523516e-02
7.668468468468468018e+02 6.256874737575504608e-02
7.682882882882882996e+02 6.588598565485957737e-02
7.697297297297296836e+02 6.916571082483528865e-02
7.711711711711711814e+02 7.236463717528893169e-02
7.726126126126126792e+02 7.542269400610968066e-02
7.740540540540539496e+02 7.825628019529344559e-02
7.754954954954954474e+02 8.075110435783540430e-02
7.769369369369369451e+02 8.275937151663215197e-02
7.783783783783782155e+02 8.411212651074329028e-02
7.798198198198197133e+02 8.465916355386034209e-02
7.812612612612612111e+02 8.432901779689881694e-02
7.827027027027025952e+02 8.316563845099204932e-02
7.841441441441439792e+02 8.130521945197109746e-02
7.855855855855854770e+02 7.891696391893326945e-02
7.870270270270269748e+02 7.615602526730774757e-02
7.884684684684684726e+02 7.314516386349799448e-02
7.899099099099098567e+02 6.997503039005775749e-02
7.913513513513512407e+02 6.671089191119339290e-02
7.927927927927927385e+02 6.339968356521846760e-02
7.942342342342341226e+02 6.007555337481615410e-02
7.956756756756756204e+02 5.676380160083266402e-02
7.971171171171171181e+02 5.348357358006102652e-02
7.985585585585583885e+02 5.024968057763162799e-02
7.999999999999998863e+02 4.707383416575785379e-02
8.014414414414413841e+02 4.396549076129485645e-02
8.028828828828828819e+02 4.093243663527180304e-02
8.043243243243243796e+02 3.798119872804596453e-02
8.057657657657657637e+02 3.511733719351942812e-02
8.072072072072071478e+02 3.234565659053566244e-02
8.086486486486486456e+02 2.967036035392456653e-02
8.100900900900901433e+02 2.709516518330318258e-02
8.115315315315314137e+02 2.462338673393627692e-02
8.129729729729729115e+02 2.225800450110368423e-02
8.144144144144144093e+02 2.000171143849816674e-02
8.158558558558557934e+02 1.785695224891454755e-02
8.172972972972971775e+02 1.582595317991034728e-02
8.187387387387386752e+02 1.391074538490512900e-02
8.201801801801800593e+02 1.211318336454180952e-02
8.216216216216216708e+02 1.043495961317250989e-02
8.230630630630630549e+02 8.877616313638101234e-03
8.245045045045044390e+02 7.442554717859120768e-03
8.259459459459459367e+02 6.131042699185541671e-03
8.273873873873873208e+02 4.944220849537639927e-03
8.288288288288288186e+02 3.883107409545420372e-03
8.302702702702703164e+02 2.948602255503261597e-03
8.317117117117115868e+02 2.141490117603217763e-03
8.331531531531530845e+02 1.462443165679299609e-03
8.345945945945945823e+02 9.120230687735208196e-04
8.360360360360358527e+02 4.906826110428667929e-04
8.374774774774773505e+02 1.987669273574354048e-04
8.389189189189188482e+02 3.651440616285394968e-05
8.403603603603603460e+02 4.057293873594691883e-06
8.418018018018018438e+02 1.014220235005763279e-04
8.432432432432431142e+02 3.285292797707754331e-04
8.446846846846846120e+02 6.851938031601257110e-04
8.461261261261261097e+02 1.171123925554918774e-03
8.475675675675674938e+02 1.785920820146532370e-03
8.490090090090089916e+02 2.529077437268132961e-03
8.504504504504503757e+02 3.399977085508868856e-03
8.518918918918917598e+02 4.397891603000292186e-03
8.533333333333332575e+02 5.521979046441284622e-03
8.547747747747747553e+02 6.771280804097860526e-03
8.562162162162160257e+02 8.144718012408824412e-03
8.576576576576575235e+02 9.641087122029427803e-03
8.590990990990990213e+02 1.125905441578346593e-02
8.605405405405405190e+02 1.299714922469165715e-02
8.619819819819820168e+02 1.485375551442408466e-02
8.634234234234232872e+02 1.682710141676873813e-02
8.648648648648647850e+02 1.891524615005883356e-02
8.663063063063062827e+02 2.111606359615102180e-02
8.677477477477477805e+02 2.342722156117140256e-02
8.691891891891890509e+02 2.584615541625119584e-02
8.706306306306305487e+02 2.837003435382812883e-02
8.720720720720720465e+02 3.099571784689590312e-02
8.735135135135134306e+02 3.371969897598940669e-02
8.749549549549548146e+02 3.653802995976478812e-02
8.763963963963963124e+02 3.944622328725232163e-02
8.778378378378378102e+02 4.243911898876057132e-02
8.792792792792793080e+02 4.551070430508973030e-02
8.807207207207206920e+02 4.865386554277920800e-02
8.821621621621620761e+02 5.186004200341678971e-02
8.836036036036035739e+02 5.511873660261049773e-02
8.850450450450449580e+02 5.841681413960931463e-02
8.864864864864864558e+02 6.173748171312570809e-02
8.879279279279279535e+02 6.505879077815550360e-02
8.893693693693692239e+02 6.835142214257794446e-02
8.908108108108107217e+02 7.157542043321801772e-02
8.922522522522522195e+02 7.467548526569245393e-02
8.936936936936934899e+02 7.757459658354570742e-02
8.951351351351352150e+02 8.016670226977047620e-02
8.965765765765764854e+02 8.231206160150168760e-02
8.980180180180179832e+02 8.384447850570456162e-02
8.994594594594594810e+02 8.460372871068326528e-02
9.009009009009007514e+02 8.449335570407436047e-02
9.023423423423422491e+02 8.352819212449770492e-02
9.037837837837837469e+02 8.182643461057549639e-02
9.052252252252251310e+02 7.955452480414935967e-02
9.066666666666666288e+02 7.687389650064664626e-02
9.081081081081080129e+02 7.391585977564446575e-02
9.095495495495493969e+02 7.077856303889476508e-02
9.109909909909908947e+02 6.753291767637636944e-02
9.124324324324323925e+02 6.422985454600964317e-02
9.138738738738738903e+02 6.090629146881433587e-02
9.153153153153152743e+02 5.758944644445981170e-02
9.167567567567566584e+02 5.429980441243996425e-02
9.181981981981980425e+02 5.105312549531241390e-02
9.196396396396396540e+02 4.786180443801367479e-02
9.210810810810809244e+02 4.473579820346351016e-02
9.225225225225224222e+02 4.168326641866763188e-02
9.239639639639640336e+02 3.871101955914520859e-02
9.254054054054053040e+02 3.582483699552654194e-02
9.268468468468469155e+02 3.302969582227645307e-02
9.282882882882881859e+02 3.032993769305290452e-02
9.297297297297296836e+02 2.772939199364302804e-02
9.311711711711710677e+02 2.523146785435321712e-02
9.326126126126126792e+02 2.283922363995399135e-02
9.340540540540539496e+02 2.055541996281579076e-02
9.354954954954954474e+02 1.838256050349045337e-02
9.369369369369368314e+02 1.632292371133239536e-02
9.383783783783783292e+02 1.437858761401864145e-02
9.398198198198195996e+02 1.255144937030456577e-02
9.412612612612612111e+02 1.084324077668577177e-02
9.427027027027027088e+02 9.255540633364109024e-03
9.441441441441440929e+02 7.789784652672594907e-03
9.455855855855855907e+02 6.447273429648988155e-03
9.470270270270268611e+02 5.229178873042339068e-03
9.484684684684684726e+02 4.136549404001441457e-03
9.499099099099098567e+02 3.170314160757733979e-03
9.513513513513513544e+02 2.331286394929656808e-03
9.527927927927926248e+02 1.620166204377827086e-03
9.542342342342341226e+02 1.037542715736362343e-03
9.556756756756755067e+02 5.838958046153609575e-04
9.571171171171171181e+02 2.595974212459941700e-04
9.585585585585585022e+02 6.491257283151075942e-05
9.599999999999998863e+02 0.000000000000000000e+00
9.614414414414413841e+02 6.491257283143799591e-05
9.628828828828827682e+02 2.595974212460669200e-04
9.643243243243243796e+02 5.838958046153609575e-04
9.657657657657656500e+02 1.037542715736289702e-03
9.672072072072071478e+02 1.620166204377317728e-03
9.686486486486485319e+02 2.331286394929511525e-03
9.700900900900900297e+02 3.170314160757224404e-03
9.715315315315313001e+02 4.136549404001441457e-03
9.729729729729729115e+02 5.229178873041829927e-03
9.744144144144142956e+02 6.447273429648187580e-03
9.758558558558557934e+02 7.789784652672594907e-03
9.772972972972970638e+02 9.255540633363600750e-03
9.787387387387385616e+02 1.084324077668533462e-02
9.801801801801801730e+02 1.255144937030427434e-02
9.816216216216215571e+02 1.437858761401827890e-02
9.830630630630630549e+02 1.632292371133239536e-02
9.845045045045043253e+02 1.838256050348972478e-02
9.859459459459460504e+02 2.055541996281513503e-02
9.873873873873872071e+02 2.283922363995297480e-02
9.888288288288288186e+02 2.523146785435270711e-02
9.902702702702702027e+02 2.772939199364237231e-02
9.917117117117115868e+02 3.032993769305203022e-02
9.931531531531529708e+02 3.302969582227514161e-02
9.945945945945945823e+02 3.582483699552639622e-02
9.960360360360359664e+02 3.871101955914455633e-02
9.974774774774774642e+02 4.168326641866668819e-02
9.989189189189188482e+02 4.473579820346278851e-02
1.000360360360360232e+03 4.786180443801309192e-02
1.001801801801801844e+03 5.105312549531183103e-02
1.003243243243243228e+03 5.429980441243952710e-02
1.004684684684684726e+03 5.758944644445944394e-02
1.006126126126125996e+03 6.090629146881375300e-02
1.007567567567567494e+03 6.422985454600854682e-02
1.009009009009008878e+03 6.753291767637549514e-02
1.010450450450450489e+03 7.077856303889418221e-02
1.011891891891891760e+03 7.391585977564352206e-02
1.013333333333333258e+03 7.687389650064584135e-02
1.014774774774774755e+03 7.955452480414884620e-02
1.016216216216216139e+03 8.182643461057469148e-02
1.017657657657657751e+03 8.352819212449756614e-02
1.019099099099099021e+03 8.449335570407370821e-02
1.020540540540540519e+03 8.460372871068347345e-02
1.021981981981981903e+03 8.384447850570433958e-02
1.023423423423423401e+03 8.231206160150175699e-02
1.024864864864864785e+03 8.016670226977090641e-02
1.026306306306306396e+03 7.757459658354629028e-02
1.027747747747747553e+03 7.467548526569289802e-02
1.029189189189189165e+03 7.157542043321873937e-02
1.030630630630630549e+03 6.835142214257866611e-02
1.032072072072071933e+03 6.505879077815593381e-02
1.033513513513513544e+03 6.173748171312614524e-02
1.034954954954954928e+03 5.841681413960989749e-02
1.036396396396396312e+03 5.511873660261137203e-02
1.037837837837837696e+03 5.186004200341729625e-02
1.039279279279279308e+03 4.865386554277949943e-02
1.040720720720720465e+03 4.551070430509045889e-02
1.042162162162162076e+03 4.243911898876057132e-02
1.043603603603603460e+03 3.944622328725326532e-02
1.045045045045045072e+03 3.653802995976580814e-02
1.046486486486486228e+03 3.371969897599035038e-02
1.047927927927927840e+03 3.099571784689663170e-02
1.049369369369369224e+03 2.837003435382856598e-02
1.050810810810810835e+03 2.584615541625207014e-02
1.052252252252252219e+03 2.342722156117183971e-02
1.053693693693693604e+03 2.111606359615145895e-02
1.055135135135135215e+03 1.891524615005883356e-02
1.056576576576576599e+03 1.682710141676866528e-02
1.058018018018017983e+03 1.485375551442422865e-02
1.059459459459459367e+03 1.299714922469180287e-02
1.060900900900900751e+03 1.125905441578390308e-02
1.062342342342342135e+03 9.641087122030010670e-03
1.063783783783783747e+03 8.144718012408970129e-03
1.065225225225225131e+03 6.771280804098515384e-03
1.066666666666666515e+03 5.521979046442375763e-03
1.068108108108107899e+03 4.397891603001383327e-03
1.069549549549549511e+03 3.399977085509523714e-03
1.070990990990991122e+03 2.529077437268569678e-03
1.072432432432432506e+03 1.785920820146750729e-03
1.073873873873873890e+03 1.171123925554991415e-03
1.075315315315315274e+03 6.851938031604895693e-04
1.076756756756756658e+03 3.285292797712847370e-04
1.078198198198198043e+03 1.014220235007946049e-04
1.079639639639639654e+03 4.057293874104005171e-06
1.081081081081081038e+03 3.651440616299946317e-05
1.082522522522522422e+03 1.987669273576536818e-04
1.083963963963963806e+03 4.906826110430122928e-04
1.085405405405405190e+03 9.120230687738845694e-04
1.086846846846846574e+03 1.462443165679081251e-03
1.088288288288288186e+03 2.141490117603581621e-03
1.089729729729729797e+03 2.948602255503406881e-03
1.091171171171171181e+03 3.883107409545274655e-03
1.092612612612612565e+03 4.944220849538440501e-03
1.094054054054053950e+03 6.131042699185833104e-03
1.095495495495495561e+03 7.442554717859266485e-03
1.096936936936936945e+03 8.877616313637736942e-03
1.098378378378378329e+03 1.043495961317301990e-02
1.099819819819819713e+03 1.211318336454173666e-02
1.101261261261261325e+03 1.391074538490549156e-02
1.102702702702702481e+03 1.582595317991071157e-02
1.104144144144144093e+03 1.785695224891447816e-02
1.105585585585585477e+03 2.000171143849802102e-02
1.107027027027026861e+03 2.225800450110375708e-02
1.108468468468468473e+03 2.462338673393634977e-02
1.109909909909909857e+03 2.709516518330325544e-02
1.111351351351351468e+03 2.967036035392442081e-02
1.112792792792792625e+03 3.234565659053551673e-02
1.114234234234234236e+03 3.511733719351942812e-02
1.115675675675675620e+03 3.798119872804552738e-02
1.117117117117117232e+03 4.093243663527201814e-02
1.118558558558558389e+03 4.396549076129419725e-02
1.120000000000000000e+03 4.707383416575748603e-02
1.121441441441441384e+03 5.024968057763170431e-02
1.122882882882882768e+03 5.348357358006139428e-02
1.124324324324324152e+03 5.676380160083230320e-02
1.125765765765765764e+03 6.007555337481571694e-02
1.127207207207207148e+03 6.339968356521832882e-02
1.128648648648648532e+03 6.671089191119287942e-02
1.130090090090090143e+03 6.997503039005753545e-02
1.131531531531531300e+03 7.314516386349777244e-02
1.132972972972972912e+03 7.615602526730716471e-02
1.134414414414414296e+03 7.891696391893304741e-02
1.135855855855855907e+03 8.130521945197059785e-02
1.137297297297297064e+03 8.316563845099160523e-02
1.138738738738738675e+03 8.432901779689852551e-02
1.140180180180180059e+03 8.465916355386034209e-02
1.141621621621621671e+03 8.411212651074335966e-02
1.143063063063062827e+03 8.275937151663223523e-02
1.144504504504504439e+03 8.075110435783540430e-02
1.145945945945945823e+03 7.825628019529387580e-02
1.147387387387387207e+03 7.542269400610981944e-02
1.148828828828828819e+03 7.236463717528877904e-02
1.150270270270270203e+03 6.916571082483564947e-02
1.151711711711711587e+03 6.588598565485973002e-02
1.153153153153152971e+03 6.256874737575518486e-02
1.154594594594594582e+03 5.924561843689538088e-02
1.156036036036035739e+03 5.594014778772004454e-02
1.157477477477477350e+03 5.267025357842180372e-02
1.158918918918918735e+03 4.944987442152237733e-02
1.160360360360360346e+03 4.629009087775184245e-02
1.161801801801801503e+03 4.319989497418694202e-02
1.163243243243243342e+03 4.018672503526581063e-02
1.164684684684684726e+03 3.725684257410927930e-02
1.166126126126126110e+03 3.441560160974265620e-02
1.167567567567567494e+03 3.166764374028505774e-02
1.169009009009008878e+03 2.901704127654490192e-02
1.170450450450450489e+03 2.646740354982462726e-02
1.171891891891891873e+03 2.402195676903241470e-02
1.173333333333333258e+03 2.168360464218882511e-02
1.174774774774774642e+03 1.945497484385139836e-02
1.176216216216216026e+03 1.733845495136918449e-02
1.177657657657657410e+03 1.533622046327208499e-02
1.179099099099099021e+03 1.345025680588254023e-02
1.180540540540540405e+03 1.168237673306607612e-02
1.181981981981982017e+03 1.003423416487878722e-02
1.183423423423423401e+03 8.507335250735119717e-03
1.184864864864864785e+03 7.103047252364159438e-03
1.186306306306306396e+03 5.822605701105584841e-03
1.187747747747747781e+03 4.667120179098952111e-03
1.189189189189189165e+03 3.637578994795377836e-03
1.190630630630630549e+03 2.734852963033982710e-03
1.192072072072071933e+03 1.959698453672499476e-03
1.193513513513513317e+03 1.312759836842025945e-03
1.194954954954954928e+03 7.945714246786234232e-04
1.196396396396396312e+03 4.055589868807153676e-04
1.197837837837837696e+03 1.460408992203366513e-04
1.199279279279279081e+03 1.622896904945851315e-05
1.200720720720720465e+03 1.622896904967679015e-05
1.202162162162162304e+03 1.460408992205549283e-04
1.203603603603603460e+03 4.055589868807881176e-04
1.205045045045045072e+03 7.945714246784051733e-04
1.206486486486486456e+03 1.312759836842025945e-03
1.207927927927927840e+03 1.959698453672572335e-03
1.209369369369369224e+03 2.734852963034055569e-03
1.210810810810810835e+03 3.637578994795596411e-03
1.212252252252252219e+03 4.667120179098879253e-03
1.213693693693693604e+03 5.822605701105367133e-03
1.215135135135134988e+03 7.103047252364232296e-03
1.216576576576576372e+03 8.507335250734828283e-03
1.218018018018017983e+03 1.003423416487878722e-02
1.219459459459459367e+03 1.168237673306614897e-02
1.220900900900900979e+03 1.345025680588239451e-02
1.222342342342342135e+03 1.533622046327193927e-02
1.223783783783783747e+03 1.733845495136925735e-02
1.225225225225225131e+03 1.945497484385081896e-02
1.226666666666666742e+03 2.168360464218889797e-02
1.228108108108107899e+03 2.402195676903234184e-02
1.229549549549549511e+03 2.646740354982433582e-02
1.230990990990990895e+03 2.901704127654461049e-02
1.232432432432432506e+03 3.166764374028484264e-02
1.233873873873873663e+03 3.441560160974236476e-02
1.235315315315315274e+03 3.725684257410920991e-02
1.236756756756756658e+03 4.018672503526566492e-02
1.238198198198198043e+03 4.319989497418650487e-02
1.239639639639639654e+03 4.629009087775169673e-02
1.241081081081081038e+03 4.944987442152150997e-02
1.242522522522522422e+03 5.267025357842172739e-02
1.243963963963963806e+03 5.594014778771931595e-02
1.245405405405405418e+03 5.924561843689516577e-02
1.246846846846846574e+03 6.256874737575446321e-02
1.248288288288288186e+03 6.588598565485964675e-02
1.249729729729729570e+03 6.916571082483463639e-02
1.251171171171171181e+03 7.236463717528877904e-02
1.252612612612612338e+03 7.542269400610923658e-02
1.254054054054053950e+03 7.825628019529366763e-02
1.255495495495495561e+03 8.075110435783533491e-02
1.256936936936936945e+03 8.275937151663201319e-02
1.258378378378378329e+03 8.411212651074342905e-02
1.259819819819819713e+03 8.465916355385984249e-02
1.261261261261261097e+03 8.432901779689873367e-02
1.262702702702702481e+03 8.316563845099197994e-02
1.264144144144144093e+03 8.130521945197102807e-02
1.265585585585585477e+03 7.891696391893369966e-02
1.267027027027026861e+03 7.615602526730803901e-02
1.268468468468468245e+03 7.314516386349879939e-02
1.269909909909909857e+03 6.997503039005820158e-02
1.271351351351351013e+03 6.671089191119353168e-02
1.272792792792792852e+03 6.339968356521882842e-02
1.274234234234234236e+03 6.007555337481623042e-02
1.275675675675675620e+03 5.676380160083324689e-02
1.277117117117117004e+03 5.348357358006139428e-02
1.278558558558558389e+03 5.024968057763214146e-02
1.280000000000000000e+03 4.707383416575806889e-02
1.281441441441441384e+03 4.396549076129536299e-02
1.282882882882882768e+03 4.093243663527209447e-02
1.284324324324324152e+03 3.798119872804640168e-02
1.285765765765765764e+03 3.511733719351986527e-02
1.287207207207207148e+03 3.234565659053631470e-02
1.288648648648648532e+03 2.967036035392471224e-02
1.290090090090089916e+03 2.709516518330405341e-02
1.291531531531531300e+03 2.462338673393634977e-02
1.292972972972973139e+03 2.225800450110375708e-02
1.294414414414414296e+03 2.000171143849831246e-02
1.295855855855855907e+03 1.785695224891462041e-02
1.297297297297297291e+03 1.582595317991071157e-02
1.298738738738738675e+03 1.391074538490527472e-02
1.300180180180180059e+03 1.211318336454217381e-02
1.301621621621621671e+03 1.043495961317294704e-02
1.303063063063063055e+03 8.877616313638319809e-03
1.304504504504504212e+03 7.442554717859412201e-03
1.305945945945945823e+03 6.131042699186196529e-03
1.307387387387387207e+03 4.944220849537858502e-03
1.308828828828828819e+03 3.883107409545274655e-03
1.310270270270270203e+03 2.948602255503334022e-03
1.311711711711711814e+03 2.141490117603217763e-03
1.313153153153152971e+03 1.462443165679517751e-03
1.314594594594594582e+03 9.120230687735208196e-04
1.316036036036035966e+03 4.906826110425756846e-04
1.317477477477477350e+03 1.987669273575081818e-04
1.318918918918918735e+03 3.651440616292670643e-05
1.320360360360360346e+03 4.057293873740209602e-06
1.321801801801801730e+03 1.014220235009401320e-04
1.323243243243243342e+03 3.285292797702661291e-04
1.324684684684684498e+03 6.851938031598347112e-04
1.326126126126125882e+03 1.171123925554918774e-03
1.327567567567567494e+03 1.785920820146314229e-03
1.329009009009008878e+03 2.529077437268205820e-03
1.330450450450450489e+03 3.399977085509159856e-03
1.331891891891891873e+03 4.397891603000583620e-03
1.333333333333333258e+03 5.521979046441357480e-03
1.334774774774774642e+03 6.771280804097641950e-03
1.336216216216216253e+03 8.144718012408824412e-03
1.337657657657657410e+03 9.641087122029136369e-03
1.339099099099099021e+03 1.125905441578324735e-02
1.340540540540540405e+03 1.299714922469122000e-02
1.341981981981982017e+03 1.485375551442408466e-02
1.343423423423423174e+03 1.682710141676815527e-02
1.344864864864865012e+03 1.891524615005818130e-02
1.346306306306306169e+03 2.111606359615051179e-02
1.347747747747747553e+03 2.342722156117103827e-02
1.349189189189189165e+03 2.584615541625119584e-02
1.350630630630630549e+03 2.837003435382776800e-02
1.352072072072071933e+03 3.099571784689561169e-02
1.353513513513513544e+03 3.371969897598940669e-02
1.354954954954954928e+03 3.653802995976486445e-02
1.356396396396396085e+03 3.944622328725166244e-02
1.357837837837837696e+03 4.243911898875998845e-02
1.359279279279279081e+03 4.551070430508907111e-02
1.360720720720720692e+03 4.865386554277847941e-02
1.362162162162162076e+03 5.186004200341635256e-02
1.363603603603603688e+03 5.511873660261028263e-02
1.365045045045044844e+03 5.841681413960895380e-02
1.366486486486486228e+03 6.173748171312505584e-02
1.367927927927928067e+03 6.505879077815528155e-02
1.369369369369369224e+03 6.835142214257750037e-02
1.370810810810810608e+03 7.157542043321822589e-02
1.372252252252252219e+03 7.467548526569216250e-02
1.373693693693693604e+03 7.757459658354541598e-02
1.375135135135135215e+03 8.016670226977018476e-02
1.376576576576576599e+03 8.231206160150153495e-02
1.378018018018017756e+03 8.384447850570478367e-02
1.379459459459459367e+03 8.460372871068311262e-02
1.380900900900900751e+03 8.449335570407429108e-02
1.382342342342342135e+03 8.352819212449792696e-02
1.383783783783783747e+03 8.182643461057527434e-02
1.385225225225225131e+03 7.955452480414942906e-02
1.386666666666666742e+03 7.687389650064671565e-02
1.388108108108107899e+03 7.391585977564482657e-02
1.389549549549549738e+03 7.077856303889432099e-02
1.390990990990990895e+03 6.753291767637621679e-02
1.392432432432432279e+03 6.422985454600964317e-02
1.393873873873873890e+03 6.090629146881499506e-02
1.395315315315315274e+03 5.758944644446046396e-02
1.396756756756756431e+03 5.429980441244076222e-02
1.398198198198198270e+03 5.105312549531241390e-02
1.399639639639639427e+03 4.786180443801382051e-02
1.401081081081080811e+03 4.473579820346373220e-02
1.402522522522522422e+03 4.168326641866777760e-02
1.403963963963963806e+03 3.871101955914593717e-02
1.405405405405405418e+03 3.582483699552697909e-02
1.406846846846846802e+03 3.302969582227703593e-02
1.408288288288288413e+03 3.032993769305283166e-02
1.409729729729729570e+03 2.772939199364324314e-02
1.411171171171170954e+03 2.523146785435336284e-02
1.412612612612612565e+03 2.283922363995413707e-02
1.414054054054053950e+03 2.055541996281615505e-02
1.415495495495495334e+03 1.838256050349067194e-02
1.416936936936936945e+03 1.632292371133297823e-02
1.418378378378378102e+03 1.437858761401929718e-02
1.419819819819819486e+03 1.255144937030500119e-02
1.421261261261261325e+03 1.084324077668591749e-02
1.422702702702702481e+03 9.255540633364546174e-03
1.424144144144144093e+03 7.789784652672958332e-03
1.425585585585585477e+03 6.447273429648915297e-03
1.427027027027027088e+03 5.229178873042848209e-03
1.428468468468468245e+03 4.136549404002460607e-03
1.429909909909909857e+03 3.170314160758315979e-03
1.431351351351351241e+03 2.331286394930166383e-03
1.432792792792792625e+03 1.620166204377827086e-03
1.434234234234234009e+03 1.037542715736799060e-03
1.435675675675675620e+03 5.838958046157975658e-04
1.437117117117116777e+03 2.595974212462124199e-04
1.438558558558558616e+03 6.491257283194731343e-05
1.440000000000000000e+03 2.182772959116815565e-16
