Theta (degrees)	Normalized Energy
0.000000000000000000e+00 3.417829634158937036e-01
1.441441441441441373e+00 3.421515348198328477e-01
2.882882882882882747e+00 3.432192788816029183e-01
4.324324324324323676e+00 3.448878961130644738e-01
5.765765765765765494e+00 3.470326488386699659e-01
7.207207207207206423e+00 3.495320039936039014e-01
8.648648648648647352e+00 3.522828293553613155e-01
1.009009009009008828e+01 3.552037921431416279e-01
1.153153153153153099e+01 3.582329557336788040e-01
1.297297297297297369e+01 3.613237179170353808e-01
1.441441441441441285e+01 3.644409622253720893e-01
1.585585585585585555e+01 3.675579819829453698e-01
1.729729729729729470e+01 3.706541913300411828e-01
1.873873873873873563e+01 3.737134739015048335e-01
2.018018018018017656e+01 3.767230048332440573e-01
2.162162162162162105e+01 3.796724110530218521e-01
2.306306306306306197e+01 3.825531697263345188e-01
2.450450450450449935e+01 3.853581738184854721e-01
2.594594594594594739e+01 3.880814152959388696e-01
2.738738738738738476e+01 3.907177516978092569e-01
2.882882882882882569e+01 3.932627323058953128e-01
3.027027027027026662e+01 3.957124673331305909e-01
3.171171171171171110e+01 3.980635284769792892e-01
3.315315315315314848e+01 4.003128725740265903e-01
3.459459459459458941e+01 4.024577824401708859e-01
3.603603603603603034e+01 4.044958206208874585e-01
3.747747747747747127e+01 4.064247929318620112e-01
3.891891891891891930e+01 4.082427194924373448e-01
4.036036036036035313e+01 4.099478115446913984e-01
4.180180180180179406e+01 4.115384527788186753e-01
4.324324324324324209e+01 4.130131841984859831e-01
4.468468468468468302e+01 4.143706917907776233e-01
4.612612612612612395e+01 4.156097964373608455e-01
4.756756756756756488e+01 4.167294456326213203e-01
4.900900900900899870e+01 4.177287066723152087e-01
5.045045045045044674e+01 4.186067610510197379e-01
5.189189189189189477e+01 4.193628998641999450e-01
5.333333333333332860e+01 4.199965200555018652e-01
5.477477477477476953e+01 4.205071213850849476e-01
5.621621621621621756e+01 4.208943040227925425e-01
5.765765765765765138e+01 4.211577666926125674e-01
5.909909909909909942e+01 4.212973053134950185e-01
6.054054054054053324e+01 4.213128120973095303e-01
6.198198198198197417e+01 4.212042750784172895e-01
6.342342342342342221e+01 4.209717780617029392e-01
6.486486486486485603e+01 4.206155009876175188e-01
6.630630630630629696e+01 4.201357207244251768e-01
6.774774774774773789e+01 4.195328123099873463e-01
6.918918918918917882e+01 4.188072506787207661e-01
7.063063063063063396e+01 4.179596129244923519e-01
7.207207207207206068e+01 4.169905811680273966e-01
7.351351351351350161e+01 4.159009461189102641e-01
7.495495495495494254e+01 4.146916114487881888e-01
7.639639639639638347e+01 4.133635991255676378e-01
7.783783783783783861e+01 4.119180559005238829e-01
7.927927927927926532e+01 4.103562611942559446e-01
8.072072072072070625e+01 4.086796366973553529e-01
8.216216216216216139e+01 4.068897580930072588e-01
8.360360360360358811e+01 4.049883694291324110e-01
8.504504504504504325e+01 4.029774008276348907e-01
8.648648648648648418e+01 4.008589904327070630e-01
8.792792792792792511e+01 3.986355117899826328e-01
8.936936936936936604e+01 3.963096082437069234e-01
9.081081081081079276e+01 3.938842364832983445e-01
9.225225225225224790e+01 3.913627221268661249e-01
9.369369369369368883e+01 3.887488312897592335e-01
9.513513513513512976e+01 3.860468635876370125e-01
9.657657657657658490e+01 3.832617741684432588e-01
9.801801801801799741e+01 3.803993354579681685e-01
9.945945945945945255e+01 3.774663537882889108e-01
1.009009009009008935e+02 3.744709626196345287e-01
1.023423423423423344e+02 3.714230236198088342e-01
1.037837837837837895e+02 3.683346807454440097e-01
1.052252252252252305e+02 3.652211322922968018e-01
1.066666666666666572e+02 3.621017130686875474e-01
1.081081081081080981e+02 3.590014128109960678e-01
1.095495495495495391e+02 3.559529897599892911e-01
1.109909909909909942e+02 3.529998406727011262e-01
1.124324324324324351e+02 3.501996777339156375e-01
1.138738738738738618e+02 3.476286441411334804e-01
1.153153153153153028e+02 3.453844184891364244e-01
1.167567567567567437e+02 3.435847951495497044e-01
1.181981981981981988e+02 3.423559689232472114e-01
1.196396396396396398e+02 3.418061963266810777e-01
1.210810810810810665e+02 3.419911063334373780e-01
1.225225225225225216e+02 3.428914416936035270e-01
1.239639639639639483e+02 3.444211058392307456e-01
1.254054054054054035e+02 3.464587185799155034e-01
1.268468468468468444e+02 3.488799372600971949e-01
1.282882882882882996e+02 3.515763561038160456e-01
1.297297297297297121e+02 3.544612824643304516e-01
1.311711711711711530e+02 3.574682930291017691e-01
1.326126126126125939e+02 3.605473373518561231e-01
1.340540540540540633e+02 3.636607486457630323e-01
1.354954954954954758e+02 3.667799610458569171e-01
1.369369369369369451e+02 3.698830352580846914e-01
1.383783783783783576e+02 3.729528638838916499e-01
1.398198198198197986e+02 3.759758891542601122e-01
1.412612612612612679e+02 3.789411893372039430e-01
1.427027027027027088e+02 3.818398253090679040e-01
1.441441441441441214e+02 3.846643696969647697e-01
1.455855855855855907e+02 3.874085643843234728e-01
1.470270270270270032e+02 3.900670688124816543e-01
1.484684684684684726e+02 3.926352730409173875e-01
1.499099099099098851e+02 3.951091574351304203e-01
1.513513513513513544e+02 3.974851862650131684e-01
1.527927927927927669e+02 3.997602262162399667e-01
1.542342342342342079e+02 4.019314833892670968e-01
1.556756756756756772e+02 4.039964541530431941e-01
1.571171171171171181e+02 4.059528864809566762e-01
1.585585585585585306e+02 4.077987492909628808e-01
1.600000000000000000e+02 4.095322079526412251e-01
1.614414414414414125e+02 4.111516045872061209e-01
1.628828828828828819e+02 4.126554421246762527e-01
1.643243243243243228e+02 4.140423713313686194e-01
1.657657657657657353e+02 4.153111802059062385e-01
1.672072072072071762e+02 4.164607852805201627e-01
1.686486486486486456e+02 4.174902244692042519e-01
1.700900900900900865e+02 4.183986511840959155e-01
1.715315315315315274e+02 4.191853295029091542e-01
1.729729729729729684e+02 4.198496302177920358e-01
1.744144144144144093e+02 4.203910276334060225e-01
1.758558558558558502e+02 4.208090970115959673e-01
1.772972972972972627e+02 4.211035125838453186e-01
1.787387387387387321e+02 4.212740460722481650e-01
1.801801801801801446e+02 4.213205656760919404e-01
1.816216216216215855e+02 4.212430354952191314e-01
1.830630630630630549e+02 4.210415153740346694e-01
1.845045045045044958e+02 4.207161611617975527e-01
1.859459459459459367e+02 4.202672253964617188e-01
1.873873873873873777e+02 4.196950584312834631e-01
1.888288288288288186e+02 4.190001100363534570e-01
1.902702702702702595e+02 4.181829315218285048e-01
1.917117117117117004e+02 4.172441784466819348e-01
1.931531531531531698e+02 4.161846139972619207e-01
1.945945945945945539e+02 4.150051131450772091e-01
1.960360360360359948e+02 4.137066677245777035e-01
1.974774774774774642e+02 4.122903926113233863e-01
1.989189189189189051e+02 4.107575332316724115e-01
2.003603603603603460e+02 4.091094747005817878e-01
2.018018018018017870e+02 4.073477529695554988e-01
2.032432432432432279e+02 4.054740684789840399e-01
2.046846846846846688e+02 4.034903029580330647e-01
2.061261261261261097e+02 4.013985402143129266e-01
2.075675675675675791e+02 3.992010920241169658e-01
2.090090090090089632e+02 3.969005305995857991e-01
2.104504504504504609e+02 3.944997296111086293e-01
2.118918918918918735e+02 3.920019164391951860e-01
2.133333333333333144e+02 3.894107393036803644e-01
2.147747747747747553e+02 3.867303542933783200e-01
2.162162162162161962e+02 3.839655392796098576e-01
2.176576576576576372e+02 3.811218445155804546e-01
2.190990990990990781e+02 3.782057938071922698e-01
2.205405405405405190e+02 3.752251560912428507e-01
2.219819819819819884e+02 3.721893159488245950e-01
2.234234234234233725e+02 3.691097842372441096e-01
2.248648648648648702e+02 3.660009082040030504e-01
2.263063063063062827e+02 3.628808657164222518e-01
2.277477477477477237e+02 3.597730608211333614e-01
2.291891891891891646e+02 3.567080724830198335e-01
2.306306306306306055e+02 3.537263231973274968e-01
2.320720720720720465e+02 3.508815643034319809e-01
2.335135135135134874e+02 3.482449601189454569e-01
2.349549549549548999e+02 3.459086770084393581e-01
2.363963963963963977e+02 3.439860664492600528e-01
2.378378378378378386e+02 3.426031088736759544e-01
2.392792792792792795e+02 3.418757353657228548e-01
2.407207207207206920e+02 3.418757353657227438e-01
2.421621621621621330e+02 3.426031088736759544e-01
2.436036036036035739e+02 3.439860664492597198e-01
2.450450450450450433e+02 3.459086770084389140e-01
2.464864864864865126e+02 3.482449601189446242e-01
2.479279279279278967e+02 3.508815643034318699e-01
2.493693693693693660e+02 3.537263231973267752e-01
2.508108108108108070e+02 3.567080724830193894e-01
2.522522522522522195e+02 3.597730608211323067e-01
2.536936936936936888e+02 3.628808657164216966e-01
2.551351351351351298e+02 3.660009082040027728e-01
2.565765765765765991e+02 3.691097842372433879e-01
2.580180180180179832e+02 3.721893159488240399e-01
2.594594594594594241e+02 3.752251560912418515e-01
2.609009009009008651e+02 3.782057938071915482e-01
2.623423423423423060e+02 3.811218445155798995e-01
2.637837837837838038e+02 3.839655392796094691e-01
2.652252252252251878e+02 3.867303542933773208e-01
2.666666666666666288e+02 3.894107393036793097e-01
2.681081081081081265e+02 3.920019164391942978e-01
2.695495495495495106e+02 3.944997296111075746e-01
2.709909909909909516e+02 3.969005305995843558e-01
2.724324324324324493e+02 3.992010920241165217e-01
2.738738738738738903e+02 4.013985402143122050e-01
2.753153153153153312e+02 4.034903029580326206e-01
2.767567567567567153e+02 4.054740684789832073e-01
2.781981981981981562e+02 4.073477529695544996e-01
2.796396396396395971e+02 4.091094747005813437e-01
2.810810810810810381e+02 4.107575332316713568e-01
2.825225225225225358e+02 4.122903926113232198e-01
2.839639639639639768e+02 4.137066677245769819e-01
2.854054054054054177e+02 4.150051131450764874e-01
2.868468468468468018e+02 4.161846139972610326e-01
2.882882882882882427e+02 4.172441784466816017e-01
2.897297297297296836e+02 4.181829315218277832e-01
2.911711711711711814e+02 4.190001100363524023e-01
2.926126126126126223e+02 4.196950584312827415e-01
2.940540540540540064e+02 4.202672253964611637e-01
2.954954954954955042e+02 4.207161611617966646e-01
2.969369369369369451e+02 4.210415153740340588e-01
2.983783783783783292e+02 4.212430354952186873e-01
2.998198198198197701e+02 4.213205656760916629e-01
3.012612612612612679e+02 4.212740460722472768e-01
3.027027027027027088e+02 4.211035125838434312e-01
3.041441441441440929e+02 4.208090970115959673e-01
3.055855855855855339e+02 4.203910276334057450e-01
3.070270270270269748e+02 4.198496302177913142e-01
3.084684684684684157e+02 4.191853295029089876e-01
3.099099099099099135e+02 4.183986511840959155e-01
3.113513513513513544e+02 4.174902244692029751e-01
3.127927927927927954e+02 4.164607852805194410e-01
3.142342342342342363e+02 4.153111802059057944e-01
3.156756756756756204e+02 4.140423713313678977e-01
3.171171171171170613e+02 4.126554421246758086e-01
3.185585585585585591e+02 4.111516045872061209e-01
3.200000000000000000e+02 4.095322079526408920e-01
3.214414414414414409e+02 4.077987492909630474e-01
3.228828828828828250e+02 4.059528864809562321e-01
3.243243243243243228e+02 4.039964541530433051e-01
3.257657657657657637e+02 4.019314833892665417e-01
3.272072072072072046e+02 3.997602262162395781e-01
3.286486486486486456e+02 3.974851862650130574e-01
3.300900900900900865e+02 3.951091574351304203e-01
3.315315315315314706e+02 3.926352730409172209e-01
3.329729729729729684e+02 3.900670688124818208e-01
3.344144144144143524e+02 3.874085643843227511e-01
3.358558558558557934e+02 3.846643696969646031e-01
3.372972972972972912e+02 3.818398253090672934e-01
3.387387387387387321e+02 3.789411893372042206e-01
3.401801801801801730e+02 3.759758891542596682e-01
3.416216216216215571e+02 3.729528638838914834e-01
3.430630630630630549e+02 3.698830352580842473e-01
3.445045045045044390e+02 3.667799610458570281e-01
3.459459459459459367e+02 3.636607486457628657e-01
3.473873873873874345e+02 3.605473373518558455e-01
3.488288288288288186e+02 3.574682930291017691e-01
3.502702702702702027e+02 3.544612824643307292e-01
3.517117117117117004e+02 3.515763561038162122e-01
3.531531531531531414e+02 3.488799372600974724e-01
3.545945945945945255e+02 3.464587185799156699e-01
3.560360360360360232e+02 3.444211058392307456e-01
3.574774774774774642e+02 3.428914416936033605e-01
3.589189189189189051e+02 3.419911063334376555e-01
3.603603603603602892e+02 3.418061963266811887e-01
3.618018018018017870e+02 3.423559689232470449e-01
3.632432432432431710e+02 3.435847951495497044e-01
3.646846846846846688e+02 3.453844184891370350e-01
3.661261261261261097e+02 3.476286441411334804e-01
3.675675675675675507e+02 3.501996777339155265e-01
3.690090090090089916e+02 3.529998406727015703e-01
3.704504504504503757e+02 3.559529897599896797e-01
3.718918918918918735e+02 3.590014128109963454e-01
3.733333333333332575e+02 3.621017130686878249e-01
3.747747747747747553e+02 3.652211322922974124e-01
3.762162162162162531e+02 3.683346807454445648e-01
3.776576576576576372e+02 3.714230236198091117e-01
3.790990990990990781e+02 3.744709626196348617e-01
3.805405405405405190e+02 3.774663537882889108e-01
3.819819819819819600e+02 3.803993354579682795e-01
3.834234234234234009e+02 3.832617741684432588e-01
3.848648648648648418e+02 3.860468635876370125e-01
3.863063063063063396e+02 3.887488312897594001e-01
3.877477477477477237e+02 3.913627221268659584e-01
3.891891891891891078e+02 3.938842364832987331e-01
3.906306306306306055e+02 3.963096082437073675e-01
3.920720720720719896e+02 3.986355117899827438e-01
3.935135135135134874e+02 4.008589904327077846e-01
3.949549549549549283e+02 4.029774008276356123e-01
3.963963963963963693e+02 4.049883694291324110e-01
3.978378378378378102e+02 4.068897580930069813e-01
3.992792792792791943e+02 4.086796366973556860e-01
4.007207207207206920e+02 4.103562611942556670e-01
4.021621621621621898e+02 4.119180559005238829e-01
4.036036036036035739e+02 4.133635991255684705e-01
4.050450450450450717e+02 4.146916114487884664e-01
4.064864864864864558e+02 4.159009461189101531e-01
4.079279279279278967e+02 4.169905811680273966e-01
4.093693693693693376e+02 4.179596129244920744e-01
4.108108108108108354e+02 4.188072506787208771e-01
4.122522522522522195e+02 4.195328123099870687e-01
4.136936936936936604e+02 4.201357207244252878e-01
4.151351351351351582e+02 4.206155009876172413e-01
4.165765765765765423e+02 4.209717780617031058e-01
4.180180180180179264e+02 4.212042750784167344e-01
4.194594594594594241e+02 4.213128120973092527e-01
4.209009009009009219e+02 4.212973053134948520e-01
4.223423423423423060e+02 4.211577666926126784e-01
4.237837837837837469e+02 4.208943040227925425e-01
4.252252252252251878e+02 4.205071213850846701e-01
4.266666666666666288e+02 4.199965200555020317e-01
4.281081081081080129e+02 4.193628998641995009e-01
4.295495495495495106e+02 4.186067610510194603e-01
4.309909909909910084e+02 4.177287066723145981e-01
4.324324324324323925e+02 4.167294456326209873e-01
4.338738738738738903e+02 4.156097964373608455e-01
4.353153153153152743e+02 4.143706917907770682e-01
4.367567567567567153e+02 4.130131841984855945e-01
4.381981981981981562e+02 4.115384527788190083e-01
4.396396396396396540e+02 4.099478115446911208e-01
4.410810810810810381e+02 4.082427194924371783e-01
4.425225225225224790e+02 4.064247929318618446e-01
4.439639639639639768e+02 4.044958206208870144e-01
4.454054054054053609e+02 4.024577824401705528e-01
4.468468468468467449e+02 4.003128725740265903e-01
4.482882882882882427e+02 3.980635284769786786e-01
4.497297297297297405e+02 3.957124673331305909e-01
4.511711711711711246e+02 3.932627323058950353e-01
4.526126126126125655e+02 3.907177516978092569e-01
4.540540540540540064e+02 3.880814152959385921e-01
4.554954954954954474e+02 3.853581738184853056e-01
4.569369369369369451e+02 3.825531697263336861e-01
4.583783783783783292e+02 3.796724110530215746e-01
4.598198198198198270e+02 3.767230048332441683e-01
4.612612612612612111e+02 3.737134739015044449e-01
4.627027027027026520e+02 3.706541913300419600e-01
4.641441441441440929e+02 3.675579819829455364e-01
4.655855855855855339e+02 3.644409622253722003e-01
4.670270270270269748e+02 3.613237179170351032e-01
4.684684684684684157e+02 3.582329557336790815e-01
4.699099099099097998e+02 3.552037921431415168e-01
4.713513513513513544e+02 3.522828293553611489e-01
4.727927927927927954e+02 3.495320039936039014e-01
4.742342342342342363e+02 3.470326488386697994e-01
4.756756756756756772e+02 3.448878961130640297e-01
4.771171171171170613e+02 3.432192788816026408e-01
4.785585585585585591e+02 3.421515348198324036e-01
4.799999999999999432e+02 3.417829634158937036e-01
4.814414414414413841e+02 3.421515348198326811e-01
4.828828828828828250e+02 3.432192788816026408e-01
4.843243243243242659e+02 3.448878961130646403e-01
4.857657657657656500e+02 3.470326488386699659e-01
4.872072072072071478e+02 3.495320039936040679e-01
4.886486486486485319e+02 3.522828293553613155e-01
4.900900900900900865e+02 3.552037921431420719e-01
4.915315315315315274e+02 3.582329557336790815e-01
4.929729729729730252e+02 3.613237179170353808e-01
4.944144144144144093e+02 3.644409622253723668e-01
4.958558558558557934e+02 3.675579819829453698e-01
4.972972972972972912e+02 3.706541913300415159e-01
4.987387387387387321e+02 3.737134739015051665e-01
5.001801801801801162e+02 3.767230048332443348e-01
5.016216216216216139e+02 3.796724110530212970e-01
5.030630630630629980e+02 3.825531697263337971e-01
5.045045045045044390e+02 3.853581738184857497e-01
5.059459459459458799e+02 3.880814152959387586e-01
5.073873873873873777e+02 3.907177516978092569e-01
5.088288288288288754e+02 3.932627323058954238e-01
5.102702702702702595e+02 3.957124673331309239e-01
5.117117117117117004e+02 3.980635284769795668e-01
5.131531531531531982e+02 4.003128725740267013e-01
5.145945945945945823e+02 4.024577824401708859e-01
5.160360360360359664e+02 4.044958206208877360e-01
5.174774774774774642e+02 4.064247929318625663e-01
5.189189189189188482e+02 4.082427194924371783e-01
5.203603603603602323e+02 4.099478115446911208e-01
5.218018018018017301e+02 4.115384527788197300e-01
5.232432432432431142e+02 4.130131841984865937e-01
5.246846846846846120e+02 4.143706917907780674e-01
5.261261261261261097e+02 4.156097964373611231e-01
5.275675675675676075e+02 4.167294456326209873e-01
5.290090090090089916e+02 4.177287066723152087e-01
5.304504504504503757e+02 4.186067610510200154e-01
5.318918918918918735e+02 4.193628998641999450e-01
5.333333333333332575e+02 4.199965200555024203e-01
5.347747747747747553e+02 4.205071213850861134e-01
5.362162162162162531e+02 4.208943040227931531e-01
5.376576576576576372e+02 4.211577666926129559e-01
5.390990990990990213e+02 4.212973053134957402e-01
5.405405405405405190e+02 4.213128120973099744e-01
5.419819819819819031e+02 4.212042750784180112e-01
5.434234234234232872e+02 4.209717780617033833e-01
5.448648648648648987e+02 4.206155009876181294e-01
5.463063063063062827e+02 4.201357207244255654e-01
5.477477477477477805e+02 4.195328123099871798e-01
5.491891891891891646e+02 4.188072506787215987e-01
5.506306306306306624e+02 4.179596129244929625e-01
5.520720720720720465e+02 4.169905811680277852e-01
5.535135135135134306e+02 4.159009461189107082e-01
5.549549549549549283e+02 4.146916114487887439e-01
5.563963963963963124e+02 4.133635991255690811e-01
5.578378378378378102e+02 4.119180559005248821e-01
5.592792792792791943e+02 4.103562611942566662e-01
5.607207207207206920e+02 4.086796366973565187e-01
5.621621621621620761e+02 4.068897580930079805e-01
5.636036036036035739e+02 4.049883694291324110e-01
5.650450450450450717e+02 4.029774008276355013e-01
5.664864864864864558e+02 4.008589904327076736e-01
5.679279279279279535e+02 3.986355117899834655e-01
5.693693693693693376e+02 3.963096082437076451e-01
5.708108108108108354e+02 3.938842364832990661e-01
5.722522522522522195e+02 3.913627221268666800e-01
5.736936936936936036e+02 3.887488312897601217e-01
5.751351351351351013e+02 3.860468635876375676e-01
5.765765765765764854e+02 3.832617741684441470e-01
5.780180180180178695e+02 3.803993354579687236e-01
5.794594594594593673e+02 3.774663537882896325e-01
5.809009009009007514e+02 3.744709626196358609e-01
5.823423423423423628e+02 3.714230236198093893e-01
5.837837837837837469e+02 3.683346807454450089e-01
5.852252252252252447e+02 3.652211322922976899e-01
5.866666666666666288e+02 3.621017130686882690e-01
5.881081081081080129e+02 3.590014128109970670e-01
5.895495495495495106e+02 3.559529897599900128e-01
5.909909909909910084e+02 3.529998406727016813e-01
5.924324324324323925e+02 3.501996777339156375e-01
5.938738738738738903e+02 3.476286441411337580e-01
5.953153153153152743e+02 3.453844184891370350e-01
5.967567567567566584e+02 3.435847951495497044e-01
5.981981981981981562e+02 3.423559689232472114e-01
5.996396396396395403e+02 3.418061963266810777e-01
6.010810810810811518e+02 3.419911063334373780e-01
6.025225225225225358e+02 3.428914416936029164e-01
6.039639639639639199e+02 3.444211058392300240e-01
6.054054054054054177e+02 3.464587185799153923e-01
6.068468468468468018e+02 3.488799372600965842e-01
6.082882882882881859e+02 3.515763561038157681e-01
6.097297297297296836e+02 3.544612824643298410e-01
6.111711711711710677e+02 3.574682930291012140e-01
6.126126126126125655e+02 3.605473373518554014e-01
6.140540540540539496e+02 3.636607486457625882e-01
6.154954954954954474e+02 3.667799610458561954e-01
6.169369369369368314e+02 3.698830352580832481e-01
6.183783783783783292e+02 3.729528638838916499e-01
6.198198198198198270e+02 3.759758891542595571e-01
6.212612612612612111e+02 3.789411893372036655e-01
6.227027027027027088e+02 3.818398253090672934e-01
6.241441441441440929e+02 3.846643696969643256e-01
6.255855855855855907e+02 3.874085643843223070e-01
6.270270270270269748e+02 3.900670688124813767e-01
6.284684684684684726e+02 3.926352730409166103e-01
6.299099099099098567e+02 3.951091574351301428e-01
6.313513513513512407e+02 3.974851862650126133e-01
6.327927927927927385e+02 3.997602262162391340e-01
6.342342342342341226e+02 4.019314833892665417e-01
6.356756756756755067e+02 4.039964541530433051e-01
6.371171171171171181e+02 4.059528864809557880e-01
6.385585585585585022e+02 4.077987492909626033e-01
6.400000000000000000e+02 4.095322079526403369e-01
6.414414414414413841e+02 4.111516045872053993e-01
6.428828828828828819e+02 4.126554421246759752e-01
6.443243243243242659e+02 4.140423713313680643e-01
6.457657657657656500e+02 4.153111802059050728e-01
6.472072072072071478e+02 4.164607852805201627e-01
6.486486486486486456e+02 4.174902244692030862e-01
6.500900900900900297e+02 4.183986511840954714e-01
6.515315315315315274e+02 4.191853295029087101e-01
6.529729729729729115e+02 4.198496302177905926e-01
6.544144144144144093e+02 4.203910276334053009e-01
6.558558558558559071e+02 4.208090970115955232e-01
6.572972972972972912e+02 4.211035125838440418e-01
6.587387387387386752e+02 4.212740460722472768e-01
6.601801801801801730e+02 4.213205656760914963e-01
6.616216216216216708e+02 4.212430354952188538e-01
6.630630630630629412e+02 4.210415153740342253e-01
6.645045045045044390e+02 4.207161611617969421e-01
6.659459459459459367e+02 4.202672253964614413e-01
6.673873873873873208e+02 4.196950584312825749e-01
6.688288288288287049e+02 4.190001100363527353e-01
6.702702702702702027e+02 4.181829315218281717e-01
6.717117117117115868e+02 4.172441784466816017e-01
6.731531531531530845e+02 4.161846139972611991e-01
6.745945945945945823e+02 4.150051131450772091e-01
6.760360360360359664e+02 4.137066677245768709e-01
6.774774774774774642e+02 4.122903926113233863e-01
6.789189189189188482e+02 4.107575332316718009e-01
6.803603603603603460e+02 4.091094747005817878e-01
6.818018018018018438e+02 4.073477529695553878e-01
6.832432432432431142e+02 4.054740684789833183e-01
6.846846846846846120e+02 4.034903029580328981e-01
6.861261261261261097e+02 4.013985402143126491e-01
6.875675675675676075e+02 3.992010920241169658e-01
6.890090090090088779e+02 3.969005305995852440e-01
6.904504504504503757e+02 3.944997296111079077e-01
6.918918918918918735e+02 3.920019164391945754e-01
6.933333333333333712e+02 3.894107393036796427e-01
6.947747747747748690e+02 3.867303542933777649e-01
6.962162162162161394e+02 3.839655392796098576e-01
6.976576576576576372e+02 3.811218445155800105e-01
6.990990990990991349e+02 3.782057938071918257e-01
7.005405405405404053e+02 3.752251560912422401e-01
7.019819819819819031e+02 3.721893159488248726e-01
7.034234234234234009e+02 3.691097842372441096e-01
7.048648648648647850e+02 3.660009082040030504e-01
7.063063063063062827e+02 3.628808657164225293e-01
7.077477477477476668e+02 3.597730608211330283e-01
7.091891891891890509e+02 3.567080724830198335e-01
7.106306306306306624e+02 3.537263231973277744e-01
7.120720720720720465e+02 3.508815643034319809e-01
7.135135135135135442e+02 3.482449601189451793e-01
7.149549549549549283e+02 3.459086770084390250e-01
7.163963963963963124e+02 3.439860664492597198e-01
7.178378378378378102e+02 3.426031088736762320e-01
7.192792792792793080e+02 3.418757353657228548e-01
7.207207207207205784e+02 3.418757353657227438e-01
7.221621621621620761e+02 3.426031088736761210e-01
7.236036036036035739e+02 3.439860664492598863e-01
7.250450450450449580e+02 3.459086770084393581e-01
7.264864864864863421e+02 3.482449601189453459e-01
7.279279279279278398e+02 3.508815643034318699e-01
7.293693693693693376e+02 3.537263231973274968e-01
7.308108108108108354e+02 3.567080724830195559e-01
7.322522522522522195e+02 3.597730608211329173e-01
7.336936936936936036e+02 3.628808657164219742e-01
7.351351351351351013e+02 3.660009082040033279e-01
7.365765765765764854e+02 3.691097842372432214e-01
7.380180180180179832e+02 3.721893159488248726e-01
7.394594594594594810e+02 3.752251560912421291e-01
7.409009009009007514e+02 3.782057938071916592e-01
7.423423423423422491e+02 3.811218445155794554e-01
7.437837837837837469e+02 3.839655392796094691e-01
7.452252252252250173e+02 3.867303542933774874e-01
7.466666666666665151e+02 3.894107393036790321e-01
7.481081081081081265e+02 3.920019164391942978e-01
7.495495495495495106e+02 3.944997296111077412e-01
7.509909909909910084e+02 3.969005305995849664e-01
7.524324324324325062e+02 3.992010920241171323e-01
7.538738738738737766e+02 4.013985402143124825e-01
7.553153153153152743e+02 4.034903029580326206e-01
7.567567567567567721e+02 4.054740684789827632e-01
7.581981981981981562e+02 4.073477529695550547e-01
7.596396396396395403e+02 4.091094747005816212e-01
7.610810810810810381e+02 4.107575332316719674e-01
7.625225225225224222e+02 4.122903926113230533e-01
7.639639639639639199e+02 4.137066677245762603e-01
7.654054054054054177e+02 4.150051131450766539e-01
7.668468468468468018e+02 4.161846139972614766e-01
7.682882882882882996e+02 4.172441784466812131e-01
7.697297297297296836e+02 4.181829315218276166e-01
7.711711711711711814e+02 4.190001100363525688e-01
7.726126126126126792e+02 4.196950584312830190e-01
7.740540540540539496e+02 4.202672253964608307e-01
7.754954954954954474e+02 4.207161611617966646e-01
7.769369369369369451e+02 4.210415153740340588e-01
7.783783783783782155e+02 4.212430354952185763e-01
7.798198198198197133e+02 4.213205656760913853e-01
7.812612612612612111e+02 4.212740460722477209e-01
7.827027027027025952e+02 4.211035125838441529e-01
7.841441441441439792e+02 4.208090970115955232e-01
7.855855855855854770e+02 4.203910276334054674e-01
7.870270270270269748e+02 4.198496302177913142e-01
7.884684684684684726e+02 4.191853295029088766e-01
7.899099099099098567e+02 4.183986511840960820e-01
7.913513513513512407e+02 4.174902244692034192e-01
7.927927927927927385e+02 4.164607852805203292e-01
7.942342342342341226e+02 4.153111802059054614e-01
7.956756756756756204e+02 4.140423713313678977e-01
7.971171171171171181e+02 4.126554421246753646e-01
7.985585585585583885e+02 4.111516045872058434e-01
7.999999999999998863e+02 4.095322079526410586e-01
8.014414414414413841e+02 4.077987492909627698e-01
8.028828828828828819e+02 4.059528864809559545e-01
8.043243243243243796e+02 4.039964541530434716e-01
8.057657657657657637e+02 4.019314833892659311e-01
8.072072072072071478e+02 3.997602262162396891e-01
8.086486486486486456e+02 3.974851862650133349e-01
8.100900900900901433e+02 3.951091574351306979e-01
8.115315315315314137e+02 3.926352730409170544e-01
8.129729729729729115e+02 3.900670688124814878e-01
8.144144144144144093e+02 3.874085643843227511e-01
8.158558558558557934e+02 3.846643696969644366e-01
8.172972972972971775e+02 3.818398253090674599e-01
8.187387387387386752e+02 3.789411893372036655e-01
8.201801801801800593e+02 3.759758891542596682e-01
8.216216216216216708e+02 3.729528638838912058e-01
8.230630630630630549e+02 3.698830352580841363e-01
8.245045045045044390e+02 3.667799610458569171e-01
8.259459459459459367e+02 3.636607486457627547e-01
8.273873873873873208e+02 3.605473373518554014e-01
8.288288288288288186e+02 3.574682930291017691e-01
8.302702702702703164e+02 3.544612824643302851e-01
8.317117117117115868e+02 3.515763561038158791e-01
8.331531531531530845e+02 3.488799372600970283e-01
8.345945945945945823e+02 3.464587185799153923e-01
8.360360360360358527e+02 3.444211058392307456e-01
8.374774774774773505e+02 3.428914416936035270e-01
8.389189189189188482e+02 3.419911063334376555e-01
8.403603603603603460e+02 3.418061963266809111e-01
8.418018018018018438e+02 3.423559689232470449e-01
8.432432432432431142e+02 3.435847951495499819e-01
8.446846846846846120e+02 3.453844184891370350e-01
8.461261261261261097e+02 3.476286441411334804e-01
8.475675675675674938e+02 3.501996777339156375e-01
8.490090090090089916e+02 3.529998406727015703e-01
8.504504504504503757e+02 3.559529897599895687e-01
8.518918918918917598e+02 3.590014128109962344e-01
8.533333333333332575e+02 3.621017130686879915e-01
8.547747747747747553e+02 3.652211322922969683e-01
8.562162162162160257e+02 3.683346807454447314e-01
8.576576576576575235e+02 3.714230236198089452e-01
8.590990990990990213e+02 3.744709626196348617e-01
8.605405405405405190e+02 3.774663537882891884e-01
8.619819819819820168e+02 3.803993354579685571e-01
8.634234234234232872e+02 3.832617741684437029e-01
8.648648648648647850e+02 3.860468635876377341e-01
8.663063063063062827e+02 3.887488312897597886e-01
8.677477477477477805e+02 3.913627221268662359e-01
8.691891891891890509e+02 3.938842364832986220e-01
8.706306306306305487e+02 3.963096082437076451e-01
8.720720720720720465e+02 3.986355117899836320e-01
8.735135135135134306e+02 4.008589904327073405e-01
8.749549549549548146e+02 4.029774008276353348e-01
8.763963963963963124e+02 4.049883694291335767e-01
8.778378378378378102e+02 4.068897580930081470e-01
8.792792792792793080e+02 4.086796366973555195e-01
8.807207207207206920e+02 4.103562611942565552e-01
8.821621621621620761e+02 4.119180559005239939e-01
8.836036036036035739e+02 4.133635991255686370e-01
8.850450450450449580e+02 4.146916114487882998e-01
8.864864864864864558e+02 4.159009461189105972e-01
8.879279279279279535e+02 4.169905811680277852e-01
8.893693693693692239e+02 4.179596129244933511e-01
8.908108108108107217e+02 4.188072506787208771e-01
8.922522522522522195e+02 4.195328123099880679e-01
8.936936936936934899e+02 4.201357207244254544e-01
8.951351351351352150e+02 4.206155009876179629e-01
8.965765765765764854e+02 4.209717780617035499e-01
8.980180180180179832e+02 4.212042750784175671e-01
8.994594594594594810e+02 4.213128120973092527e-01
9.009009009009007514e+02 4.212973053134962953e-01
9.023423423423422491e+02 4.211577666926129559e-01
9.037837837837837469e+02 4.208943040227932642e-01
9.052252252252251310e+02 4.205071213850860024e-01
9.066666666666666288e+02 4.199965200555030309e-01
9.081081081081080129e+02 4.193628998641993344e-01
9.095495495495493969e+02 4.186067610510206261e-01
9.109909909909908947e+02 4.177287066723157638e-01
9.124324324324323925e+02 4.167294456326220420e-01
9.138738738738738903e+02 4.156097964373611231e-01
9.153153153153152743e+02 4.143706917907773457e-01
9.167567567567566584e+02 4.130131841984864272e-01
9.181981981981980425e+02 4.115384527788195634e-01
9.196396396396396540e+02 4.099478115446916759e-01
9.210810810810809244e+02 4.082427194924378999e-01
9.225225225225224222e+02 4.064247929318624553e-01
9.239639639639640336e+02 4.044958206208877360e-01
9.254054054054053040e+02 4.024577824401711634e-01
9.268468468468469155e+02 4.003128725740273119e-01
9.282882882882881859e+02 3.980635284769801774e-01
9.297297297297296836e+02 3.957124673331312015e-01
9.311711711711710677e+02 3.932627323058958679e-01
9.326126126126126792e+02 3.907177516978099785e-01
9.340540540540539496e+02 3.880814152959390362e-01
9.354954954954954474e+02 3.853581738184855832e-01
9.369369369369368314e+02 3.825531697263349629e-01
9.383783783783783292e+02 3.796724110530222962e-01
9.398198198198195996e+02 3.767230048332445014e-01
9.412612612612612111e+02 3.737134739015050000e-01
9.427027027027027088e+02 3.706541913300419600e-01
9.441441441441440929e+02 3.675579819829459804e-01
9.455855855855855907e+02 3.644409622253724779e-01
9.470270270270268611e+02 3.613237179170356583e-01
9.484684684684684726e+02 3.582329557336789150e-01
9.499099099099098567e+02 3.552037921431422385e-01
9.513513513513513544e+02 3.522828293553617596e-01
9.527927927927926248e+02 3.495320039936046785e-01
9.542342342342341226e+02 3.470326488386701325e-01
9.556756756756755067e+02 3.448878961130650844e-01
9.571171171171171181e+02 3.432192788816028073e-01
9.585585585585585022e+02 3.421515348198325701e-01
9.599999999999998863e+02 3.417829634158933705e-01
9.614414414414413841e+02 3.421515348198322370e-01
9.628828828828827682e+02 3.432192788816023632e-01
9.643243243243243796e+02 3.448878961130643628e-01
9.657657657657656500e+02 3.470326488386695218e-01
9.672072072072071478e+02 3.495320039936036238e-01
9.686486486486485319e+02 3.522828293553611489e-01
9.700900900900900297e+02 3.552037921431410727e-01
9.715315315315313001e+02 3.582329557336783599e-01
9.729729729729729115e+02 3.613237179170344926e-01
9.744144144144142956e+02 3.644409622253714787e-01
9.758558558558557934e+02 3.675579819829453698e-01
9.772972972972970638e+02 3.706541913300409052e-01
9.787387387387385616e+02 3.737134739015045559e-01
9.801801801801801730e+02 3.767230048332437242e-01
9.816216216216215571e+02 3.796724110530212970e-01
9.830630630630630549e+02 3.825531697263342412e-01
9.845045045045043253e+02 3.853581738184851391e-01
9.859459459459460504e+02 3.880814152959385921e-01
9.873873873873872071e+02 3.907177516978085352e-01
9.888288288288288186e+02 3.932627323058948687e-01
9.902702702702702027e+02 3.957124673331304798e-01
9.917117117117115868e+02 3.980635284769790116e-01
9.931531531531529708e+02 4.003128725740258131e-01
9.945945945945945823e+02 4.024577824401705528e-01
9.960360360360359664e+02 4.044958206208869034e-01
9.974774774774774642e+02 4.064247929318615671e-01
9.989189189189188482e+02 4.082427194924370117e-01
1.000360360360360232e+03 4.099478115446905102e-01
1.001801801801801844e+03 4.115384527788185642e-01
1.003243243243243228e+03 4.130131841984855945e-01
1.004684684684684726e+03 4.143706917907766241e-01
1.006126126126125996e+03 4.156097964373608455e-01
1.007567567567567494e+03 4.167294456326209873e-01
1.009009009009008878e+03 4.177287066723150422e-01
1.010450450450450489e+03 4.186067610510199044e-01
1.011891891891891760e+03 4.193628998641992234e-01
1.013333333333333258e+03 4.199965200555018652e-01
1.014774774774774755e+03 4.205071213850848366e-01
1.016216216216216139e+03 4.208943040227927090e-01
1.017657657657657751e+03 4.211577666926124008e-01
1.019099099099099021e+03 4.212973053134950185e-01
1.020540540540540519e+03 4.213128120973099744e-01
1.021981981981981903e+03 4.212042750784171785e-01
1.023423423423423401e+03 4.209717780617026617e-01
1.024864864864864785e+03 4.206155009876174078e-01
1.026306306306306396e+03 4.201357207244250103e-01
1.027747747747747553e+03 4.195328123099871798e-01
1.029189189189189165e+03 4.188072506787208771e-01
1.030630630630630549e+03 4.179596129244923519e-01
1.032072072072071933e+03 4.169905811680273966e-01
1.033513513513513544e+03 4.159009461189101531e-01
1.034954954954954928e+03 4.146916114487884664e-01
1.036396396396396312e+03 4.133635991255683595e-01
1.037837837837837696e+03 4.119180559005243270e-01
1.039279279279279308e+03 4.103562611942559446e-01
1.040720720720720465e+03 4.086796366973556860e-01
1.042162162162162076e+03 4.068897580930072588e-01
1.043603603603603460e+03 4.049883694291328551e-01
1.045045045045045072e+03 4.029774008276356123e-01
1.046486486486486228e+03 4.008589904327076736e-01
1.047927927927927840e+03 3.986355117899830214e-01
1.049369369369369224e+03 3.963096082437073675e-01
1.050810810810810835e+03 3.938842364832988996e-01
1.052252252252252219e+03 3.913627221268661249e-01
1.053693693693693604e+03 3.887488312897596776e-01
1.055135135135135215e+03 3.860468635876371235e-01
1.056576576576576599e+03 3.832617741684434254e-01
1.058018018018017983e+03 3.803993354579681685e-01
1.059459459459459367e+03 3.774663537882892994e-01
1.060900900900900751e+03 3.744709626196351393e-01
1.062342342342342135e+03 3.714230236198095558e-01
1.063783783783783747e+03 3.683346807454448979e-01
1.065225225225225131e+03 3.652211322922979675e-01
1.066666666666666515e+03 3.621017130686881025e-01
1.068108108108107899e+03 3.590014128109972336e-01
1.069549549549549511e+03 3.559529897599900128e-01
1.070990990990991122e+03 3.529998406727015703e-01
1.072432432432432506e+03 3.501996777339155265e-01
1.073873873873873890e+03 3.476286441411334804e-01
1.075315315315315274e+03 3.453844184891371460e-01
1.076756756756756658e+03 3.435847951495498709e-01
1.078198198198198043e+03 3.423559689232470449e-01
1.079639639639639654e+03 3.418061963266810777e-01
1.081081081081081038e+03 3.419911063334376555e-01
1.082522522522522422e+03 3.428914416936031939e-01
1.083963963963963806e+03 3.444211058392304681e-01
1.085405405405405190e+03 3.464587185799153923e-01
1.086846846846846574e+03 3.488799372600967508e-01
1.088288288288288186e+03 3.515763561038157681e-01
1.089729729729729797e+03 3.544612824643302851e-01
1.091171171171171181e+03 3.574682930291014915e-01
1.092612612612612565e+03 3.605473373518558455e-01
1.094054054054053950e+03 3.636607486457625882e-01
1.095495495495495561e+03 3.667799610458569171e-01
1.096936936936936945e+03 3.698830352580835257e-01
1.098378378378378329e+03 3.729528638838913168e-01
1.099819819819819713e+03 3.759758891542593906e-01
1.101261261261261325e+03 3.789411893372036655e-01
1.102702702702702481e+03 3.818398253090670158e-01
1.104144144144144093e+03 3.846643696969644366e-01
1.105585585585585477e+03 3.874085643843224736e-01
1.107027027027026861e+03 3.900670688124816543e-01
1.108468468468468473e+03 3.926352730409172209e-01
1.109909909909909857e+03 3.951091574351302538e-01
1.111351351351351468e+03 3.974851862650127243e-01
1.112792792792792625e+03 3.997602262162394116e-01
1.114234234234234236e+03 4.019314833892663752e-01
1.115675675675675620e+03 4.039964541530431941e-01
1.117117117117117232e+03 4.059528864809556215e-01
1.118558558558558389e+03 4.077987492909626033e-01
1.120000000000000000e+03 4.095322079526403369e-01
1.121441441441441384e+03 4.111516045872062874e-01
1.122882882882882768e+03 4.126554421246764193e-01
1.124324324324324152e+03 4.140423713313676202e-01
1.125765765765765764e+03 4.153111802059051838e-01
1.127207207207207148e+03 4.164607852805200516e-01
1.128648648648648532e+03 4.174902244692026421e-01
1.130090090090090143e+03 4.183986511840962486e-01
1.131531531531531300e+03 4.191853295029089876e-01
1.132972972972972912e+03 4.198496302177908701e-01
1.134414414414414296e+03 4.203910276334057450e-01
1.135855855855855907e+03 4.208090970115956897e-01
1.137297297297297064e+03 4.211035125838441529e-01
1.138738738738738675e+03 4.212740460722469993e-01
1.140180180180180059e+03 4.213205656760910522e-01
1.141621621621621671e+03 4.212430354952185763e-01
1.143063063063062827e+03 4.210415153740343364e-01
1.144504504504504439e+03 4.207161611617965535e-01
1.145945945945945823e+03 4.202672253964609972e-01
1.147387387387387207e+03 4.196950584312827415e-01
1.148828828828828819e+03 4.190001100363521247e-01
1.150270270270270203e+03 4.181829315218280607e-01
1.151711711711711587e+03 4.172441784466813242e-01
1.153153153153152971e+03 4.161846139972611991e-01
1.154594594594594582e+03 4.150051131450766539e-01
1.156036036036035739e+03 4.137066677245765378e-01
1.157477477477477350e+03 4.122903926113230533e-01
1.158918918918918735e+03 4.107575332316722450e-01
1.160360360360360346e+03 4.091094747005813437e-01
1.161801801801801503e+03 4.073477529695553878e-01
1.163243243243243342e+03 4.054740684789833183e-01
1.164684684684684726e+03 4.034903029580327871e-01
1.166126126126126110e+03 4.013985402143120385e-01
1.167567567567567494e+03 3.992010920241169658e-01
1.169009009009008878e+03 3.969005305995847999e-01
1.170450450450450489e+03 3.944997296111081853e-01
1.171891891891891873e+03 3.920019164391949085e-01
1.173333333333333258e+03 3.894107393036797538e-01
1.174774774774774642e+03 3.867303542933783200e-01
1.176216216216216026e+03 3.839655392796100242e-01
1.177657657657657410e+03 3.811218445155794554e-01
1.179099099099099021e+03 3.782057938071918257e-01
1.180540540540540405e+03 3.752251560912416850e-01
1.181981981981982017e+03 3.721893159488244840e-01
1.183423423423423401e+03 3.691097842372436655e-01
1.184864864864864785e+03 3.660009082040030504e-01
1.186306306306306396e+03 3.628808657164216966e-01
1.187747747747747781e+03 3.597730608211327508e-01
1.189189189189189165e+03 3.567080724830196670e-01
1.190630630630630549e+03 3.537263231973273303e-01
1.192072072072071933e+03 3.508815643034319809e-01
1.193513513513513317e+03 3.482449601189453459e-01
1.194954954954954928e+03 3.459086770084390250e-01
1.196396396396396312e+03 3.439860664492596087e-01
1.197837837837837696e+03 3.426031088736761210e-01
1.199279279279279081e+03 3.418757353657225773e-01
1.200720720720720465e+03 3.418757353657224662e-01
1.202162162162162304e+03 3.426031088736759544e-01
1.203603603603603460e+03 3.439860664492598863e-01
1.205045045045045072e+03 3.459086770084389140e-01
1.206486486486486456e+03 3.482449601189450128e-01
1.207927927927927840e+03 3.508815643034318699e-01
1.209369369369369224e+03 3.537263231973270527e-01
1.210810810810810835e+03 3.567080724830196670e-01
1.212252252252252219e+03 3.597730608211323067e-01
1.213693693693693604e+03 3.628808657164216966e-01
1.215135135135134988e+03 3.660009082040027728e-01
1.216576576576576372e+03 3.691097842372433879e-01
1.218018018018017983e+03 3.721893159488252056e-01
1.219459459459459367e+03 3.752251560912421291e-01
1.220900900900900979e+03 3.782057938071921033e-01
1.222342342342342135e+03 3.811218445155791223e-01
1.223783783783783747e+03 3.839655392796098576e-01
1.225225225225225131e+03 3.867303542933771543e-01
1.226666666666666742e+03 3.894107393036796427e-01
1.228108108108107899e+03 3.920019164391954636e-01
1.229549549549549511e+03 3.944997296111079077e-01
1.230990990990990895e+03 3.969005305995847999e-01
1.232432432432432506e+03 3.992010920241169658e-01
1.233873873873873663e+03 4.013985402143129266e-01
1.235315315315315274e+03 4.034903029580331757e-01
1.236756756756756658e+03 4.054740684789830407e-01
1.238198198198198043e+03 4.073477529695553878e-01
1.239639639639639654e+03 4.091094747005815102e-01
1.241081081081081038e+03 4.107575332316718009e-01
1.242522522522522422e+03 4.122903926113239415e-01
1.243963963963963806e+03 4.137066677245772595e-01
1.245405405405405418e+03 4.150051131450769315e-01
1.246846846846846574e+03 4.161846139972613101e-01
1.248288288288288186e+03 4.172441784466817682e-01
1.249729729729729570e+03 4.181829315218280607e-01
1.251171171171171181e+03 4.190001100363532904e-01
1.252612612612612338e+03 4.196950584312831856e-01
1.254054054054053950e+03 4.202672253964612747e-01
1.255495495495495561e+03 4.207161611617972752e-01
1.256936936936936945e+03 4.210415153740347805e-01
1.258378378378378329e+03 4.212430354952195755e-01
1.259819819819819713e+03 4.213205656760918294e-01
1.261261261261261097e+03 4.212740460722478875e-01
1.262702702702702481e+03 4.211035125838445969e-01
1.264144144144144093e+03 4.208090970115969665e-01
1.265585585585585477e+03 4.203910276334061891e-01
1.267027027027026861e+03 4.198496302177920358e-01
1.268468468468468245e+03 4.191853295029097648e-01
1.269909909909909857e+03 4.183986511840965261e-01
1.271351351351351013e+03 4.174902244692035302e-01
1.272792792792792852e+03 4.164607852805210508e-01
1.274234234234234236e+03 4.153111802059063495e-01
1.275675675675675620e+03 4.140423713313688969e-01
1.277117117117117004e+03 4.126554421246766968e-01
1.278558558558558389e+03 4.111516045872065650e-01
1.280000000000000000e+03 4.095322079526416692e-01
1.281441441441441384e+03 4.077987492909637690e-01
1.282882882882882768e+03 4.059528864809567872e-01
1.284324324324324152e+03 4.039964541530440822e-01
1.285765765765765764e+03 4.019314833892665417e-01
1.287207207207207148e+03 3.997602262162407438e-01
1.288648648648648532e+03 3.974851862650133349e-01
1.290090090090089916e+03 3.951091574351314195e-01
1.291531531531531300e+03 3.926352730409172209e-01
1.292972972972973139e+03 3.900670688124819319e-01
1.294414414414414296e+03 3.874085643843236393e-01
1.295855855855855907e+03 3.846643696969647697e-01
1.297297297297297291e+03 3.818398253090679040e-01
1.298738738738738675e+03 3.789411893372041096e-01
1.300180180180180059e+03 3.759758891542603898e-01
1.301621621621621671e+03 3.729528638838920940e-01
1.303063063063063055e+03 3.698830352580845804e-01
1.304504504504504212e+03 3.667799610458578052e-01
1.305945945945945823e+03 3.636607486457637539e-01
1.307387387387387207e+03 3.605473373518562896e-01
1.308828828828828819e+03 3.574682930291019356e-01
1.310270270270270203e+03 3.544612824643307292e-01
1.311711711711711814e+03 3.515763561038162122e-01
1.313153153153152971e+03 3.488799372600979165e-01
1.314594594594594582e+03 3.464587185799152258e-01
1.316036036036035966e+03 3.444211058392305791e-01
1.317477477477477350e+03 3.428914416936035270e-01
1.318918918918918735e+03 3.419911063334376555e-01
1.320360360360360346e+03 3.418061963266811887e-01
1.321801801801801730e+03 3.423559689232467673e-01
1.323243243243243342e+03 3.435847951495495378e-01
1.324684684684684498e+03 3.453844184891367575e-01
1.326126126126125882e+03 3.476286441411330363e-01
1.327567567567567494e+03 3.501996777339146383e-01
1.329009009009008878e+03 3.529998406727009597e-01
1.330450450450450489e+03 3.559529897599894022e-01
1.331891891891891873e+03 3.590014128109962344e-01
1.333333333333333258e+03 3.621017130686873808e-01
1.334774774774774642e+03 3.652211322922968018e-01
1.336216216216216253e+03 3.683346807454444538e-01
1.337657657657657410e+03 3.714230236198085011e-01
1.339099099099099021e+03 3.744709626196346952e-01
1.340540540540540405e+03 3.774663537882883002e-01
1.341981981981982017e+03 3.803993354579678354e-01
1.343423423423423174e+03 3.832617741684425372e-01
1.344864864864865012e+03 3.860468635876362908e-01
1.346306306306306169e+03 3.887488312897586784e-01
1.347747747747747553e+03 3.913627221268656808e-01
1.349189189189189165e+03 3.938842364832984555e-01
1.350630630630630549e+03 3.963096082437066459e-01
1.352072072072071933e+03 3.986355117899824663e-01
1.353513513513513544e+03 4.008589904327067854e-01
1.354954954954954928e+03 4.029774008276350572e-01
1.356396396396396085e+03 4.049883694291316893e-01
1.357837837837837696e+03 4.068897580930065372e-01
1.359279279279279081e+03 4.086796366973550754e-01
1.360720720720720692e+03 4.103562611942555005e-01
1.362162162162162076e+03 4.119180559005236053e-01
1.363603603603603688e+03 4.133635991255679154e-01
1.365045045045044844e+03 4.146916114487882998e-01
1.366486486486486228e+03 4.159009461189098200e-01
1.367927927927928067e+03 4.169905811680272301e-01
1.369369369369369224e+03 4.179596129244920744e-01
1.370810810810810608e+03 4.188072506787205995e-01
1.372252252252252219e+03 4.195328123099870687e-01
1.373693693693693604e+03 4.201357207244251768e-01
1.375135135135135215e+03 4.206155009876174078e-01
1.376576576576576599e+03 4.209717780617028282e-01
1.378018018018017756e+03 4.212042750784172895e-01
1.379459459459459367e+03 4.213128120973088087e-01
1.380900900900900751e+03 4.212973053134950185e-01
1.382342342342342135e+03 4.211577666926126784e-01
1.383783783783783747e+03 4.208943040227927090e-01
1.385225225225225131e+03 4.205071213850853917e-01
1.386666666666666742e+03 4.199965200555021427e-01
1.388108108108107899e+03 4.193628998641996675e-01
1.389549549549549738e+03 4.186067610510195713e-01
1.390990990990990895e+03 4.177287066723145981e-01
1.392432432432432279e+03 4.167294456326208762e-01
1.393873873873873890e+03 4.156097964373608455e-01
1.395315315315315274e+03 4.143706917907773457e-01
1.396756756756756431e+03 4.130131841984861496e-01
1.398198198198198270e+03 4.115384527788186753e-01
1.399639639639639427e+03 4.099478115446907878e-01
1.401081081081080811e+03 4.082427194924373448e-01
1.402522522522522422e+03 4.064247929318616781e-01
1.403963963963963806e+03 4.044958206208874585e-01
1.405405405405405418e+03 4.024577824401707193e-01
1.406846846846846802e+03 4.003128725740273119e-01
1.408288288288288413e+03 3.980635284769795668e-01
1.409729729729729570e+03 3.957124673331310349e-01
1.411171171171170954e+03 3.932627323058953128e-01
1.412612612612612565e+03 3.907177516978093679e-01
1.414054054054053950e+03 3.880814152959388696e-01
1.415495495495495334e+03 3.853581738184857497e-01
1.416936936936936945e+03 3.825531697263345188e-01
1.418378378378378102e+03 3.796724110530224627e-01
1.419819819819819486e+03 3.767230048332445014e-01
1.421261261261261325e+03 3.737134739015048335e-01
1.422702702702702481e+03 3.706541913300419600e-01
1.424144144144144093e+03 3.675579819829458139e-01
1.425585585585585477e+03 3.644409622253724779e-01
1.427027027027027088e+03 3.613237179170353808e-01
1.428468468468468245e+03 3.582329557336793591e-01
1.429909909909909857e+03 3.552037921431419609e-01
1.431351351351351241e+03 3.522828293553620371e-01
1.432792792792792625e+03 3.495320039936042344e-01
1.434234234234234009e+03 3.470326488386704100e-01
1.435675675675675620e+03 3.448878961130646403e-01
1.437117117117116777e+03 3.432192788816029183e-01
1.438558558558558616e+03 3.421515348198330142e-01
1.440000000000000000e+03 3.417829634158935370e-01
