# Accumulated Berry phases using Original method
# Theta (rad)	Theta (deg)	State 0	State 1	State 2	State 3
0.000000	0.000000	0.000000	-0.000000	-0.000000	0.000000
0.010061	0.576461	0.000000	-0.005031	-0.005031	0.000000
0.020122	1.152922	0.000000	-0.010061	-0.010061	0.000000
0.030183	1.729384	0.000000	-0.015092	-0.015092	0.000000
0.040245	2.305845	0.000000	-0.020122	-0.020122	0.000000
0.050306	2.882306	0.000000	-0.025153	-0.025153	0.000000
0.060367	3.458767	0.000000	-0.030183	-0.030183	0.000000
0.070428	4.035228	0.000000	-0.035214	-0.035214	0.000000
0.080489	4.611689	0.000000	-0.040245	-0.040245	0.000000
0.090550	5.188151	0.000000	-0.045275	-0.045275	0.000000
0.100611	5.764612	0.000000	-0.050306	-0.050306	0.000000
0.110673	6.341073	0.000000	-0.055336	-0.055336	0.000000
0.120734	6.917534	0.000000	-0.060367	-0.060367	0.000000
0.130795	7.493995	0.000000	-0.065397	-0.065397	0.000000
0.140856	8.070456	0.000000	-0.070428	-0.070428	0.000000
0.150917	8.646918	0.000000	-0.075459	-0.075459	0.000000
0.160978	9.223379	0.000000	-0.080489	-0.080489	0.000000
0.171039	9.799840	0.000000	-0.085520	-0.085520	0.000000
0.181101	10.376301	0.000000	-0.090550	-0.090550	0.000000
0.191162	10.952762	0.000000	-0.095581	-0.095581	0.000000
0.201223	11.529223	0.000000	-0.100611	-0.100611	0.000000
0.211284	12.105685	0.000000	-0.105642	-0.105642	0.000000
0.221345	12.682146	0.000000	-0.110673	-0.110673	0.000000
0.231406	13.258607	0.000000	-0.115703	-0.115703	0.000000
0.241467	13.835068	0.000000	-0.120734	-0.120734	0.000000
0.251529	14.411529	0.000000	-0.125764	-0.125764	0.000000
0.261590	14.987990	0.000000	-0.130795	-0.130795	0.000000
0.271651	15.564452	0.000000	-0.135825	-0.135825	0.000000
0.281712	16.140913	0.000000	-0.140856	-0.140856	0.000000
0.291773	16.717374	0.000000	-0.145887	-0.145887	0.000000
0.301834	17.293835	0.000000	-0.150917	-0.150917	0.000000
0.311896	17.870296	0.000000	-0.155948	-0.155948	0.000000
0.321957	18.446757	0.000000	-0.160978	-0.160978	0.000000
0.332018	19.023219	0.000000	-0.166009	-0.166009	0.000000
0.342079	19.599680	0.000000	-0.171039	-0.171039	0.000000
0.352140	20.176141	0.000000	-0.176070	-0.176070	0.000000
0.362201	20.752602	0.000000	-0.181101	-0.181101	0.000000
0.372262	21.329063	0.000000	-0.186131	-0.186131	0.000000
0.382324	21.905524	0.000000	-0.191162	-0.191162	0.000000
0.392385	22.481986	0.000000	-0.196192	-0.196192	0.000000
0.402446	23.058447	0.000000	-0.201223	-0.201223	0.000000
0.412507	23.634908	0.000000	-0.206253	-0.206253	0.000000
0.422568	24.211369	0.000000	-0.211284	-0.211284	0.000000
0.432629	24.787830	0.000000	-0.216315	-0.216315	0.000000
0.442690	25.364291	0.000000	-0.221345	-0.221345	0.000000
0.452752	25.940753	0.000000	-0.226376	-0.226376	0.000000
0.462813	26.517214	0.000000	-0.231406	-0.231406	0.000000
0.472874	27.093675	0.000000	-0.236437	-0.236437	0.000000
0.482935	27.670136	0.000000	-0.241467	-0.241467	0.000000
0.492996	28.246597	0.000000	-0.246498	-0.246498	0.000000
0.503057	28.823058	0.000000	-0.251529	-0.251529	0.000000
0.513118	29.399520	0.000000	-0.256559	-0.256559	0.000000
0.523180	29.975981	0.000000	-0.261590	-0.261590	0.000000
0.533241	30.552442	0.000000	-0.266620	-0.266620	0.000000
0.543302	31.128903	0.000000	-0.271651	-0.271651	0.000000
0.553363	31.705364	0.000000	-0.276681	-0.276681	0.000000
0.563424	32.281825	0.000000	-0.281712	-0.281712	0.000000
0.573485	32.858287	0.000000	-0.286743	-0.286743	0.000000
0.583546	33.434748	0.000000	-0.291773	-0.291773	0.000000
0.593608	34.011209	0.000000	-0.296804	-0.296804	0.000000
0.603669	34.587670	0.000000	-0.301834	-0.301834	0.000000
0.613730	35.164131	0.000000	-0.306865	-0.306865	0.000000
0.623791	35.740592	0.000000	-0.311896	-0.311896	0.000000
0.633852	36.317054	0.000000	-0.316926	-0.316926	0.000000
0.643913	36.893515	0.000000	-0.321957	-0.321957	0.000000
0.653974	37.469976	0.000000	-0.326987	-0.326987	0.000000
0.664036	38.046437	0.000000	-0.332018	-0.332018	0.000000
0.674097	38.622898	0.000000	-0.337048	-0.337048	0.000000
0.684158	39.199359	0.000000	-0.342079	-0.342079	0.000000
0.694219	39.775821	0.000000	-0.347110	-0.347110	0.000000
0.704280	40.352282	0.000000	-0.352140	-0.352140	0.000000
0.714341	40.928743	0.000000	-0.357171	-0.357171	0.000000
0.724402	41.505204	0.000000	-0.362201	-0.362201	0.000000
0.734464	42.081665	0.000000	-0.367232	-0.367232	0.000000
0.744525	42.658127	0.000000	-0.372262	-0.372262	0.000000
0.754586	43.234588	0.000000	-0.377293	-0.377293	0.000000
0.764647	43.811049	0.000000	-0.382324	-0.382324	0.000000
0.774708	44.387510	0.000000	-0.387354	-0.387354	0.000000
0.784769	44.963971	0.000000	-0.392385	-0.392385	0.000000
0.794830	45.540432	0.000000	-0.397415	-0.397415	0.000000
0.804892	46.116894	0.000000	-0.402446	-0.402446	0.000000
0.814953	46.693355	0.000000	-0.407476	-0.407476	0.000000
0.825014	47.269816	0.000000	-0.412507	-0.412507	0.000000
0.835075	47.846277	0.000000	-0.417538	-0.417538	0.000000
0.845136	48.422738	0.000000	-0.422568	-0.422568	0.000000
0.855197	48.999199	0.000000	-0.427599	-0.427599	0.000000
0.865259	49.575661	0.000000	-0.432629	-0.432629	0.000000
0.875320	50.152122	0.000000	-0.437660	-0.437660	0.000000
0.885381	50.728583	0.000000	-0.442690	-0.442690	0.000000
0.895442	51.305044	0.000000	-0.447721	-0.447721	0.000000
0.905503	51.881505	0.000000	-0.452752	-0.452752	0.000000
0.915564	52.457966	0.000000	-0.457782	-0.457782	0.000000
0.925625	53.034428	0.000000	-0.462813	-0.462813	0.000000
0.935687	53.610889	0.000000	-0.467843	-0.467843	0.000000
0.945748	54.187350	0.000000	-0.472874	-0.472874	0.000000
0.955809	54.763811	0.000000	-0.477904	-0.477904	0.000000
0.965870	55.340272	0.000000	-0.482935	-0.482935	0.000000
0.975931	55.916733	0.000000	-0.487966	-0.487966	0.000000
0.985992	56.493195	0.000000	-0.492996	-0.492996	0.000000
0.996053	57.069656	0.000000	-0.498027	-0.498027	0.000000
1.006115	57.646117	0.000000	-0.503057	-0.503057	0.000000
1.016176	58.222578	0.000000	-0.508088	-0.508088	0.000000
1.026237	58.799039	0.000000	-0.513118	-0.513118	0.000000
1.036298	59.375500	0.000000	-0.518149	-0.518149	0.000000
1.046359	59.951962	0.000000	-0.523180	-0.523180	0.000000
1.056420	60.528423	0.000000	-0.528210	-0.528210	0.000000
1.066481	61.104884	0.000000	-0.533241	-0.533241	0.000000
1.076543	61.681345	0.000000	-0.538271	-0.538271	0.000000
1.086604	62.257806	0.000000	-0.543302	-0.543302	0.000000
1.096665	62.834267	0.000000	-0.548332	-0.548332	0.000000
1.106726	63.410729	0.000000	-0.553363	-0.553363	0.000000
1.116787	63.987190	0.000000	-0.558394	-0.558394	0.000000
1.126848	64.563651	0.000000	-0.563424	-0.563424	0.000000
1.136909	65.140112	0.000000	-0.568455	-0.568455	0.000000
1.146971	65.716573	0.000000	-0.573485	-0.573485	0.000000
1.157032	66.293034	0.000000	-0.578516	-0.578516	0.000000
1.167093	66.869496	0.000000	-0.583546	-0.583546	0.000000
1.177154	67.445957	0.000000	-0.588577	-0.588577	0.000000
1.187215	68.022418	0.000000	-0.593608	-0.593608	0.000000
1.197276	68.598879	0.000000	-0.598638	-0.598638	0.000000
1.207337	69.175340	0.000000	-0.603669	-0.603669	0.000000
1.217399	69.751801	0.000000	-0.608699	-0.608699	0.000000
1.227460	70.328263	0.000000	-0.613730	-0.613730	0.000000
1.237521	70.904724	0.000000	-0.618760	-0.618760	0.000000
1.247582	71.481185	0.000000	-0.623791	-0.623791	0.000000
1.257643	72.057646	0.000000	-0.628822	-0.628822	0.000000
1.267704	72.634107	0.000000	-0.633852	-0.633852	0.000000
1.277765	73.210568	0.000000	-0.638883	-0.638883	0.000000
1.287827	73.787030	0.000000	-0.643913	-0.643913	0.000000
1.297888	74.363491	0.000000	-0.648944	-0.648944	0.000000
1.307949	74.939952	0.000000	-0.653974	-0.653974	0.000000
1.318010	75.516413	0.000000	-0.659005	-0.659005	0.000000
1.328071	76.092874	0.000000	-0.664036	-0.664036	0.000000
1.338132	76.669335	0.000000	-0.669066	-0.669066	0.000000
1.348193	77.245797	0.000000	-0.674097	-0.674097	0.000000
1.358255	77.822258	0.000000	-0.679127	-0.679127	0.000000
1.368316	78.398719	0.000000	-0.684158	-0.684158	0.000000
1.378377	78.975180	0.000000	-0.689188	-0.689188	0.000000
1.388438	79.551641	0.000000	-0.694219	-0.694219	0.000000
1.398499	80.128102	0.000000	-0.699250	-0.699250	0.000000
1.408560	80.704564	0.000000	-0.704280	-0.704280	0.000000
1.418622	81.281025	0.000000	-0.709311	-0.709311	0.000000
1.428683	81.857486	0.000000	-0.714341	-0.714341	0.000000
1.438744	82.433947	0.000000	-0.719372	-0.719372	0.000000
1.448805	83.010408	0.000000	-0.724402	-0.724402	0.000000
1.458866	83.586869	0.000000	-0.729433	-0.729433	0.000000
1.468927	84.163331	0.000000	-0.734464	-0.734464	0.000000
1.478988	84.739792	0.000000	-0.739494	-0.739494	0.000000
1.489050	85.316253	0.000000	-0.744525	-0.744525	0.000000
1.499111	85.892714	0.000000	-0.749555	-0.749555	0.000000
1.509172	86.469175	0.000000	-0.754586	-0.754586	0.000000
1.519233	87.045637	0.000000	-0.759616	-0.759616	0.000000
1.529294	87.622098	0.000000	-0.764647	-0.764647	0.000000
1.539355	88.198559	0.000000	-0.769678	-0.769678	0.000000
1.549416	88.775020	0.000000	-0.774708	-0.774708	0.000000
1.559478	89.351481	0.000000	-0.779739	-0.779739	0.000000
1.569539	89.927942	0.000000	-0.784769	-0.784769	0.000000
1.579600	90.504404	0.000000	-0.789800	-0.789800	0.000000
1.589661	91.080865	0.000000	-0.794830	-0.794830	0.000000
1.599722	91.657326	0.000000	-0.799861	-0.799861	0.000000
1.609783	92.233787	0.000000	-0.804892	-0.804892	0.000000
1.619844	92.810248	0.000000	-0.809922	-0.809922	0.000000
1.629906	93.386709	0.000000	-0.814953	-0.814953	0.000000
1.639967	93.963171	0.000000	-0.819983	-0.819983	0.000000
1.650028	94.539632	0.000000	-0.825014	-0.825014	0.000000
1.660089	95.116093	0.000000	-0.830044	-0.830044	0.000000
1.670150	95.692554	0.000000	-0.835075	-0.835075	0.000000
1.680211	96.269015	0.000000	-0.840106	-0.840106	0.000000
1.690272	96.845476	0.000000	-0.845136	-0.845136	0.000000
1.700334	97.421938	0.000000	-0.850167	-0.850167	0.000000
1.710395	97.998399	0.000000	-0.855197	-0.855197	0.000000
1.720456	98.574860	0.000000	-0.860228	-0.860228	0.000000
1.730517	99.151321	0.000000	-0.865259	-0.865259	0.000000
1.740578	99.727782	0.000000	-0.870289	-0.870289	0.000000
1.750639	100.304243	0.000000	-0.875320	-0.875320	0.000000
1.760700	100.880705	0.000000	-0.880350	-0.880350	0.000000
1.770762	101.457166	0.000000	-0.885381	-0.885381	0.000000
1.780823	102.033627	0.000000	-0.890411	-0.890411	0.000000
1.790884	102.610088	0.000000	-0.895442	-0.895442	0.000000
1.800945	103.186549	0.000000	-0.900473	-0.900473	0.000000
1.811006	103.763010	0.000000	-0.905503	-0.905503	0.000000
1.821067	104.339472	0.000000	-0.910534	-0.910534	0.000000
1.831128	104.915933	0.000000	-0.915564	-0.915564	0.000000
1.841190	105.492394	0.000000	-0.920595	-0.920595	0.000000
1.851251	106.068855	0.000000	-0.925625	-0.925625	0.000000
1.861312	106.645316	0.000000	-0.930656	-0.930656	0.000000
1.871373	107.221777	0.000000	-0.935687	-0.935687	0.000000
1.881434	107.798239	0.000000	-0.940717	-0.940717	0.000000
1.891495	108.374700	0.000000	-0.945748	-0.945748	0.000000
1.901556	108.951161	0.000000	-0.950778	-0.950778	0.000000
1.911618	109.527622	0.000000	-0.955809	-0.955809	0.000000
1.921679	110.104083	0.000000	-0.960839	-0.960839	0.000000
1.931740	110.680544	0.000000	-0.965870	-0.965870	0.000000
1.941801	111.257006	0.000000	-0.970901	-0.970901	0.000000
1.951862	111.833467	0.000000	-0.975931	-0.975931	0.000000
1.961923	112.409928	0.000000	-0.980962	-0.980962	0.000000
1.971984	112.986389	0.000000	-0.985992	-0.985992	0.000000
1.982046	113.562850	0.000000	-0.991023	-0.991023	0.000000
1.992107	114.139311	0.000000	-0.996053	-0.996053	0.000000
2.002168	114.715773	0.000000	-1.001084	-1.001084	0.000000
2.012229	115.292234	0.000000	-1.006115	-1.006115	0.000000
2.022290	115.868695	0.000000	-1.011145	-1.011145	0.000000
2.032351	116.445156	0.000000	-1.016176	-1.016176	0.000000
2.042413	117.021617	0.000000	-1.021206	-1.021206	0.000000
2.052474	117.598078	0.000000	-1.026237	-1.026237	0.000000
2.062535	118.174540	0.000000	-1.031267	-1.031267	0.000000
2.072596	118.751001	0.000000	-1.036298	-1.036298	0.000000
2.082657	119.327462	0.000000	-1.041329	-1.041329	0.000000
2.092718	119.903923	0.000000	-1.046359	-1.046359	0.000000
2.102779	120.480384	0.000000	-1.051390	-1.051390	0.000000
2.112841	121.056845	0.000000	-1.056420	-1.056420	0.000000
2.122902	121.633307	0.000000	-1.061451	-1.061451	0.000000
2.132963	122.209768	0.000000	-1.066481	-1.066481	0.000000
2.143024	122.786229	0.000000	-1.071512	-1.071512	0.000000
2.153085	123.362690	0.000000	-1.076543	-1.076543	0.000000
2.163146	123.939151	0.000000	-1.081573	-1.081573	0.000000
2.173207	124.515612	0.000000	-1.086604	-1.086604	0.000000
2.183269	125.092074	0.000000	-1.091634	-1.091634	0.000000
2.193330	125.668535	0.000000	-1.096665	-1.096665	0.000000
2.203391	126.244996	0.000000	-1.101695	-1.101695	0.000000
2.213452	126.821457	0.000000	-1.106726	-1.106726	0.000000
2.223513	127.397918	0.000000	-1.111757	-1.111757	0.000000
2.233574	127.974380	0.000000	-1.116787	-1.116787	0.000000
2.243635	128.550841	0.000000	-1.121818	-1.121818	0.000000
2.253697	129.127302	0.000000	-1.126848	-1.126848	0.000000
2.263758	129.703763	0.000000	-1.131879	-1.131879	0.000000
2.273819	130.280224	0.000000	-1.136909	-1.136909	0.000000
2.283880	130.856685	0.000000	-1.141940	-1.141940	0.000000
2.293941	131.433147	0.000000	-1.146971	-1.146971	0.000000
2.304002	132.009608	0.000000	-1.152001	-1.152001	0.000000
2.314063	132.586069	0.000000	-1.157032	-1.157032	0.000000
2.324125	133.162530	0.000000	-1.162062	-1.162062	0.000000
2.334186	133.738991	0.000000	-1.167093	-1.167093	0.000000
2.344247	134.315452	0.000000	-1.172123	-1.172123	0.000000
2.354308	134.891914	0.000000	-1.177154	-1.177154	0.000000
2.364369	135.468375	0.000000	-1.182185	-1.182185	0.000000
2.374430	136.044836	0.000000	-1.187215	-1.187215	0.000000
2.384491	136.621297	0.000000	-1.192246	-1.192246	0.000000
2.394553	137.197758	0.000000	-1.197276	-1.197276	0.000000
2.404614	137.774219	0.000000	-1.202307	-1.202307	0.000000
2.414675	138.350681	0.000000	-1.207337	-1.207337	0.000000
2.424736	138.927142	0.000000	-1.212368	-1.212368	0.000000
2.434797	139.503603	0.000000	-1.217399	-1.217399	0.000000
2.444858	140.080064	0.000000	-1.222429	-1.222429	0.000000
2.454919	140.656525	0.000000	-1.227460	-1.227460	0.000000
2.464981	141.232986	0.000000	-1.232490	-1.232490	0.000000
2.475042	141.809448	0.000000	-1.237521	-1.237521	0.000000
2.485103	142.385909	0.000000	-1.242551	-1.242551	0.000000
2.495164	142.962370	0.000000	-1.247582	-1.247582	0.000000
2.505225	143.538831	0.000000	-1.252613	-1.252613	0.000000
2.515286	144.115292	0.000000	-1.257643	-1.257643	0.000000
2.525347	144.691753	0.000000	-1.262674	-1.262674	0.000000
2.535409	145.268215	0.000000	-1.267704	-1.267704	0.000000
2.545470	145.844676	0.000000	-1.272735	-1.272735	0.000000
2.555531	146.421137	0.000000	-1.277765	-1.277765	0.000000
2.565592	146.997598	0.000000	-1.282796	-1.282796	0.000000
2.575653	147.574059	0.000000	-1.287827	-1.287827	0.000000
2.585714	148.150520	0.000000	-1.292857	-1.292857	0.000000
2.595776	148.726982	0.000000	-1.297888	-1.297888	0.000000
2.605837	149.303443	0.000000	-1.302918	-1.302918	0.000000
2.615898	149.879904	0.000000	-1.307949	-1.307949	0.000000
2.625959	150.456365	0.000000	-1.312979	-1.312979	0.000000
2.636020	151.032826	0.000000	-1.318010	-1.318010	0.000000
2.646081	151.609287	0.000000	-1.323041	-1.323041	0.000000
2.656142	152.185749	0.000000	-1.328071	-1.328071	0.000000
2.666204	152.762210	0.000000	-1.333102	-1.333102	0.000000
2.676265	153.338671	0.000000	-1.338132	-1.338132	0.000000
2.686326	153.915132	0.000000	-1.343163	-1.343163	0.000000
2.696387	154.491593	0.000000	-1.348193	-1.348193	0.000000
2.706448	155.068054	0.000000	-1.353224	-1.353224	0.000000
2.716509	155.644516	0.000000	-1.358255	-1.358255	0.000000
2.726570	156.220977	0.000000	-1.363285	-1.363285	0.000000
2.736632	156.797438	0.000000	-1.368316	-1.368316	0.000000
2.746693	157.373899	0.000000	-1.373346	-1.373346	0.000000
2.756754	157.950360	0.000000	-1.378377	-1.378377	0.000000
2.766815	158.526821	0.000000	-1.383407	-1.383407	0.000000
2.776876	159.103283	0.000000	-1.388438	-1.388438	0.000000
2.786937	159.679744	0.000000	-1.393469	-1.393469	0.000000
2.796998	160.256205	0.000000	-1.398499	-1.398499	0.000000
2.807060	160.832666	0.000000	-1.403530	-1.403530	0.000000
2.817121	161.409127	0.000000	-1.408560	-1.408560	0.000000
2.827182	161.985588	0.000000	-1.413591	-1.413591	0.000000
2.837243	162.562050	0.000000	-1.418622	-1.418622	0.000000
2.847304	163.138511	0.000000	-1.423652	-1.423652	0.000000
2.857365	163.714972	0.000000	-1.428683	-1.428683	0.000000
2.867426	164.291433	0.000000	-1.433713	-1.433713	0.000000
2.877488	164.867894	0.000000	-1.438744	-1.438744	0.000000
2.887549	165.444355	0.000000	-1.443774	-1.443774	0.000000
2.897610	166.020817	0.000000	-1.448805	-1.448805	0.000000
2.907671	166.597278	0.000000	-1.453836	-1.453836	0.000000
2.917732	167.173739	0.000000	-1.458866	-1.458866	0.000000
2.927793	167.750200	0.000000	-1.463897	-1.463897	0.000000
2.937854	168.326661	0.000000	-1.468927	-1.468927	0.000000
2.947916	168.903122	0.000000	-1.473958	-1.473958	0.000000
2.957977	169.479584	0.000000	-1.478988	-1.478988	0.000000
2.968038	170.056045	0.000000	-1.484019	-1.484019	0.000000
2.978099	170.632506	0.000000	-1.489050	-1.489050	0.000000
2.988160	171.208967	0.000000	-1.494080	-1.494080	0.000000
2.998221	171.785428	0.000000	-1.499111	-1.499111	0.000000
3.008282	172.361890	0.000000	-1.504141	-1.504141	0.000000
3.018344	172.938351	0.000000	-1.509172	-1.509172	0.000000
3.028405	173.514812	0.000000	-1.514202	-1.514202	0.000000
3.038466	174.091273	0.000000	-1.519233	-1.519233	0.000000
3.048527	174.667734	0.000000	-1.524264	-1.524264	0.000000
3.058588	175.244195	0.000000	-1.529294	-1.529294	0.000000
3.068649	175.820657	0.000000	-1.534325	-1.534325	0.000000
3.078710	176.397118	0.000000	-1.539355	-1.539355	0.000000
3.088772	176.973579	0.000000	-1.544386	-1.544386	0.000000
3.098833	177.550040	0.000000	-1.549416	-1.549416	0.000000
3.108894	178.126501	0.000000	-1.554447	-1.554447	0.000000
3.118955	178.702962	0.000000	-1.559478	-1.559478	0.000000
3.129016	179.279424	0.000000	-1.564508	-1.564508	0.000000
3.139077	179.855885	0.000000	-1.569539	-1.569539	0.000000
3.149139	180.432346	0.000000	-1.574569	-1.574569	0.000000
3.159200	181.008807	0.000000	-1.579600	-1.579600	0.000000
3.169261	181.585268	0.000000	-1.584630	-1.584630	0.000000
3.179322	182.161729	0.000000	-1.589661	-1.589661	0.000000
3.189383	182.738191	0.000000	-1.594692	-1.594692	0.000000
3.199444	183.314652	0.000000	-1.599722	-1.599722	0.000000
3.209505	183.891113	0.000000	-1.604753	-1.604753	0.000000
3.219567	184.467574	0.000000	-1.609783	-1.609783	0.000000
3.229628	185.044035	0.000000	-1.614814	-1.614814	0.000000
3.239689	185.620496	0.000000	-1.619844	-1.619844	0.000000
3.249750	186.196958	0.000000	-1.624875	-1.624875	0.000000
3.259811	186.773419	0.000000	-1.629906	-1.629906	0.000000
3.269872	187.349880	0.000000	-1.634936	-1.634936	0.000000
3.279933	187.926341	0.000000	-1.639967	-1.639967	0.000000
3.289995	188.502802	0.000000	-1.644997	-1.644997	0.000000
3.300056	189.079263	0.000000	-1.650028	-1.650028	0.000000
3.310117	189.655725	0.000000	-1.655058	-1.655058	0.000000
3.320178	190.232186	0.000000	-1.660089	-1.660089	0.000000
3.330239	190.808647	0.000000	-1.665120	-1.665120	0.000000
3.340300	191.385108	0.000000	-1.670150	-1.670150	0.000000
3.350361	191.961569	0.000000	-1.675181	-1.675181	0.000000
3.360423	192.538030	0.000000	-1.680211	-1.680211	0.000000
3.370484	193.114492	0.000000	-1.685242	-1.685242	0.000000
3.380545	193.690953	0.000000	-1.690272	-1.690272	0.000000
3.390606	194.267414	0.000000	-1.695303	-1.695303	0.000000
3.400667	194.843875	0.000000	-1.700334	-1.700334	0.000000
3.410728	195.420336	0.000000	-1.705364	-1.705364	0.000000
3.420789	195.996797	0.000000	-1.710395	-1.710395	0.000000
3.430851	196.573259	0.000000	-1.715425	-1.715425	0.000000
3.440912	197.149720	0.000000	-1.720456	-1.720456	0.000000
3.450973	197.726181	0.000000	-1.725486	-1.725486	0.000000
3.461034	198.302642	0.000000	-1.730517	-1.730517	0.000000
3.471095	198.879103	0.000000	-1.735548	-1.735548	0.000000
3.481156	199.455564	0.000000	-1.740578	-1.740578	0.000000
3.491217	200.032026	0.000000	-1.745609	-1.745609	0.000000
3.501279	200.608487	0.000000	-1.750639	-1.750639	0.000000
3.511340	201.184948	0.000000	-1.755670	-1.755670	0.000000
3.521401	201.761409	0.000000	-1.760700	-1.760700	0.000000
3.531462	202.337870	0.000000	-1.765731	-1.765731	0.000000
3.541523	202.914331	0.000000	-1.770762	-1.770762	0.000000
3.551584	203.490793	0.000000	-1.775792	-1.775792	0.000000
3.561645	204.067254	0.000000	-1.780823	-1.780823	0.000000
3.571707	204.643715	0.000000	-1.785853	-1.785853	0.000000
3.581768	205.220176	0.000000	-1.790884	-1.790884	0.000000
3.591829	205.796637	0.000000	-1.795914	-1.795914	0.000000
3.601890	206.373098	0.000000	-1.800945	-1.800945	0.000000
3.611951	206.949560	0.000000	-1.805976	-1.805976	0.000000
3.622012	207.526021	0.000000	-1.811006	-1.811006	0.000000
3.632073	208.102482	0.000000	-1.816037	-1.816037	0.000000
3.642135	208.678943	0.000000	-1.821067	-1.821067	0.000000
3.652196	209.255404	0.000000	-1.826098	-1.826098	0.000000
3.662257	209.831865	0.000000	-1.831128	-1.831128	0.000000
3.672318	210.408327	0.000000	-1.836159	-1.836159	0.000000
3.682379	210.984788	0.000000	-1.841190	-1.841190	0.000000
3.692440	211.561249	0.000000	-1.846220	-1.846220	0.000000
3.702502	212.137710	0.000000	-1.851251	-1.851251	0.000000
3.712563	212.714171	0.000000	-1.856281	-1.856281	0.000000
3.722624	213.290633	0.000000	-1.861312	-1.861312	0.000000
3.732685	213.867094	0.000000	-1.866342	-1.866342	0.000000
3.742746	214.443555	0.000000	-1.871373	-1.871373	0.000000
3.752807	215.020016	0.000000	-1.876404	-1.876404	0.000000
3.762868	215.596477	0.000000	-1.881434	-1.881434	0.000000
3.772930	216.172938	0.000000	-1.886465	-1.886465	0.000000
3.782991	216.749400	0.000000	-1.891495	-1.891495	0.000000
3.793052	217.325861	0.000000	-1.896526	-1.896526	0.000000
3.803113	217.902322	0.000000	-1.901556	-1.901556	0.000000
3.813174	218.478783	0.000000	-1.906587	-1.906587	0.000000
3.823235	219.055244	0.000000	-1.911618	-1.911618	0.000000
3.833296	219.631705	0.000000	-1.916648	-1.916648	0.000000
3.843358	220.208167	0.000000	-1.921679	-1.921679	0.000000
3.853419	220.784628	0.000000	-1.926709	-1.926709	0.000000
3.863480	221.361089	0.000000	-1.931740	-1.931740	0.000000
3.873541	221.937550	0.000000	-1.936770	-1.936770	0.000000
3.883602	222.514011	0.000000	-1.941801	-1.941801	0.000000
3.893663	223.090472	0.000000	-1.946832	-1.946832	0.000000
3.903724	223.666934	0.000000	-1.951862	-1.951862	0.000000
3.913786	224.243395	0.000000	-1.956893	-1.956893	0.000000
3.923847	224.819856	0.000000	-1.961923	-1.961923	0.000000
3.933908	225.396317	0.000000	-1.966954	-1.966954	0.000000
3.943969	225.972778	0.000000	-1.971984	-1.971984	0.000000
3.954030	226.549239	0.000000	-1.977015	-1.977015	0.000000
3.964091	227.125701	0.000000	-1.982046	-1.982046	0.000000
3.974152	227.702162	0.000000	-1.987076	-1.987076	0.000000
3.984214	228.278623	0.000000	-1.992107	-1.992107	0.000000
3.994275	228.855084	0.000000	-1.997137	-1.997137	0.000000
4.004336	229.431545	0.000000	-2.002168	-2.002168	0.000000
4.014397	230.008006	0.000000	-2.007199	-2.007199	0.000000
4.024458	230.584468	0.000000	-2.012229	-2.012229	0.000000
4.034519	231.160929	0.000000	-2.017260	-2.017260	0.000000
4.044580	231.737390	0.000000	-2.022290	-2.022290	0.000000
4.054642	232.313851	0.000000	-2.027321	-2.027321	0.000000
4.064703	232.890312	0.000000	-2.032351	-2.032351	0.000000
4.074764	233.466773	0.000000	-2.037382	-2.037382	0.000000
4.084825	234.043235	0.000000	-2.042413	-2.042413	0.000000
4.094886	234.619696	0.000000	-2.047443	-2.047443	0.000000
4.104947	235.196157	0.000000	-2.052474	-2.052474	0.000000
4.115008	235.772618	0.000000	-2.057504	-2.057504	0.000000
4.125070	236.349079	0.000000	-2.062535	-2.062535	0.000000
4.135131	236.925540	0.000000	-2.067565	-2.067565	0.000000
4.145192	237.502002	0.000000	-2.072596	-2.072596	0.000000
4.155253	238.078463	0.000000	-2.077627	-2.077627	0.000000
4.165314	238.654924	0.000000	-2.082657	-2.082657	0.000000
4.175375	239.231385	0.000000	-2.087688	-2.087688	0.000000
4.185436	239.807846	0.000000	-2.092718	-2.092718	0.000000
4.195498	240.384307	0.000000	-2.097749	-2.097749	0.000000
4.205559	240.960769	0.000000	-2.102779	-2.102779	0.000000
4.215620	241.537230	0.000000	-2.107810	-2.107810	0.000000
4.225681	242.113691	0.000000	-2.112841	-2.112841	0.000000
4.235742	242.690152	0.000000	-2.117871	-2.117871	0.000000
4.245803	243.266613	0.000000	-2.122902	-2.122902	0.000000
4.255865	243.843074	0.000000	-2.127932	-2.127932	0.000000
4.265926	244.419536	0.000000	-2.132963	-2.132963	0.000000
4.275987	244.995997	0.000000	-2.137993	-2.137993	0.000000
4.286048	245.572458	0.000000	-2.143024	-2.143024	0.000000
4.296109	246.148919	0.000000	-2.148055	-2.148055	0.000000
4.306170	246.725380	0.000000	-2.153085	-2.153085	0.000000
4.316231	247.301841	0.000000	-2.158116	-2.158116	0.000000
4.326293	247.878303	0.000000	-2.163146	-2.163146	0.000000
4.336354	248.454764	0.000000	-2.168177	-2.168177	0.000000
4.346415	249.031225	0.000000	-2.173207	-2.173207	0.000000
4.356476	249.607686	0.000000	-2.178238	-2.178238	0.000000
4.366537	250.184147	0.000000	-2.183269	-2.183269	0.000000
4.376598	250.760608	0.000000	-2.188299	-2.188299	0.000000
4.386659	251.337070	0.000000	-2.193330	-2.193330	0.000000
4.396721	251.913531	0.000000	-2.198360	-2.198360	0.000000
4.406782	252.489992	0.000000	-2.203391	-2.203391	0.000000
4.416843	253.066453	0.000000	-2.208421	-2.208421	0.000000
4.426904	253.642914	0.000000	-2.213452	-2.213452	0.000000
4.436965	254.219376	0.000000	-2.218483	-2.218483	0.000000
4.447026	254.795837	0.000000	-2.223513	-2.223513	0.000000
4.457087	255.372298	0.000000	-2.228544	-2.228544	0.000000
4.467149	255.948759	0.000000	-2.233574	-2.233574	0.000000
4.477210	256.525220	0.000000	-2.238605	-2.238605	0.000000
4.487271	257.101681	0.000000	-2.243635	-2.243635	0.000000
4.497332	257.678143	0.000000	-2.248666	-2.248666	0.000000
4.507393	258.254604	0.000000	-2.253697	-2.253697	0.000000
4.517454	258.831065	0.000000	-2.258727	-2.258727	0.000000
4.527515	259.407526	0.000000	-2.263758	-2.263758	0.000000
4.537577	259.983987	0.000000	-2.268788	-2.268788	0.000000
4.547638	260.560448	0.000000	-2.273819	-2.273819	0.000000
4.557699	261.136910	0.000000	-2.278849	-2.278849	0.000000
4.567760	261.713371	0.000000	-2.283880	-2.283880	0.000000
4.577821	262.289832	0.000000	-2.288911	-2.288911	0.000000
4.587882	262.866293	0.000000	-2.293941	-2.293941	0.000000
4.597943	263.442754	0.000000	-2.298972	-2.298972	0.000000
4.608005	264.019215	0.000000	-2.304002	-2.304002	0.000000
4.618066	264.595677	0.000000	-2.309033	-2.309033	0.000000
4.628127	265.172138	0.000000	-2.314063	-2.314063	0.000000
4.638188	265.748599	0.000000	-2.319094	-2.319094	0.000000
4.648249	266.325060	0.000000	-2.324125	-2.324125	0.000000
4.658310	266.901521	0.000000	-2.329155	-2.329155	0.000000
4.668371	267.477982	0.000000	-2.334186	-2.334186	0.000000
4.678433	268.054444	0.000000	-2.339216	-2.339216	0.000000
4.688494	268.630905	0.000000	-2.344247	-2.344247	0.000000
4.698555	269.207366	0.000000	-2.349277	-2.349277	0.000000
4.708616	269.783827	0.000000	-2.354308	-2.354308	0.000000
4.718677	270.360288	0.000000	-2.359339	-2.359339	0.000000
4.728738	270.936749	0.000000	-2.364369	-2.364369	0.000000
4.738799	271.513211	0.000000	-2.369400	-2.369400	0.000000
4.748861	272.089672	0.000000	-2.374430	-2.374430	0.000000
4.758922	272.666133	0.000000	-2.379461	-2.379461	0.000000
4.768983	273.242594	0.000000	-2.384491	-2.384491	0.000000
4.779044	273.819055	0.000000	-2.389522	-2.389522	0.000000
4.789105	274.395516	0.000000	-2.394553	-2.394553	0.000000
4.799166	274.971978	0.000000	-2.399583	-2.399583	0.000000
4.809228	275.548439	0.000000	-2.404614	-2.404614	0.000000
4.819289	276.124900	0.000000	-2.409644	-2.409644	0.000000
4.829350	276.701361	0.000000	-2.414675	-2.414675	0.000000
4.839411	277.277822	0.000000	-2.419705	-2.419705	0.000000
4.849472	277.854283	0.000000	-2.424736	-2.424736	0.000000
4.859533	278.430745	0.000000	-2.429767	-2.429767	0.000000
4.869594	279.007206	0.000000	-2.434797	-2.434797	0.000000
4.879656	279.583667	0.000000	-2.439828	-2.439828	0.000000
4.889717	280.160128	0.000000	-2.444858	-2.444858	0.000000
4.899778	280.736589	0.000000	-2.449889	-2.449889	0.000000
4.909839	281.313050	0.000000	-2.454919	-2.454919	0.000000
4.919900	281.889512	0.000000	-2.459950	-2.459950	0.000000
4.929961	282.465973	0.000000	-2.464981	-2.464981	0.000000
4.940022	283.042434	0.000000	-2.470011	-2.470011	0.000000
4.950084	283.618895	0.000000	-2.475042	-2.475042	0.000000
4.960145	284.195356	0.000000	-2.480072	-2.480072	0.000000
4.970206	284.771817	0.000000	-2.485103	-2.485103	0.000000
4.980267	285.348279	0.000000	-2.490133	-2.490133	0.000000
4.990328	285.924740	0.000000	-2.495164	-2.495164	0.000000
5.000389	286.501201	0.000000	-2.500195	-2.500195	0.000000
5.010450	287.077662	0.000000	-2.505225	-2.505225	0.000000
5.020512	287.654123	0.000000	-2.510256	-2.510256	0.000000
5.030573	288.230584	0.000000	-2.515286	-2.515286	0.000000
5.040634	288.807046	0.000000	-2.520317	-2.520317	0.000000
5.050695	289.383507	0.000000	-2.525347	-2.525347	0.000000
5.060756	289.959968	0.000000	-2.530378	-2.530378	0.000000
5.070817	290.536429	0.000000	-2.535409	-2.535409	0.000000
5.080878	291.112890	0.000000	-2.540439	-2.540439	0.000000
5.090940	291.689351	0.000000	-2.545470	-2.545470	0.000000
5.101001	292.265813	0.000000	-2.550500	-2.550500	0.000000
5.111062	292.842274	0.000000	-2.555531	-2.555531	0.000000
5.121123	293.418735	0.000000	-2.560562	-2.560562	0.000000
5.131184	293.995196	0.000000	-2.565592	-2.565592	0.000000
5.141245	294.571657	0.000000	-2.570623	-2.570623	0.000000
5.151306	295.148118	0.000000	-2.575653	-2.575653	0.000000
5.161368	295.724580	0.000000	-2.580684	-2.580684	0.000000
5.171429	296.301041	0.000000	-2.585714	-2.585714	0.000000
5.181490	296.877502	0.000000	-2.590745	-2.590745	0.000000
5.191551	297.453963	0.000000	-2.595776	-2.595776	0.000000
5.201612	298.030424	0.000000	-2.600806	-2.600806	0.000000
5.211673	298.606886	0.000000	-2.605837	-2.605837	0.000000
5.221734	299.183347	0.000000	-2.610867	-2.610867	0.000000
5.231796	299.759808	0.000000	-2.615898	-2.615898	0.000000
5.241857	300.336269	0.000000	-2.620928	-2.620928	0.000000
5.251918	300.912730	0.000000	-2.625959	-2.625959	0.000000
5.261979	301.489191	0.000000	-2.630990	-2.630990	0.000000
5.272040	302.065653	0.000000	-2.636020	-2.636020	0.000000
5.282101	302.642114	0.000000	-2.641051	-2.641051	0.000000
5.292162	303.218575	0.000000	-2.646081	-2.646081	0.000000
5.302224	303.795036	0.000000	-2.651112	-2.651112	0.000000
5.312285	304.371497	0.000000	-2.656142	-2.656142	0.000000
5.322346	304.947958	0.000000	-2.661173	-2.661173	0.000000
5.332407	305.524420	0.000000	-2.666204	-2.666204	0.000000
5.342468	306.100881	0.000000	-2.671234	-2.671234	0.000000
5.352529	306.677342	0.000000	-2.676265	-2.676265	0.000000
5.362591	307.253803	0.000000	-2.681295	-2.681295	0.000000
5.372652	307.830264	0.000000	-2.686326	-2.686326	0.000000
5.382713	308.406725	0.000000	-2.691356	-2.691356	0.000000
5.392774	308.983187	0.000000	-2.696387	-2.696387	0.000000
5.402835	309.559648	0.000000	-2.701418	-2.701418	0.000000
5.412896	310.136109	0.000000	-2.706448	-2.706448	0.000000
5.422957	310.712570	0.000000	-2.711479	-2.711479	0.000000
5.433019	311.289031	0.000000	-2.716509	-2.716509	0.000000
5.443080	311.865492	0.000000	-2.721540	-2.721540	0.000000
5.453141	312.441954	0.000000	-2.726570	-2.726570	0.000000
5.463202	313.018415	0.000000	-2.731601	-2.731601	0.000000
5.473263	313.594876	0.000000	-2.736632	-2.736632	0.000000
5.483324	314.171337	0.000000	-2.741662	-2.741662	0.000000
5.493385	314.747798	0.000000	-2.746693	-2.746693	0.000000
5.503447	315.324259	0.000000	-2.751723	-2.751723	0.000000
5.513508	315.900721	0.000000	-2.756754	-2.756754	0.000000
5.523569	316.477182	0.000000	-2.761784	-2.761784	0.000000
5.533630	317.053643	0.000000	-2.766815	-2.766815	0.000000
5.543691	317.630104	0.000000	-2.771846	-2.771846	0.000000
5.553752	318.206565	0.000000	-2.776876	-2.776876	0.000000
5.563813	318.783026	0.000000	-2.781907	-2.781907	0.000000
5.573875	319.359488	0.000000	-2.786937	-2.786937	0.000000
5.583936	319.935949	0.000000	-2.791968	-2.791968	0.000000
5.593997	320.512410	0.000000	-2.796998	-2.796998	0.000000
5.604058	321.088871	0.000000	-2.802029	-2.802029	0.000000
5.614119	321.665332	0.000000	-2.807060	-2.807060	0.000000
5.624180	322.241793	0.000000	-2.812090	-2.812090	0.000000
5.634241	322.818255	0.000000	-2.817121	-2.817121	0.000000
5.644303	323.394716	0.000000	-2.822151	-2.822151	0.000000
5.654364	323.971177	0.000000	-2.827182	-2.827182	0.000000
5.664425	324.547638	0.000000	-2.832212	-2.832212	0.000000
5.674486	325.124099	0.000000	-2.837243	-2.837243	0.000000
5.684547	325.700560	0.000000	-2.842274	-2.842274	0.000000
5.694608	326.277022	0.000000	-2.847304	-2.847304	0.000000
5.704669	326.853483	0.000000	-2.852335	-2.852335	0.000000
5.714731	327.429944	0.000000	-2.857365	-2.857365	0.000000
5.724792	328.006405	0.000000	-2.862396	-2.862396	0.000000
5.734853	328.582866	0.000000	-2.867426	-2.867426	0.000000
5.744914	329.159327	0.000000	-2.872457	-2.872457	0.000000
5.754975	329.735789	0.000000	-2.877488	-2.877488	0.000000
5.765036	330.312250	0.000000	-2.882518	-2.882518	0.000000
5.775097	330.888711	0.000000	-2.887549	-2.887549	0.000000
5.785159	331.465172	0.000000	-2.892579	-2.892579	0.000000
5.795220	332.041633	0.000000	-2.897610	-2.897610	0.000000
5.805281	332.618094	0.000000	-2.902640	-2.902640	0.000000
5.815342	333.194556	0.000000	-2.907671	-2.907671	0.000000
5.825403	333.771017	0.000000	-2.912702	-2.912702	0.000000
5.835464	334.347478	0.000000	-2.917732	-2.917732	0.000000
5.845525	334.923939	0.000000	-2.922763	-2.922763	0.000000
5.855587	335.500400	0.000000	-2.927793	-2.927793	0.000000
5.865648	336.076861	0.000000	-2.932824	-2.932824	0.000000
5.875709	336.653323	0.000000	-2.937854	-2.937854	0.000000
5.885770	337.229784	0.000000	-2.942885	-2.942885	0.000000
5.895831	337.806245	0.000000	-2.947916	-2.947916	0.000000
5.905892	338.382706	0.000000	-2.952946	-2.952946	0.000000
5.915953	338.959167	0.000000	-2.957977	-2.957977	0.000000
5.926015	339.535629	0.000000	-2.963007	-2.963007	0.000000
5.936076	340.112090	0.000000	-2.968038	-2.968038	0.000000
5.946137	340.688551	0.000000	-2.973068	-2.973068	0.000000
5.956198	341.265012	0.000000	-2.978099	-2.978099	0.000000
5.966259	341.841473	0.000000	-2.983130	-2.983130	0.000000
5.976320	342.417934	0.000000	-2.988160	-2.988160	0.000000
5.986382	342.994396	0.000000	-2.993191	-2.993191	0.000000
5.996443	343.570857	0.000000	-2.998221	-2.998221	0.000000
6.006504	344.147318	0.000000	-3.003252	-3.003252	0.000000
6.016565	344.723779	0.000000	-3.008282	-3.008282	0.000000
6.026626	345.300240	0.000000	-3.013313	-3.013313	0.000000
6.036687	345.876701	0.000000	-3.018344	-3.018344	0.000000
6.046748	346.453163	0.000000	-3.023374	-3.023374	0.000000
6.056810	347.029624	0.000000	-3.028405	-3.028405	0.000000
6.066871	347.606085	0.000000	-3.033435	-3.033435	0.000000
6.076932	348.182546	0.000000	-3.038466	-3.038466	0.000000
6.086993	348.759007	0.000000	-3.043496	-3.043496	0.000000
6.097054	349.335468	0.000000	-3.048527	-3.048527	0.000000
6.107115	349.911930	0.000000	-3.053558	-3.053558	0.000000
6.117176	350.488391	0.000000	-3.058588	-3.058588	0.000000
6.127238	351.064852	0.000000	-3.063619	-3.063619	0.000000
6.137299	351.641313	0.000000	-3.068649	-3.068649	0.000000
6.147360	352.217774	0.000000	-3.073680	-3.073680	0.000000
6.157421	352.794235	0.000000	-3.078710	-3.078710	0.000000
6.167482	353.370697	0.000000	-3.083741	-3.083741	0.000000
6.177543	353.947158	0.000000	-3.088772	-3.088772	0.000000
6.187604	354.523619	0.000000	-3.093802	-3.093802	0.000000
6.197666	355.100080	0.000000	-3.098833	-3.098833	0.000000
6.207727	355.676541	0.000000	-3.103863	-3.103863	0.000000
6.217788	356.253002	0.000000	-3.108894	-3.108894	0.000000
6.227849	356.829464	0.000000	-3.113925	-3.113925	0.000000
6.237910	357.405925	0.000000	-3.118955	-3.118955	0.000000
6.247971	357.982386	0.000000	-3.123986	-3.123986	0.000000
6.258032	358.558847	0.000000	-3.129016	-3.129016	0.000000
6.268094	359.135308	0.000000	-3.134047	-3.134047	0.000000
6.278155	359.711769	0.000000	-3.139077	-3.139077	0.000000
6.288216	360.288231	0.000000	-3.139077	-3.139077	0.000000
6.298277	360.864692	0.000000	-3.134047	-3.134047	0.000000
6.308338	361.441153	0.000000	-3.129016	-3.129016	0.000000
6.318399	362.017614	0.000000	-3.123986	-3.123986	0.000000
6.328460	362.594075	0.000000	-3.118955	-3.118955	0.000000
6.338522	363.170536	0.000000	-3.113925	-3.113925	0.000000
6.348583	363.746998	0.000000	-3.108894	-3.108894	0.000000
6.358644	364.323459	0.000000	-3.103863	-3.103863	0.000000
6.368705	364.899920	0.000000	-3.098833	-3.098833	0.000000
6.378766	365.476381	0.000000	-3.093802	-3.093802	0.000000
6.388827	366.052842	0.000000	-3.088772	-3.088772	0.000000
6.398888	366.629303	0.000000	-3.083741	-3.083741	0.000000
6.408950	367.205765	0.000000	-3.078710	-3.078710	0.000000
6.419011	367.782226	0.000000	-3.073680	-3.073680	0.000000
6.429072	368.358687	0.000000	-3.068649	-3.068649	0.000000
6.439133	368.935148	0.000000	-3.063619	-3.063619	0.000000
6.449194	369.511609	0.000000	-3.058588	-3.058588	0.000000
6.459255	370.088070	0.000000	-3.053558	-3.053558	0.000000
6.469316	370.664532	0.000000	-3.048527	-3.048527	0.000000
6.479378	371.240993	0.000000	-3.043496	-3.043496	0.000000
6.489439	371.817454	0.000000	-3.038466	-3.038466	0.000000
6.499500	372.393915	0.000000	-3.033435	-3.033435	0.000000
6.509561	372.970376	0.000000	-3.028405	-3.028405	0.000000
6.519622	373.546837	0.000000	-3.023374	-3.023374	0.000000
6.529683	374.123299	0.000000	-3.018344	-3.018344	0.000000
6.539745	374.699760	0.000000	-3.013313	-3.013313	0.000000
6.549806	375.276221	0.000000	-3.008282	-3.008282	0.000000
6.559867	375.852682	0.000000	-3.003252	-3.003252	0.000000
6.569928	376.429143	0.000000	-2.998221	-2.998221	0.000000
6.579989	377.005604	0.000000	-2.993191	-2.993191	0.000000
6.590050	377.582066	0.000000	-2.988160	-2.988160	0.000000
6.600111	378.158527	0.000000	-2.983130	-2.983130	0.000000
6.610173	378.734988	0.000000	-2.978099	-2.978099	0.000000
6.620234	379.311449	0.000000	-2.973068	-2.973068	0.000000
6.630295	379.887910	0.000000	-2.968038	-2.968038	0.000000
6.640356	380.464371	0.000000	-2.963007	-2.963007	0.000000
6.650417	381.040833	0.000000	-2.957977	-2.957977	0.000000
6.660478	381.617294	0.000000	-2.952946	-2.952946	0.000000
6.670539	382.193755	0.000000	-2.947916	-2.947916	0.000000
6.680601	382.770216	0.000000	-2.942885	-2.942885	0.000000
6.690662	383.346677	0.000000	-2.937854	-2.937854	0.000000
6.700723	383.923139	0.000000	-2.932824	-2.932824	0.000000
6.710784	384.499600	0.000000	-2.927793	-2.927793	0.000000
6.720845	385.076061	0.000000	-2.922763	-2.922763	0.000000
6.730906	385.652522	0.000000	-2.917732	-2.917732	0.000000
6.740967	386.228983	0.000000	-2.912702	-2.912702	0.000000
6.751029	386.805444	0.000000	-2.907671	-2.907671	0.000000
6.761090	387.381906	0.000000	-2.902640	-2.902640	0.000000
6.771151	387.958367	0.000000	-2.897610	-2.897610	0.000000
6.781212	388.534828	0.000000	-2.892579	-2.892579	0.000000
6.791273	389.111289	0.000000	-2.887549	-2.887549	0.000000
6.801334	389.687750	0.000000	-2.882518	-2.882518	0.000000
6.811395	390.264211	0.000000	-2.877488	-2.877488	0.000000
6.821457	390.840673	0.000000	-2.872457	-2.872457	0.000000
6.831518	391.417134	0.000000	-2.867426	-2.867426	0.000000
6.841579	391.993595	0.000000	-2.862396	-2.862396	0.000000
6.851640	392.570056	0.000000	-2.857365	-2.857365	0.000000
6.861701	393.146517	0.000000	-2.852335	-2.852335	0.000000
6.871762	393.722978	0.000000	-2.847304	-2.847304	0.000000
6.881823	394.299440	0.000000	-2.842274	-2.842274	0.000000
6.891885	394.875901	0.000000	-2.837243	-2.837243	0.000000
6.901946	395.452362	0.000000	-2.832212	-2.832212	0.000000
6.912007	396.028823	0.000000	-2.827182	-2.827182	0.000000
6.922068	396.605284	0.000000	-2.822151	-2.822151	0.000000
6.932129	397.181745	0.000000	-2.817121	-2.817121	0.000000
6.942190	397.758207	0.000000	-2.812090	-2.812090	0.000000
6.952251	398.334668	0.000000	-2.807060	-2.807060	0.000000
6.962313	398.911129	0.000000	-2.802029	-2.802029	0.000000
6.972374	399.487590	0.000000	-2.796998	-2.796998	0.000000
6.982435	400.064051	0.000000	-2.791968	-2.791968	0.000000
6.992496	400.640512	0.000000	-2.786937	-2.786937	0.000000
7.002557	401.216974	0.000000	-2.781907	-2.781907	0.000000
7.012618	401.793435	0.000000	-2.776876	-2.776876	0.000000
7.022679	402.369896	0.000000	-2.771846	-2.771846	0.000000
7.032741	402.946357	0.000000	-2.766815	-2.766815	0.000000
7.042802	403.522818	0.000000	-2.761784	-2.761784	0.000000
7.052863	404.099279	0.000000	-2.756754	-2.756754	0.000000
7.062924	404.675741	0.000000	-2.751723	-2.751723	0.000000
7.072985	405.252202	0.000000	-2.746693	-2.746693	0.000000
7.083046	405.828663	0.000000	-2.741662	-2.741662	0.000000
7.093108	406.405124	0.000000	-2.736632	-2.736632	0.000000
7.103169	406.981585	0.000000	-2.731601	-2.731601	0.000000
7.113230	407.558046	0.000000	-2.726570	-2.726570	0.000000
7.123291	408.134508	0.000000	-2.721540	-2.721540	0.000000
7.133352	408.710969	0.000000	-2.716509	-2.716509	0.000000
7.143413	409.287430	0.000000	-2.711479	-2.711479	0.000000
7.153474	409.863891	0.000000	-2.706448	-2.706448	0.000000
7.163536	410.440352	0.000000	-2.701418	-2.701418	0.000000
7.173597	411.016813	0.000000	-2.696387	-2.696387	0.000000
7.183658	411.593275	0.000000	-2.691356	-2.691356	0.000000
7.193719	412.169736	0.000000	-2.686326	-2.686326	0.000000
7.203780	412.746197	0.000000	-2.681295	-2.681295	0.000000
7.213841	413.322658	0.000000	-2.676265	-2.676265	0.000000
7.223902	413.899119	0.000000	-2.671234	-2.671234	0.000000
7.233964	414.475580	0.000000	-2.666204	-2.666204	0.000000
7.244025	415.052042	0.000000	-2.661173	-2.661173	0.000000
7.254086	415.628503	0.000000	-2.656142	-2.656142	0.000000
7.264147	416.204964	0.000000	-2.651112	-2.651112	0.000000
7.274208	416.781425	0.000000	-2.646081	-2.646081	0.000000
7.284269	417.357886	0.000000	-2.641051	-2.641051	0.000000
7.294330	417.934347	0.000000	-2.636020	-2.636020	0.000000
7.304392	418.510809	0.000000	-2.630990	-2.630990	0.000000
7.314453	419.087270	0.000000	-2.625959	-2.625959	0.000000
7.324514	419.663731	0.000000	-2.620928	-2.620928	0.000000
7.334575	420.240192	0.000000	-2.615898	-2.615898	0.000000
7.344636	420.816653	0.000000	-2.610867	-2.610867	0.000000
7.354697	421.393114	0.000000	-2.605837	-2.605837	0.000000
7.364758	421.969576	0.000000	-2.600806	-2.600806	0.000000
7.374820	422.546037	0.000000	-2.595776	-2.595776	0.000000
7.384881	423.122498	0.000000	-2.590745	-2.590745	0.000000
7.394942	423.698959	0.000000	-2.585714	-2.585714	0.000000
7.405003	424.275420	0.000000	-2.580684	-2.580684	0.000000
7.415064	424.851882	0.000000	-2.575653	-2.575653	0.000000
7.425125	425.428343	0.000000	-2.570623	-2.570623	0.000000
7.435186	426.004804	0.000000	-2.565592	-2.565592	0.000000
7.445248	426.581265	0.000000	-2.560562	-2.560562	0.000000
7.455309	427.157726	0.000000	-2.555531	-2.555531	0.000000
7.465370	427.734187	0.000000	-2.550500	-2.550500	0.000000
7.475431	428.310649	0.000000	-2.545470	-2.545470	0.000000
7.485492	428.887110	0.000000	-2.540439	-2.540439	0.000000
7.495553	429.463571	0.000000	-2.535409	-2.535409	0.000000
7.505614	430.040032	0.000000	-2.530378	-2.530378	0.000000
7.515676	430.616493	0.000000	-2.525347	-2.525347	0.000000
7.525737	431.192954	0.000000	-2.520317	-2.520317	0.000000
7.535798	431.769416	0.000000	-2.515286	-2.515286	0.000000
7.545859	432.345877	0.000000	-2.510256	-2.510256	0.000000
7.555920	432.922338	0.000000	-2.505225	-2.505225	0.000000
7.565981	433.498799	0.000000	-2.500195	-2.500195	0.000000
7.576042	434.075260	0.000000	-2.495164	-2.495164	0.000000
7.586104	434.651721	0.000000	-2.490133	-2.490133	0.000000
7.596165	435.228183	0.000000	-2.485103	-2.485103	0.000000
7.606226	435.804644	0.000000	-2.480072	-2.480072	0.000000
7.616287	436.381105	0.000000	-2.475042	-2.475042	0.000000
7.626348	436.957566	0.000000	-2.470011	-2.470011	0.000000
7.636409	437.534027	0.000000	-2.464981	-2.464981	0.000000
7.646471	438.110488	0.000000	-2.459950	-2.459950	0.000000
7.656532	438.686950	0.000000	-2.454919	-2.454919	0.000000
7.666593	439.263411	0.000000	-2.449889	-2.449889	0.000000
7.676654	439.839872	0.000000	-2.444858	-2.444858	0.000000
7.686715	440.416333	0.000000	-2.439828	-2.439828	0.000000
7.696776	440.992794	0.000000	-2.434797	-2.434797	0.000000
7.706837	441.569255	0.000000	-2.429767	-2.429767	0.000000
7.716899	442.145717	0.000000	-2.424736	-2.424736	0.000000
7.726960	442.722178	0.000000	-2.419705	-2.419705	0.000000
7.737021	443.298639	0.000000	-2.414675	-2.414675	0.000000
7.747082	443.875100	0.000000	-2.409644	-2.409644	0.000000
7.757143	444.451561	0.000000	-2.404614	-2.404614	0.000000
7.767204	445.028022	0.000000	-2.399583	-2.399583	0.000000
7.777265	445.604484	0.000000	-2.394553	-2.394553	0.000000
7.787327	446.180945	0.000000	-2.389522	-2.389522	0.000000
7.797388	446.757406	0.000000	-2.384491	-2.384491	0.000000
7.807449	447.333867	0.000000	-2.379461	-2.379461	0.000000
7.817510	447.910328	0.000000	-2.374430	-2.374430	0.000000
7.827571	448.486789	0.000000	-2.369400	-2.369400	0.000000
7.837632	449.063251	0.000000	-2.364369	-2.364369	0.000000
7.847693	449.639712	0.000000	-2.359339	-2.359339	0.000000
7.857755	450.216173	0.000000	-2.354308	-2.354308	0.000000
7.867816	450.792634	0.000000	-2.349277	-2.349277	0.000000
7.877877	451.369095	0.000000	-2.344247	-2.344247	0.000000
7.887938	451.945556	0.000000	-2.339216	-2.339216	0.000000
7.897999	452.522018	0.000000	-2.334186	-2.334186	0.000000
7.908060	453.098479	0.000000	-2.329155	-2.329155	0.000000
7.918121	453.674940	0.000000	-2.324125	-2.324125	0.000000
7.928183	454.251401	0.000000	-2.319094	-2.319094	0.000000
7.938244	454.827862	0.000000	-2.314063	-2.314063	0.000000
7.948305	455.404323	0.000000	-2.309033	-2.309033	0.000000
7.958366	455.980785	0.000000	-2.304002	-2.304002	0.000000
7.968427	456.557246	0.000000	-2.298972	-2.298972	0.000000
7.978488	457.133707	0.000000	-2.293941	-2.293941	0.000000
7.988549	457.710168	0.000000	-2.288911	-2.288911	0.000000
7.998611	458.286629	0.000000	-2.283880	-2.283880	0.000000
8.008672	458.863090	0.000000	-2.278849	-2.278849	0.000000
8.018733	459.439552	0.000000	-2.273819	-2.273819	0.000000
8.028794	460.016013	0.000000	-2.268788	-2.268788	0.000000
8.038855	460.592474	0.000000	-2.263758	-2.263758	0.000000
8.048916	461.168935	0.000000	-2.258727	-2.258727	0.000000
8.058977	461.745396	0.000000	-2.253697	-2.253697	0.000000
8.069039	462.321857	0.000000	-2.248666	-2.248666	0.000000
8.079100	462.898319	0.000000	-2.243635	-2.243635	0.000000
8.089161	463.474780	0.000000	-2.238605	-2.238605	0.000000
8.099222	464.051241	0.000000	-2.233574	-2.233574	0.000000
8.109283	464.627702	0.000000	-2.228544	-2.228544	0.000000
8.119344	465.204163	0.000000	-2.223513	-2.223513	0.000000
8.129405	465.780624	0.000000	-2.218483	-2.218483	0.000000
8.139467	466.357086	0.000000	-2.213452	-2.213452	0.000000
8.149528	466.933547	0.000000	-2.208421	-2.208421	0.000000
8.159589	467.510008	0.000000	-2.203391	-2.203391	0.000000
8.169650	468.086469	0.000000	-2.198360	-2.198360	0.000000
8.179711	468.662930	0.000000	-2.193330	-2.193330	0.000000
8.189772	469.239392	0.000000	-2.188299	-2.188299	0.000000
8.199834	469.815853	0.000000	-2.183269	-2.183269	0.000000
8.209895	470.392314	0.000000	-2.178238	-2.178238	0.000000
8.219956	470.968775	0.000000	-2.173207	-2.173207	0.000000
8.230017	471.545236	0.000000	-2.168177	-2.168177	0.000000
8.240078	472.121697	0.000000	-2.163146	-2.163146	0.000000
8.250139	472.698159	0.000000	-2.158116	-2.158116	0.000000
8.260200	473.274620	0.000000	-2.153085	-2.153085	0.000000
8.270262	473.851081	0.000000	-2.148055	-2.148055	0.000000
8.280323	474.427542	0.000000	-2.143024	-2.143024	0.000000
8.290384	475.004003	0.000000	-2.137993	-2.137993	0.000000
8.300445	475.580464	0.000000	-2.132963	-2.132963	0.000000
8.310506	476.156926	0.000000	-2.127932	-2.127932	0.000000
8.320567	476.733387	0.000000	-2.122902	-2.122902	0.000000
8.330628	477.309848	0.000000	-2.117871	-2.117871	0.000000
8.340690	477.886309	0.000000	-2.112841	-2.112841	0.000000
8.350751	478.462770	0.000000	-2.107810	-2.107810	0.000000
8.360812	479.039231	0.000000	-2.102779	-2.102779	0.000000
8.370873	479.615693	0.000000	-2.097749	-2.097749	0.000000
8.380934	480.192154	0.000000	-2.092718	-2.092718	0.000000
8.390995	480.768615	0.000000	-2.087688	-2.087688	0.000000
8.401056	481.345076	0.000000	-2.082657	-2.082657	0.000000
8.411118	481.921537	0.000000	-2.077627	-2.077627	0.000000
8.421179	482.497998	0.000000	-2.072596	-2.072596	0.000000
8.431240	483.074460	0.000000	-2.067565	-2.067565	0.000000
8.441301	483.650921	0.000000	-2.062535	-2.062535	0.000000
8.451362	484.227382	0.000000	-2.057504	-2.057504	0.000000
8.461423	484.803843	0.000000	-2.052474	-2.052474	0.000000
8.471484	485.380304	0.000000	-2.047443	-2.047443	0.000000
8.481546	485.956765	0.000000	-2.042413	-2.042413	0.000000
8.491607	486.533227	0.000000	-2.037382	-2.037382	0.000000
8.501668	487.109688	0.000000	-2.032351	-2.032351	0.000000
8.511729	487.686149	0.000000	-2.027321	-2.027321	0.000000
8.521790	488.262610	0.000000	-2.022290	-2.022290	0.000000
8.531851	488.839071	0.000000	-2.017260	-2.017260	0.000000
8.541912	489.415532	0.000000	-2.012229	-2.012229	0.000000
8.551974	489.991994	0.000000	-2.007199	-2.007199	0.000000
8.562035	490.568455	0.000000	-2.002168	-2.002168	0.000000
8.572096	491.144916	0.000000	-1.997137	-1.997137	0.000000
8.582157	491.721377	0.000000	-1.992107	-1.992107	0.000000
8.592218	492.297838	0.000000	-1.987076	-1.987076	0.000000
8.602279	492.874299	0.000000	-1.982046	-1.982046	0.000000
8.612340	493.450761	0.000000	-1.977015	-1.977015	0.000000
8.622402	494.027222	0.000000	-1.971984	-1.971984	0.000000
8.632463	494.603683	0.000000	-1.966954	-1.966954	0.000000
8.642524	495.180144	0.000000	-1.961923	-1.961923	0.000000
8.652585	495.756605	0.000000	-1.956893	-1.956893	0.000000
8.662646	496.333066	0.000000	-1.951862	-1.951862	0.000000
8.672707	496.909528	0.000000	-1.946832	-1.946832	0.000000
8.682768	497.485989	0.000000	-1.941801	-1.941801	0.000000
8.692830	498.062450	0.000000	-1.936770	-1.936770	0.000000
8.702891	498.638911	0.000000	-1.931740	-1.931740	0.000000
8.712952	499.215372	0.000000	-1.926709	-1.926709	0.000000
8.723013	499.791833	0.000000	-1.921679	-1.921679	0.000000
8.733074	500.368295	0.000000	-1.916648	-1.916648	0.000000
8.743135	500.944756	0.000000	-1.911618	-1.911618	0.000000
8.753197	501.521217	0.000000	-1.906587	-1.906587	0.000000
8.763258	502.097678	0.000000	-1.901556	-1.901556	0.000000
8.773319	502.674139	0.000000	-1.896526	-1.896526	0.000000
8.783380	503.250600	0.000000	-1.891495	-1.891495	0.000000
8.793441	503.827062	0.000000	-1.886465	-1.886465	0.000000
8.803502	504.403523	0.000000	-1.881434	-1.881434	0.000000
8.813563	504.979984	0.000000	-1.876404	-1.876404	0.000000
8.823625	505.556445	0.000000	-1.871373	-1.871373	0.000000
8.833686	506.132906	0.000000	-1.866342	-1.866342	0.000000
8.843747	506.709367	0.000000	-1.861312	-1.861312	0.000000
8.853808	507.285829	0.000000	-1.856281	-1.856281	0.000000
8.863869	507.862290	0.000000	-1.851251	-1.851251	0.000000
8.873930	508.438751	0.000000	-1.846220	-1.846220	0.000000
8.883991	509.015212	0.000000	-1.841190	-1.841190	0.000000
8.894053	509.591673	0.000000	-1.836159	-1.836159	0.000000
8.904114	510.168135	0.000000	-1.831128	-1.831128	0.000000
8.914175	510.744596	0.000000	-1.826098	-1.826098	0.000000
8.924236	511.321057	0.000000	-1.821067	-1.821067	0.000000
8.934297	511.897518	0.000000	-1.816037	-1.816037	0.000000
8.944358	512.473979	0.000000	-1.811006	-1.811006	0.000000
8.954419	513.050440	0.000000	-1.805976	-1.805976	0.000000
8.964481	513.626902	0.000000	-1.800945	-1.800945	0.000000
8.974542	514.203363	0.000000	-1.795914	-1.795914	0.000000
8.984603	514.779824	0.000000	-1.790884	-1.790884	0.000000
8.994664	515.356285	0.000000	-1.785853	-1.785853	0.000000
9.004725	515.932746	0.000000	-1.780823	-1.780823	0.000000
9.014786	516.509207	0.000000	-1.775792	-1.775792	0.000000
9.024847	517.085669	0.000000	-1.770762	-1.770762	0.000000
9.034909	517.662130	0.000000	-1.765731	-1.765731	0.000000
9.044970	518.238591	0.000000	-1.760700	-1.760700	0.000000
9.055031	518.815052	0.000000	-1.755670	-1.755670	0.000000
9.065092	519.391513	0.000000	-1.750639	-1.750639	0.000000
9.075153	519.967974	0.000000	-1.745609	-1.745609	0.000000
9.085214	520.544436	0.000000	-1.740578	-1.740578	0.000000
9.095275	521.120897	0.000000	-1.735548	-1.735548	0.000000
9.105337	521.697358	0.000000	-1.730517	-1.730517	0.000000
9.115398	522.273819	0.000000	-1.725486	-1.725486	0.000000
9.125459	522.850280	0.000000	-1.720456	-1.720456	0.000000
9.135520	523.426741	0.000000	-1.715425	-1.715425	0.000000
9.145581	524.003203	0.000000	-1.710395	-1.710395	0.000000
9.155642	524.579664	0.000000	-1.705364	-1.705364	0.000000
9.165703	525.156125	0.000000	-1.700334	-1.700334	0.000000
9.175765	525.732586	0.000000	-1.695303	-1.695303	0.000000
9.185826	526.309047	0.000000	-1.690272	-1.690272	0.000000
9.195887	526.885508	0.000000	-1.685242	-1.685242	0.000000
9.205948	527.461970	0.000000	-1.680211	-1.680211	0.000000
9.216009	528.038431	0.000000	-1.675181	-1.675181	0.000000
9.226070	528.614892	0.000000	-1.670150	-1.670150	0.000000
9.236131	529.191353	0.000000	-1.665120	-1.665120	0.000000
9.246193	529.767814	0.000000	-1.660089	-1.660089	0.000000
9.256254	530.344275	0.000000	-1.655058	-1.655058	0.000000
9.266315	530.920737	0.000000	-1.650028	-1.650028	0.000000
9.276376	531.497198	0.000000	-1.644997	-1.644997	0.000000
9.286437	532.073659	0.000000	-1.639967	-1.639967	0.000000
9.296498	532.650120	0.000000	-1.634936	-1.634936	0.000000
9.306560	533.226581	0.000000	-1.629906	-1.629906	0.000000
9.316621	533.803042	0.000000	-1.624875	-1.624875	0.000000
9.326682	534.379504	0.000000	-1.619844	-1.619844	0.000000
9.336743	534.955965	0.000000	-1.614814	-1.614814	0.000000
9.346804	535.532426	0.000000	-1.609783	-1.609783	0.000000
9.356865	536.108887	0.000000	-1.604753	-1.604753	0.000000
9.366926	536.685348	0.000000	-1.599722	-1.599722	0.000000
9.376988	537.261809	0.000000	-1.594692	-1.594692	0.000000
9.387049	537.838271	0.000000	-1.589661	-1.589661	0.000000
9.397110	538.414732	0.000000	-1.584630	-1.584630	0.000000
9.407171	538.991193	0.000000	-1.579600	-1.579600	0.000000
9.417232	539.567654	0.000000	-1.574569	-1.574569	0.000000
9.427293	540.144115	0.000000	-1.569539	-1.569539	0.000000
9.437354	540.720576	0.000000	-1.564508	-1.564508	0.000000
9.447416	541.297038	0.000000	-1.559478	-1.559478	0.000000
9.457477	541.873499	0.000000	-1.554447	-1.554447	0.000000
9.467538	542.449960	0.000000	-1.549416	-1.549416	0.000000
9.477599	543.026421	0.000000	-1.544386	-1.544386	0.000000
9.487660	543.602882	0.000000	-1.539355	-1.539355	0.000000
9.497721	544.179343	0.000000	-1.534325	-1.534325	0.000000
9.507782	544.755805	0.000000	-1.529294	-1.529294	0.000000
9.517844	545.332266	0.000000	-1.524264	-1.524264	0.000000
9.527905	545.908727	0.000000	-1.519233	-1.519233	0.000000
9.537966	546.485188	0.000000	-1.514202	-1.514202	0.000000
9.548027	547.061649	0.000000	-1.509172	-1.509172	0.000000
9.558088	547.638110	0.000000	-1.504141	-1.504141	0.000000
9.568149	548.214572	0.000000	-1.499111	-1.499111	0.000000
9.578210	548.791033	0.000000	-1.494080	-1.494080	0.000000
9.588272	549.367494	0.000000	-1.489050	-1.489050	0.000000
9.598333	549.943955	0.000000	-1.484019	-1.484019	0.000000
9.608394	550.520416	0.000000	-1.478988	-1.478988	0.000000
9.618455	551.096878	0.000000	-1.473958	-1.473958	0.000000
9.628516	551.673339	0.000000	-1.468927	-1.468927	0.000000
9.638577	552.249800	0.000000	-1.463897	-1.463897	0.000000
9.648638	552.826261	0.000000	-1.458866	-1.458866	0.000000
9.658700	553.402722	0.000000	-1.453836	-1.453836	0.000000
9.668761	553.979183	0.000000	-1.448805	-1.448805	0.000000
9.678822	554.555645	0.000000	-1.443774	-1.443774	0.000000
9.688883	555.132106	0.000000	-1.438744	-1.438744	0.000000
9.698944	555.708567	0.000000	-1.433713	-1.433713	0.000000
9.709005	556.285028	0.000000	-1.428683	-1.428683	0.000000
9.719066	556.861489	0.000000	-1.423652	-1.423652	0.000000
9.729128	557.437950	0.000000	-1.418622	-1.418622	0.000000
9.739189	558.014412	0.000000	-1.413591	-1.413591	0.000000
9.749250	558.590873	0.000000	-1.408560	-1.408560	0.000000
9.759311	559.167334	0.000000	-1.403530	-1.403530	0.000000
9.769372	559.743795	0.000000	-1.398499	-1.398499	0.000000
9.779433	560.320256	0.000000	-1.393469	-1.393469	0.000000
9.789494	560.896717	0.000000	-1.388438	-1.388438	0.000000
9.799556	561.473179	0.000000	-1.383407	-1.383407	0.000000
9.809617	562.049640	0.000000	-1.378377	-1.378377	0.000000
9.819678	562.626101	0.000000	-1.373346	-1.373346	0.000000
9.829739	563.202562	0.000000	-1.368316	-1.368316	0.000000
9.839800	563.779023	0.000000	-1.363285	-1.363285	0.000000
9.849861	564.355484	0.000000	-1.358255	-1.358255	0.000000
9.859922	564.931946	0.000000	-1.353224	-1.353224	0.000000
9.869984	565.508407	0.000000	-1.348193	-1.348193	0.000000
9.880045	566.084868	0.000000	-1.343163	-1.343163	0.000000
9.890106	566.661329	0.000000	-1.338132	-1.338132	0.000000
9.900167	567.237790	0.000000	-1.333102	-1.333102	0.000000
9.910228	567.814251	0.000000	-1.328071	-1.328071	0.000000
9.920289	568.390713	0.000000	-1.323041	-1.323041	0.000000
9.930351	568.967174	0.000000	-1.318010	-1.318010	0.000000
9.940412	569.543635	0.000000	-1.312979	-1.312979	0.000000
9.950473	570.120096	0.000000	-1.307949	-1.307949	0.000000
9.960534	570.696557	0.000000	-1.302918	-1.302918	0.000000
9.970595	571.273018	0.000000	-1.297888	-1.297888	0.000000
9.980656	571.849480	0.000000	-1.292857	-1.292857	0.000000
9.990717	572.425941	0.000000	-1.287827	-1.287827	0.000000
10.000779	573.002402	0.000000	-1.282796	-1.282796	0.000000
10.010840	573.578863	0.000000	-1.277765	-1.277765	0.000000
10.020901	574.155324	0.000000	-1.272735	-1.272735	0.000000
10.030962	574.731785	0.000000	-1.267704	-1.267704	0.000000
10.041023	575.308247	0.000000	-1.262674	-1.262674	0.000000
10.051084	575.884708	0.000000	-1.257643	-1.257643	0.000000
10.061145	576.461169	0.000000	-1.252613	-1.252613	0.000000
10.071207	577.037630	0.000000	-1.247582	-1.247582	0.000000
10.081268	577.614091	0.000000	-1.242551	-1.242551	0.000000
10.091329	578.190552	0.000000	-1.237521	-1.237521	0.000000
10.101390	578.767014	0.000000	-1.232490	-1.232490	0.000000
10.111451	579.343475	0.000000	-1.227460	-1.227460	0.000000
10.121512	579.919936	0.000000	-1.222429	-1.222429	0.000000
10.131573	580.496397	0.000000	-1.217399	-1.217399	0.000000
10.141635	581.072858	0.000000	-1.212368	-1.212368	0.000000
10.151696	581.649319	0.000000	-1.207337	-1.207337	0.000000
10.161757	582.225781	0.000000	-1.202307	-1.202307	0.000000
10.171818	582.802242	0.000000	-1.197276	-1.197276	0.000000
10.181879	583.378703	0.000000	-1.192246	-1.192246	0.000000
10.191940	583.955164	0.000000	-1.187215	-1.187215	0.000000
10.202001	584.531625	0.000000	-1.182185	-1.182185	0.000000
10.212063	585.108086	0.000000	-1.177154	-1.177154	0.000000
10.222124	585.684548	0.000000	-1.172123	-1.172123	0.000000
10.232185	586.261009	0.000000	-1.167093	-1.167093	0.000000
10.242246	586.837470	0.000000	-1.162062	-1.162062	0.000000
10.252307	587.413931	0.000000	-1.157032	-1.157032	0.000000
10.262368	587.990392	0.000000	-1.152001	-1.152001	0.000000
10.272429	588.566853	0.000000	-1.146971	-1.146971	0.000000
10.282491	589.143315	0.000000	-1.141940	-1.141940	0.000000
10.292552	589.719776	0.000000	-1.136909	-1.136909	0.000000
10.302613	590.296237	0.000000	-1.131879	-1.131879	0.000000
10.312674	590.872698	0.000000	-1.126848	-1.126848	0.000000
10.322735	591.449159	0.000000	-1.121818	-1.121818	0.000000
10.332796	592.025620	0.000000	-1.116787	-1.116787	0.000000
10.342857	592.602082	0.000000	-1.111757	-1.111757	0.000000
10.352919	593.178543	0.000000	-1.106726	-1.106726	0.000000
10.362980	593.755004	0.000000	-1.101695	-1.101695	0.000000
10.373041	594.331465	0.000000	-1.096665	-1.096665	0.000000
10.383102	594.907926	0.000000	-1.091634	-1.091634	0.000000
10.393163	595.484388	0.000000	-1.086604	-1.086604	0.000000
10.403224	596.060849	0.000000	-1.081573	-1.081573	0.000000
10.413285	596.637310	0.000000	-1.076543	-1.076543	0.000000
10.423347	597.213771	0.000000	-1.071512	-1.071512	0.000000
10.433408	597.790232	0.000000	-1.066481	-1.066481	0.000000
10.443469	598.366693	0.000000	-1.061451	-1.061451	0.000000
10.453530	598.943155	0.000000	-1.056420	-1.056420	0.000000
10.463591	599.519616	0.000000	-1.051390	-1.051390	0.000000
10.473652	600.096077	0.000000	-1.046359	-1.046359	0.000000
10.483714	600.672538	0.000000	-1.041329	-1.041329	0.000000
10.493775	601.248999	0.000000	-1.036298	-1.036298	0.000000
10.503836	601.825460	0.000000	-1.031267	-1.031267	0.000000
10.513897	602.401922	0.000000	-1.026237	-1.026237	0.000000
10.523958	602.978383	0.000000	-1.021206	-1.021206	0.000000
10.534019	603.554844	0.000000	-1.016176	-1.016176	0.000000
10.544080	604.131305	0.000000	-1.011145	-1.011145	0.000000
10.554142	604.707766	0.000000	-1.006115	-1.006115	0.000000
10.564203	605.284227	0.000000	-1.001084	-1.001084	0.000000
10.574264	605.860689	0.000000	-0.996053	-0.996053	0.000000
10.584325	606.437150	0.000000	-0.991023	-0.991023	0.000000
10.594386	607.013611	0.000000	-0.985992	-0.985992	0.000000
10.604447	607.590072	0.000000	-0.980962	-0.980962	0.000000
10.614508	608.166533	0.000000	-0.975931	-0.975931	0.000000
10.624570	608.742994	0.000000	-0.970901	-0.970901	0.000000
10.634631	609.319456	0.000000	-0.965870	-0.965870	0.000000
10.644692	609.895917	0.000000	-0.960839	-0.960839	0.000000
10.654753	610.472378	0.000000	-0.955809	-0.955809	0.000000
10.664814	611.048839	0.000000	-0.950778	-0.950778	0.000000
10.674875	611.625300	0.000000	-0.945748	-0.945748	0.000000
10.684936	612.201761	0.000000	-0.940717	-0.940717	0.000000
10.694998	612.778223	0.000000	-0.935687	-0.935687	0.000000
10.705059	613.354684	0.000000	-0.930656	-0.930656	0.000000
10.715120	613.931145	0.000000	-0.925625	-0.925625	0.000000
10.725181	614.507606	0.000000	-0.920595	-0.920595	0.000000
10.735242	615.084067	0.000000	-0.915564	-0.915564	0.000000
10.745303	615.660528	0.000000	-0.910534	-0.910534	0.000000
10.755364	616.236990	0.000000	-0.905503	-0.905503	0.000000
10.765426	616.813451	0.000000	-0.900473	-0.900473	0.000000
10.775487	617.389912	0.000000	-0.895442	-0.895442	0.000000
10.785548	617.966373	0.000000	-0.890411	-0.890411	0.000000
10.795609	618.542834	0.000000	-0.885381	-0.885381	0.000000
10.805670	619.119295	0.000000	-0.880350	-0.880350	0.000000
10.815731	619.695757	0.000000	-0.875320	-0.875320	0.000000
10.825792	620.272218	0.000000	-0.870289	-0.870289	0.000000
10.835854	620.848679	0.000000	-0.865259	-0.865259	0.000000
10.845915	621.425140	0.000000	-0.860228	-0.860228	0.000000
10.855976	622.001601	0.000000	-0.855197	-0.855197	0.000000
10.866037	622.578062	0.000000	-0.850167	-0.850167	0.000000
10.876098	623.154524	0.000000	-0.845136	-0.845136	0.000000
10.886159	623.730985	0.000000	-0.840106	-0.840106	0.000000
10.896220	624.307446	0.000000	-0.835075	-0.835075	0.000000
10.906282	624.883907	0.000000	-0.830044	-0.830044	0.000000
10.916343	625.460368	0.000000	-0.825014	-0.825014	0.000000
10.926404	626.036829	0.000000	-0.819983	-0.819983	0.000000
10.936465	626.613291	0.000000	-0.814953	-0.814953	0.000000
10.946526	627.189752	0.000000	-0.809922	-0.809922	0.000000
10.956587	627.766213	0.000000	-0.804892	-0.804892	0.000000
10.966648	628.342674	0.000000	-0.799861	-0.799861	0.000000
10.976710	628.919135	0.000000	-0.794830	-0.794830	0.000000
10.986771	629.495596	0.000000	-0.789800	-0.789800	0.000000
10.996832	630.072058	0.000000	-0.784769	-0.784769	0.000000
11.006893	630.648519	0.000000	-0.779739	-0.779739	0.000000
11.016954	631.224980	0.000000	-0.774708	-0.774708	0.000000
11.027015	631.801441	0.000000	-0.769678	-0.769678	0.000000
11.037077	632.377902	0.000000	-0.764647	-0.764647	0.000000
11.047138	632.954363	0.000000	-0.759616	-0.759616	0.000000
11.057199	633.530825	0.000000	-0.754586	-0.754586	0.000000
11.067260	634.107286	0.000000	-0.749555	-0.749555	0.000000
11.077321	634.683747	0.000000	-0.744525	-0.744525	0.000000
11.087382	635.260208	0.000000	-0.739494	-0.739494	0.000000
11.097443	635.836669	0.000000	-0.734464	-0.734464	0.000000
11.107505	636.413131	0.000000	-0.729433	-0.729433	0.000000
11.117566	636.989592	0.000000	-0.724402	-0.724402	0.000000
11.127627	637.566053	0.000000	-0.719372	-0.719372	0.000000
11.137688	638.142514	0.000000	-0.714341	-0.714341	0.000000
11.147749	638.718975	0.000000	-0.709311	-0.709311	0.000000
11.157810	639.295436	0.000000	-0.704280	-0.704280	0.000000
11.167871	639.871898	0.000000	-0.699250	-0.699250	0.000000
11.177933	640.448359	0.000000	-0.694219	-0.694219	0.000000
11.187994	641.024820	0.000000	-0.689188	-0.689188	0.000000
11.198055	641.601281	0.000000	-0.684158	-0.684158	0.000000
11.208116	642.177742	0.000000	-0.679127	-0.679127	0.000000
11.218177	642.754203	0.000000	-0.674097	-0.674097	0.000000
11.228238	643.330665	0.000000	-0.669066	-0.669066	0.000000
11.238299	643.907126	0.000000	-0.664036	-0.664036	0.000000
11.248361	644.483587	0.000000	-0.659005	-0.659005	0.000000
11.258422	645.060048	0.000000	-0.653974	-0.653974	0.000000
11.268483	645.636509	0.000000	-0.648944	-0.648944	0.000000
11.278544	646.212970	0.000000	-0.643913	-0.643913	0.000000
11.288605	646.789432	0.000000	-0.638883	-0.638883	0.000000
11.298666	647.365893	0.000000	-0.633852	-0.633852	0.000000
11.308727	647.942354	0.000000	-0.628822	-0.628822	0.000000
11.318789	648.518815	0.000000	-0.623791	-0.623791	0.000000
11.328850	649.095276	0.000000	-0.618760	-0.618760	0.000000
11.338911	649.671737	0.000000	-0.613730	-0.613730	0.000000
11.348972	650.248199	0.000000	-0.608699	-0.608699	0.000000
11.359033	650.824660	0.000000	-0.603669	-0.603669	0.000000
11.369094	651.401121	0.000000	-0.598638	-0.598638	0.000000
11.379155	651.977582	0.000000	-0.593608	-0.593608	0.000000
11.389217	652.554043	0.000000	-0.588577	-0.588577	0.000000
11.399278	653.130504	0.000000	-0.583546	-0.583546	0.000000
11.409339	653.706966	0.000000	-0.578516	-0.578516	0.000000
11.419400	654.283427	0.000000	-0.573485	-0.573485	0.000000
11.429461	654.859888	0.000000	-0.568455	-0.568455	0.000000
11.439522	655.436349	0.000000	-0.563424	-0.563424	0.000000
11.449583	656.012810	0.000000	-0.558394	-0.558394	0.000000
11.459645	656.589271	0.000000	-0.553363	-0.553363	0.000000
11.469706	657.165733	0.000000	-0.548332	-0.548332	0.000000
11.479767	657.742194	0.000000	-0.543302	-0.543302	0.000000
11.489828	658.318655	0.000000	-0.538271	-0.538271	0.000000
11.499889	658.895116	0.000000	-0.533241	-0.533241	0.000000
11.509950	659.471577	0.000000	-0.528210	-0.528210	0.000000
11.520011	660.048038	0.000000	-0.523180	-0.523180	0.000000
11.530073	660.624500	0.000000	-0.518149	-0.518149	0.000000
11.540134	661.200961	0.000000	-0.513118	-0.513118	0.000000
11.550195	661.777422	0.000000	-0.508088	-0.508088	0.000000
11.560256	662.353883	0.000000	-0.503057	-0.503057	0.000000
11.570317	662.930344	0.000000	-0.498027	-0.498027	0.000000
11.580378	663.506805	0.000000	-0.492996	-0.492996	0.000000
11.590440	664.083267	0.000000	-0.487966	-0.487966	0.000000
11.600501	664.659728	0.000000	-0.482935	-0.482935	0.000000
11.610562	665.236189	0.000000	-0.477904	-0.477904	0.000000
11.620623	665.812650	0.000000	-0.472874	-0.472874	0.000000
11.630684	666.389111	0.000000	-0.467843	-0.467843	0.000000
11.640745	666.965572	0.000000	-0.462813	-0.462813	0.000000
11.650806	667.542034	0.000000	-0.457782	-0.457782	0.000000
11.660868	668.118495	0.000000	-0.452752	-0.452752	0.000000
11.670929	668.694956	0.000000	-0.447721	-0.447721	0.000000
11.680990	669.271417	0.000000	-0.442690	-0.442690	0.000000
11.691051	669.847878	0.000000	-0.437660	-0.437660	0.000000
11.701112	670.424339	0.000000	-0.432629	-0.432629	0.000000
11.711173	671.000801	0.000000	-0.427599	-0.427599	0.000000
11.721234	671.577262	0.000000	-0.422568	-0.422568	0.000000
11.731296	672.153723	0.000000	-0.417538	-0.417538	0.000000
11.741357	672.730184	0.000000	-0.412507	-0.412507	0.000000
11.751418	673.306645	0.000000	-0.407476	-0.407476	0.000000
11.761479	673.883106	0.000000	-0.402446	-0.402446	0.000000
11.771540	674.459568	0.000000	-0.397415	-0.397415	0.000000
11.781601	675.036029	0.000000	-0.392385	-0.392385	0.000000
11.791662	675.612490	0.000000	-0.387354	-0.387354	0.000000
11.801724	676.188951	0.000000	-0.382324	-0.382324	0.000000
11.811785	676.765412	0.000000	-0.377293	-0.377293	0.000000
11.821846	677.341873	0.000000	-0.372262	-0.372262	0.000000
11.831907	677.918335	0.000000	-0.367232	-0.367232	0.000000
11.841968	678.494796	0.000000	-0.362201	-0.362201	0.000000
11.852029	679.071257	0.000000	-0.357171	-0.357171	0.000000
11.862090	679.647718	0.000000	-0.352140	-0.352140	0.000000
11.872152	680.224179	0.000000	-0.347110	-0.347110	0.000000
11.882213	680.800641	0.000000	-0.342079	-0.342079	0.000000
11.892274	681.377102	0.000000	-0.337048	-0.337048	0.000000
11.902335	681.953563	0.000000	-0.332018	-0.332018	0.000000
11.912396	682.530024	0.000000	-0.326987	-0.326987	0.000000
11.922457	683.106485	0.000000	-0.321957	-0.321957	0.000000
11.932518	683.682946	0.000000	-0.316926	-0.316926	0.000000
11.942580	684.259408	0.000000	-0.311896	-0.311896	0.000000
11.952641	684.835869	0.000000	-0.306865	-0.306865	0.000000
11.962702	685.412330	0.000000	-0.301834	-0.301834	0.000000
11.972763	685.988791	0.000000	-0.296804	-0.296804	0.000000
11.982824	686.565252	0.000000	-0.291773	-0.291773	0.000000
11.992885	687.141713	0.000000	-0.286743	-0.286743	0.000000
12.002946	687.718175	0.000000	-0.281712	-0.281712	0.000000
12.013008	688.294636	0.000000	-0.276681	-0.276681	0.000000
12.023069	688.871097	0.000000	-0.271651	-0.271651	0.000000
12.033130	689.447558	0.000000	-0.266620	-0.266620	0.000000
12.043191	690.024019	0.000000	-0.261590	-0.261590	0.000000
12.053252	690.600480	0.000000	-0.256559	-0.256559	0.000000
12.063313	691.176942	0.000000	-0.251529	-0.251529	0.000000
12.073374	691.753403	0.000000	-0.246498	-0.246498	0.000000
12.083436	692.329864	0.000000	-0.241467	-0.241467	0.000000
12.093497	692.906325	0.000000	-0.236437	-0.236437	0.000000
12.103558	693.482786	0.000000	-0.231406	-0.231406	0.000000
12.113619	694.059247	0.000000	-0.226376	-0.226376	0.000000
12.123680	694.635709	0.000000	-0.221345	-0.221345	0.000000
12.133741	695.212170	0.000000	-0.216315	-0.216315	0.000000
12.143803	695.788631	0.000000	-0.211284	-0.211284	0.000000
12.153864	696.365092	0.000000	-0.206253	-0.206253	0.000000
12.163925	696.941553	0.000000	-0.201223	-0.201223	0.000000
12.173986	697.518014	0.000000	-0.196192	-0.196192	0.000000
12.184047	698.094476	0.000000	-0.191162	-0.191162	0.000000
12.194108	698.670937	0.000000	-0.186131	-0.186131	0.000000
12.204169	699.247398	0.000000	-0.181101	-0.181101	0.000000
12.214231	699.823859	0.000000	-0.176070	-0.176070	0.000000
12.224292	700.400320	0.000000	-0.171039	-0.171039	0.000000
12.234353	700.976781	0.000000	-0.166009	-0.166009	0.000000
12.244414	701.553243	0.000000	-0.160978	-0.160978	0.000000
12.254475	702.129704	0.000000	-0.155948	-0.155948	0.000000
12.264536	702.706165	0.000000	-0.150917	-0.150917	0.000000
12.274597	703.282626	0.000000	-0.145887	-0.145887	0.000000
12.284659	703.859087	0.000000	-0.140856	-0.140856	0.000000
12.294720	704.435548	0.000000	-0.135825	-0.135825	0.000000
12.304781	705.012010	0.000000	-0.130795	-0.130795	0.000000
12.314842	705.588471	0.000000	-0.125764	-0.125764	0.000000
12.324903	706.164932	0.000000	-0.120734	-0.120734	0.000000
12.334964	706.741393	0.000000	-0.115703	-0.115703	0.000000
12.345025	707.317854	0.000000	-0.110673	-0.110673	0.000000
12.355087	707.894315	0.000000	-0.105642	-0.105642	0.000000
12.365148	708.470777	0.000000	-0.100611	-0.100611	0.000000
12.375209	709.047238	0.000000	-0.095581	-0.095581	0.000000
12.385270	709.623699	0.000000	-0.090550	-0.090550	0.000000
12.395331	710.200160	0.000000	-0.085520	-0.085520	0.000000
12.405392	710.776621	0.000000	-0.080489	-0.080489	0.000000
12.415453	711.353082	0.000000	-0.075459	-0.075459	0.000000
12.425515	711.929544	0.000000	-0.070428	-0.070428	0.000000
12.435576	712.506005	0.000000	-0.065397	-0.065397	0.000000
12.445637	713.082466	0.000000	-0.060367	-0.060367	0.000000
12.455698	713.658927	0.000000	-0.055336	-0.055336	0.000000
12.465759	714.235388	0.000000	-0.050306	-0.050306	0.000000
12.475820	714.811849	0.000000	-0.045275	-0.045275	0.000000
12.485881	715.388311	0.000000	-0.040245	-0.040245	0.000000
12.495943	715.964772	0.000000	-0.035214	-0.035214	0.000000
12.506004	716.541233	0.000000	-0.030183	-0.030183	0.000000
12.516065	717.117694	0.000000	-0.025153	-0.025153	0.000000
12.526126	717.694155	0.000000	-0.020122	-0.020122	0.000000
12.536187	718.270616	0.000000	-0.015092	-0.015092	0.000000
12.546248	718.847078	0.000000	-0.010061	-0.010061	0.000000
12.556309	719.423539	0.000000	-0.005031	-0.005031	0.000000
12.566371	720.000000	0.000000	-0.000000	-0.000000	0.000000
